# Solution for ../instances-HHCRSP/InstanzVNS_HCSRP_300_4.txt
# Cost = 1622.99 Dist = 4830.4 Tard = 31.9445 TMax = 6.63677
# <vehicle> <route length>
# <origin node> <dest node> <vehicle> <service type>
0 15
0 90 0 1
90 71 0 1
71 278 0 1
278 54 0 0
54 173 0 1
173 253 0 1
253 295 0 0
295 81 0 1
81 181 0 0
181 165 0 0
165 294 0 0
294 17 0 1
17 167 0 1
167 95 0 1
95 0 0 0
1 10
0 285 1 0
285 186 1 0
186 69 1 0
69 263 1 0
263 50 1 0
50 280 1 0
280 162 1 0
162 102 1 0
102 63 1 0
63 0 1 0
2 12
0 40 2 1
40 139 2 1
139 55 2 1
55 191 2 1
191 262 2 0
262 62 2 0
62 192 2 1
192 41 2 0
41 64 2 0
64 256 2 1
256 276 2 1
276 0 2 0
3 17
0 287 3 2
287 13 3 2
13 20 3 0
20 271 3 2
271 254 3 1
254 264 3 2
264 158 3 2
158 25 3 1
25 76 3 2
76 184 3 2
184 176 3 2
176 135 3 1
135 282 3 2
282 265 3 0
265 36 3 1
36 9 3 0
9 0 3 0
4 12
0 261 4 2
261 251 4 2
251 279 4 0
279 183 4 2
183 290 4 0
290 277 4 2
277 288 4 0
288 87 4 2
87 258 4 2
258 34 4 2
34 292 4 0
292 0 4 0
5 15
0 270 5 1
270 273 5 2
273 174 5 1
174 289 5 2
289 163 5 1
163 197 5 2
197 88 5 2
88 123 5 2
123 269 5 1
269 72 5 2
72 125 5 2
125 12 5 2
12 89 5 2
89 99 5 1
99 0 5 0
6 10
0 144 6 2
144 275 6 2
275 39 6 0
39 113 6 2
113 44 6 0
44 18 6 0
18 100 6 0
100 140 6 1
140 65 6 1
65 0 6 0
7 8
0 283 7 2
283 122 7 2
122 15 7 2
15 284 7 2
284 185 7 2
185 98 7 2
98 112 7 2
112 0 7 0
8 8
0 77 8 1
77 92 8 1
92 84 8 2
84 137 8 1
137 255 8 2
255 148 8 2
148 286 8 1
286 0 8 0
9 2
0 195 9 2
195 0 9 0
10 14
0 160 10 1
160 51 10 2
51 168 10 1
168 166 10 2
166 257 10 2
257 155 10 1
155 94 10 1
94 268 10 1
268 24 10 1
24 132 10 1
132 146 10 1
146 252 10 1
252 86 10 2
86 0 10 0
11 8
0 300 11 0
300 266 11 0
266 105 11 0
105 121 11 0
121 85 11 0
85 178 11 0
178 291 11 0
291 0 11 0
12 9
0 170 12 0
170 106 12 2
106 108 12 0
108 298 12 0
298 47 12 2
47 152 12 2
152 14 12 2
14 296 12 0
296 0 12 0
13 12
0 259 13 1
259 1 13 2
1 128 13 2
128 260 13 0
260 297 13 2
297 281 13 2
281 299 13 2
299 56 13 2
56 142 13 1
142 11 13 2
11 111 13 1
111 0 13 0
14 7
0 293 14 0
293 33 14 0
33 149 14 0
149 16 14 0
16 127 14 0
127 120 14 0
120 0 14 0
15 1
0 0 15 0
16 8
0 7 16 1
7 267 16 1
267 272 16 1
272 274 16 1
274 10 16 1
10 109 16 1
109 193 16 1
193 0 16 0
17 3
0 157 17 0
157 130 17 0
130 0 17 0
18 19
0 231 18 4
231 202 18 4
202 285 18 3
285 58 18 3
58 246 18 4
246 131 18 4
131 245 18 3
245 153 18 4
153 201 18 4
201 241 18 3
241 232 18 4
232 80 18 5
80 101 18 4
101 247 18 3
247 233 18 4
233 172 18 3
172 234 18 3
234 141 18 4
141 0 18 0
19 12
0 231 19 5
231 202 19 5
202 275 19 5
275 246 19 5
246 263 19 5
263 204 19 5
204 46 19 4
46 21 19 5
21 53 19 5
53 207 19 5
207 296 19 4
296 0 19 0
20 13
0 49 20 4
49 238 20 3
238 32 20 3
32 226 20 3
226 83 20 5
83 31 20 4
31 196 20 5
196 134 20 3
134 209 20 3
209 211 20 4
211 288 20 3
288 292 20 4
292 0 20 0
21 12
0 238 21 5
238 261 21 4
261 251 21 5
251 226 21 5
226 60 21 4
60 262 21 5
262 214 21 4
214 61 21 4
61 220 21 5
220 249 21 5
249 294 21 4
294 0 21 0
22 16
0 287 22 3
287 116 22 3
116 213 22 3
213 278 22 3
278 6 22 3
6 126 22 4
126 227 22 3
227 210 22 3
210 175 22 4
175 124 22 5
124 22 22 5
22 4 22 4
4 151 22 5
151 91 22 5
91 26 22 3
26 0 22 0
23 14
0 59 23 4
59 30 23 5
30 245 23 5
245 201 23 5
201 241 23 4
241 232 23 5
232 187 23 3
187 19 23 4
19 205 23 4
205 5 23 3
5 29 23 5
29 224 23 3
224 182 23 3
182 0 23 0
24 14
0 213 24 5
213 271 24 3
271 254 24 5
254 216 24 4
216 264 24 4
264 227 24 4
227 210 24 5
210 219 24 4
219 217 24 3
217 110 24 5
110 250 24 3
250 265 24 4
265 136 24 3
136 0 24 0
25 19
0 161 25 5
161 228 25 3
228 244 25 3
244 23 25 4
23 212 25 3
212 259 25 5
259 239 25 3
239 243 25 3
243 237 25 4
237 235 25 4
235 260 25 4
260 96 25 3
96 223 25 3
223 240 25 3
240 3 25 3
3 225 25 3
225 236 25 3
236 208 25 4
208 0 25 0
26 19
0 203 26 4
203 279 26 3
279 177 26 4
177 190 26 3
190 198 26 4
198 114 26 5
114 194 26 4
194 119 26 3
119 290 26 5
290 171 26 4
171 277 26 5
277 35 26 3
35 150 26 4
150 258 26 3
258 118 26 3
118 225 26 5
225 236 26 4
236 208 26 5
208 0 26 0
27 12
0 203 27 5
203 270 27 5
270 273 27 4
273 289 27 3
289 269 27 4
269 156 27 3
156 219 27 5
219 217 27 5
217 159 27 3
159 250 27 4
250 57 27 4
57 0 27 0
28 12
0 248 28 4
248 164 28 3
164 189 28 5
189 298 28 3
298 133 28 3
133 268 28 5
268 8 28 4
8 138 28 4
138 207 28 3
207 154 28 3
154 2 28 4
2 0 28 0
29 10
0 248 29 5
248 216 29 5
216 68 29 3
68 73 29 3
73 220 29 3
220 249 29 3
249 218 29 4
218 222 29 4
222 291 29 5
291 0 29 0
30 16
0 228 30 5
228 244 30 4
244 212 30 4
212 239 30 5
239 243 30 4
243 237 30 5
237 235 30 5
235 297 30 5
297 281 30 5
281 299 30 3
299 104 30 4
104 223 30 5
223 240 30 5
240 256 30 5
256 276 30 3
276 0 30 0
31 11
0 215 31 3
215 283 31 5
283 38 31 5
38 48 31 5
48 284 31 5
284 43 31 5
43 188 31 4
188 255 31 5
255 286 31 3
286 224 31 5
224 0 31 0
32 10
0 206 32 3
206 230 32 3
230 300 32 3
300 266 32 5
266 179 32 3
179 45 32 3
45 143 32 5
143 129 32 5
129 78 32 3
78 0 32 0
33 8
0 215 33 4
215 242 33 3
242 107 33 3
107 267 33 3
267 272 33 4
272 229 33 4
229 221 33 4
221 0 33 0
34 10
0 206 34 5
206 230 34 5
230 66 34 3
66 74 34 5
74 214 34 3
214 117 34 3
117 169 34 5
169 218 34 5
218 222 34 5
222 0 34 0
35 11
0 97 35 4
97 52 35 5
52 42 35 4
42 82 35 3
82 204 35 3
204 180 35 3
180 257 35 3
257 205 35 5
205 280 35 5
280 252 35 4
252 0 35 0
36 8
0 28 36 3
28 103 36 4
103 147 36 5
147 209 36 4
209 211 36 5
211 229 36 5
229 221 36 5
221 0 36 0
37 12
0 27 37 3
27 115 37 4
115 253 37 3
253 295 37 5
295 93 37 4
93 199 37 5
199 70 37 5
70 282 37 3
282 37 37 4
37 79 37 4
79 67 37 3
67 0 37 0
38 8
0 145 38 4
145 242 38 4
242 293 38 5
293 274 38 5
274 75 38 3
75 233 38 5
233 234 38 4
234 0 38 0
39 3
0 247 39 4
247 200 39 4
200 0 39 0
