# Solution for ../instances-HHCRSP/InstanzCPLEX_HCSRP_25_10.txt
# Cost = 469.584 Dist = 1349.95 Tard = 31.0494 TMax = 27.7521
# <vehicle> <route length>
# <origin node> <dest node> <vehicle> <service type>
0 5
0 2 0 0
2 4 0 0
4 16 0 0
16 14 0 0
14 0 0 0
1 7
0 22 1 2
22 7 1 1
7 11 1 1
11 24 1 1
24 23 1 1
23 25 1 1
25 0 1 0
2 11
0 20 2 4
20 12 2 5
12 15 2 3
15 18 2 4
18 17 2 4
17 19 2 3
19 9 2 3
9 21 2 3
21 1 2 3
1 10 2 4
10 0 2 0
3 7
0 20 3 5
20 5 3 4
5 18 3 5
18 24 3 3
24 19 3 4
19 25 3 5
25 0 3 0
4 8
0 22 4 4
22 3 4 3
3 8 4 4
8 6 4 4
6 23 4 4
23 21 4 5
21 13 4 3
13 0 4 0
