# Solution for ../instances-HHCRSP/InstanzVNS_HCSRP_300_4.txt
# Cost = 1637.06 Dist = 4897.99 Tard = 7.29789 TMax = 5.8923
# <vehicle> <route length>
# <origin node> <dest node> <vehicle> <service type>
0 14
0 266 0 0
266 300 0 0
300 105 0 0
105 163 0 1
163 20 0 0
20 278 0 1
278 108 0 0
108 24 0 1
24 268 0 1
268 132 0 1
132 146 0 1
146 296 0 0
296 65 0 1
65 0 0 0
1 7
0 130 1 0
130 157 1 0
157 293 1 0
293 127 1 0
127 63 1 0
63 120 1 0
120 0 1 0
2 12
0 160 2 1
160 168 2 1
168 94 2 1
94 155 2 1
155 298 2 0
298 173 2 1
173 295 2 0
295 165 2 0
165 294 2 0
294 265 2 0
265 36 2 1
36 0 2 0
3 19
0 275 3 2
275 39 3 0
39 186 3 0
186 69 3 0
69 285 3 0
285 263 3 0
263 50 3 0
50 84 3 2
84 257 3 2
257 44 3 0
44 113 3 2
113 140 3 1
140 162 3 0
162 137 3 1
137 286 3 1
286 255 3 2
255 102 3 0
102 252 3 1
252 0 3 0
4 10
0 261 4 2
261 251 4 2
251 262 4 0
262 85 4 0
85 121 4 0
121 56 4 2
56 89 4 2
89 178 4 0
178 291 4 0
291 0 4 0
5 13
0 287 5 2
287 71 5 1
71 13 5 2
13 271 5 2
271 254 5 1
254 158 5 2
158 264 5 2
264 25 5 1
25 76 5 2
76 184 5 2
184 81 5 1
81 195 5 2
195 0 5 0
6 15
0 40 6 1
40 90 6 1
90 139 6 1
139 183 6 2
183 279 6 0
279 191 6 1
191 290 6 0
290 277 6 2
277 288 6 0
288 258 6 2
258 34 6 2
34 99 6 1
99 111 6 1
111 142 6 1
142 0 6 0
7 8
0 283 7 2
283 122 7 2
122 15 7 2
15 284 7 2
284 148 7 2
148 185 7 2
185 86 7 2
86 0 7 0
8 10
0 77 8 1
77 144 8 2
144 92 8 1
92 98 8 2
98 112 8 2
112 274 8 1
274 10 8 1
10 109 8 1
109 193 8 1
193 0 8 0
9 6
0 47 9 2
47 51 9 2
51 166 9 2
166 14 9 2
14 152 9 2
152 0 9 0
10 11
0 259 10 1
259 273 10 2
273 174 10 1
174 123 10 2
123 269 10 1
269 72 10 2
72 125 10 2
125 12 10 2
12 135 10 1
135 282 10 2
282 0 10 0
11 7
0 33 11 0
33 149 11 0
149 16 11 0
16 280 11 0
280 100 11 0
100 18 11 0
18 0 11 0
12 8
0 170 12 0
170 106 12 2
106 176 12 2
176 54 12 0
54 181 12 0
181 87 12 2
87 292 12 0
292 0 12 0
13 19
0 55 13 1
55 270 13 1
270 289 13 2
289 197 13 2
197 88 13 2
88 1 13 2
1 128 13 2
128 260 13 0
260 297 13 2
297 281 13 2
281 62 13 0
62 41 13 0
41 299 13 2
299 192 13 1
192 256 13 1
256 64 13 0
64 276 13 1
276 11 13 2
11 0 13 0
14 2
0 9 14 0
9 0 14 0
15 1
0 0 15 0
16 8
0 7 16 1
7 253 16 1
253 267 16 1
267 272 16 1
272 167 16 1
167 17 16 1
17 95 16 1
95 0 16 0
17 1
0 0 17 0
18 12
0 32 18 3
32 266 18 5
266 300 18 3
300 273 18 4
273 143 18 5
143 156 18 3
156 269 18 4
269 129 18 5
129 78 18 3
78 250 18 3
250 136 18 3
136 0 18 0
19 16
0 203 19 4
203 49 19 4
49 261 19 4
261 251 19 5
251 212 19 4
212 237 19 4
237 239 19 5
239 243 19 4
243 260 19 4
260 214 19 4
214 61 19 4
61 169 19 5
169 222 19 4
222 218 19 4
218 291 19 5
291 0 19 0
20 17
0 203 20 5
203 248 20 4
248 287 20 3
287 116 20 3
116 213 20 3
213 271 20 3
271 227 20 3
227 210 20 3
210 264 20 4
264 216 20 4
216 217 20 3
217 219 20 4
219 68 20 3
68 220 20 3
220 249 20 3
249 294 20 4
294 0 20 0
21 14
0 275 21 5
275 246 21 4
246 131 21 4
131 245 21 5
245 201 21 4
201 59 21 4
59 241 21 4
241 232 21 4
232 80 21 5
80 101 21 4
101 234 21 4
234 233 21 4
233 274 21 5
274 0 21 0
22 10
0 248 22 5
248 213 22 5
213 227 22 4
227 210 22 5
210 278 22 3
278 199 22 5
199 175 22 4
175 70 22 5
70 124 22 5
124 0 22 0
23 15
0 82 23 3
82 246 23 5
246 245 23 3
245 201 23 5
201 241 23 3
241 232 23 5
232 187 23 3
187 19 23 4
19 205 23 4
205 29 23 5
29 224 23 3
224 286 23 3
286 255 23 5
255 252 23 4
252 0 23 0
24 16
0 228 24 3
228 244 24 3
244 23 24 4
23 259 24 5
259 212 24 3
212 237 24 5
237 239 24 3
239 243 24 3
243 297 24 5
297 281 24 5
281 104 24 4
104 299 24 3
299 96 24 3
96 208 24 4
208 236 24 3
236 0 24 0
25 19
0 228 25 5
228 244 25 4
244 66 25 3
66 74 25 5
74 238 25 3
238 226 25 3
226 31 25 4
31 279 25 3
279 73 25 3
73 83 25 5
83 171 25 4
171 290 25 5
290 235 25 4
235 223 25 3
223 240 25 3
240 3 25 3
3 225 25 3
225 276 25 3
276 0 25 0
26 13
0 58 26 3
58 202 26 4
202 231 26 4
231 204 26 3
204 52 26 5
52 164 26 3
164 6 26 3
6 126 26 4
126 79 26 4
79 37 26 4
37 67 26 3
67 282 26 3
282 0 26 0
27 16
0 97 27 4
97 42 27 4
42 202 27 5
202 231 27 5
231 204 27 5
204 285 27 3
285 263 27 5
263 257 27 3
257 180 27 3
180 46 27 4
46 21 27 5
21 53 27 5
53 207 27 3
207 296 27 4
296 154 27 3
154 0 27 0
28 13
0 38 28 5
38 30 28 5
30 48 28 5
48 284 28 5
284 43 28 5
43 188 28 4
188 153 28 4
153 5 28 3
5 280 28 5
280 205 28 5
205 224 28 5
224 182 28 3
182 0 28 0
29 9
0 215 29 3
215 283 29 5
283 293 29 5
293 75 29 3
75 234 29 3
234 233 29 5
233 172 29 3
172 141 29 4
141 0 29 0
30 11
0 215 30 4
215 161 30 5
161 242 30 3
242 209 30 4
209 253 30 3
253 93 30 4
93 295 30 5
295 91 30 5
91 26 30 3
26 200 30 4
200 0 30 0
31 16
0 145 31 4
145 147 31 5
147 177 31 4
177 190 31 3
190 198 31 4
198 114 31 5
114 194 31 4
194 119 31 3
119 277 31 5
277 235 31 5
235 223 31 5
223 240 31 5
240 256 31 5
256 208 31 5
208 236 31 4
236 0 31 0
32 11
0 206 32 3
206 230 32 3
230 179 32 3
179 45 32 3
45 214 32 3
214 117 32 3
117 220 32 5
220 249 32 5
249 222 32 5
222 218 32 5
218 0 32 0
33 18
0 206 33 5
206 230 33 5
230 270 33 5
270 289 33 3
289 238 33 5
238 226 33 5
226 60 33 4
60 262 33 5
262 196 33 5
196 134 33 3
134 211 33 4
211 288 33 3
288 258 33 3
258 150 33 4
150 35 33 3
35 118 33 3
118 225 33 5
225 0 33 0
34 7
0 28 34 3
28 209 34 3
209 267 34 3
267 211 34 5
211 229 34 5
229 221 34 5
221 0 34 0
35 7
0 242 35 4
242 107 35 3
107 272 35 4
272 229 35 4
229 221 35 4
221 292 35 4
292 0 35 0
36 11
0 103 36 4
103 254 36 5
254 216 36 5
216 217 36 5
217 219 36 5
219 110 36 5
110 159 36 3
159 57 36 4
57 265 36 4
265 250 36 4
250 0 36 0
37 10
0 27 37 3
27 115 37 4
115 189 37 5
189 298 37 3
298 133 37 3
133 268 37 5
268 8 37 4
8 138 37 4
138 207 37 5
207 0 37 0
38 6
0 247 38 3
247 151 38 5
151 22 38 5
22 4 38 4
4 2 38 4
2 0 38 0
39 2
0 247 39 4
247 0 39 0
