# Solution for ../instances-HHCRSP/InstanzVNS_HCSRP_200_5.txt
# Cost = 1375.38 Dist = 4112.96 Tard = 10.4541 TMax = 2.72042
# <vehicle> <route length>
# <origin node> <dest node> <vehicle> <service type>
0 17
0 172 0 1
172 14 0 0
14 99 0 0
99 46 0 2
46 184 0 1
184 9 0 2
9 17 0 0
17 186 0 2
186 200 0 2
200 69 0 2
69 39 0 1
39 27 0 2
27 97 0 1
97 4 0 2
4 5 0 0
5 189 0 2
189 0 0 0
1 8
0 71 1 1
71 121 1 1
121 18 1 1
18 51 1 1
51 33 1 1
33 86 1 1
86 176 1 1
176 0 1 0
2 9
0 188 2 2
188 180 2 2
180 64 2 2
64 3 2 2
3 198 2 2
198 36 2 2
36 100 2 2
100 32 2 2
32 0 2 0
3 11
0 199 3 0
199 93 3 0
93 23 3 0
23 131 3 0
131 87 3 0
87 177 3 0
177 178 3 0
178 85 3 0
85 88 3 0
88 116 3 0
116 0 3 0
4 12
0 196 4 2
196 174 4 1
174 194 4 1
194 192 4 1
192 76 4 1
76 171 4 2
171 40 4 1
40 187 4 2
187 82 4 1
82 35 4 1
35 24 4 2
24 0 4 0
5 14
0 81 5 1
81 115 5 0
115 182 5 0
182 70 5 0
70 126 5 0
126 74 5 0
74 21 5 0
21 56 5 0
56 102 5 1
102 104 5 0
104 197 5 1
197 75 5 1
75 137 5 0
137 0 5 0
6 8
0 15 6 2
15 195 6 2
195 135 6 2
135 124 6 2
124 117 6 2
117 173 6 2
173 140 6 2
140 0 6 0
7 9
0 179 7 0
179 181 7 0
181 190 7 0
190 191 7 0
191 43 7 0
43 193 7 0
193 114 7 0
114 41 7 0
41 0 7 0
8 11
0 77 8 1
77 34 8 1
34 118 8 1
118 183 8 1
183 91 8 1
91 185 8 1
185 31 8 1
31 119 8 1
119 25 8 1
25 106 8 1
106 0 8 0
9 8
0 175 9 1
175 84 9 1
84 90 9 1
90 30 9 2
30 108 9 2
108 13 9 1
13 96 9 1
96 0 9 0
10 18
0 160 10 3
160 172 10 5
172 163 10 3
163 80 10 5
80 63 10 3
63 183 10 5
183 142 10 3
142 177 10 3
177 149 10 3
149 112 10 5
112 157 10 3
157 158 10 5
158 162 10 5
162 146 10 3
146 61 10 5
61 89 10 3
89 159 10 5
159 0 10 0
11 17
0 160 11 5
160 166 11 3
166 188 11 5
188 133 11 3
133 22 11 5
22 29 11 3
29 198 11 4
198 147 11 4
147 144 11 4
144 134 11 3
134 170 11 3
170 156 11 4
156 105 11 4
105 197 11 4
197 148 11 3
148 176 11 3
176 0 11 0
12 12
0 167 12 3
167 143 12 3
143 195 12 3
195 58 12 4
58 20 12 3
20 8 12 5
8 182 12 4
182 128 12 3
128 193 12 4
193 141 12 4
141 73 12 4
73 0 12 0
13 7
0 167 13 4
167 143 13 5
143 181 13 5
181 175 13 4
175 110 13 5
110 57 13 5
57 0 13 0
14 11
0 166 14 5
166 42 14 5
42 49 14 5
49 60 14 5
60 161 14 4
161 120 14 4
120 171 14 5
171 95 14 4
95 132 14 4
132 145 14 5
145 0 14 0
15 21
0 152 15 4
152 54 15 5
54 199 15 3
199 180 15 3
180 52 15 5
52 130 15 4
130 83 15 4
83 142 15 4
142 53 15 4
53 125 15 4
125 149 15 5
149 157 15 5
157 103 15 4
103 62 15 3
62 151 15 4
151 178 15 4
178 107 15 5
107 187 15 3
187 136 15 5
136 145 15 3
145 0 15 0
16 5
0 152 16 5
152 98 16 3
98 190 16 3
190 191 16 3
191 0 16 0
17 10
0 196 17 4
196 174 17 4
174 194 17 3
194 192 17 4
192 12 17 3
12 161 17 3
161 151 17 5
151 37 17 4
37 173 17 4
173 0 17 0
18 12
0 163 18 5
163 72 18 4
72 155 18 3
155 47 18 4
47 10 18 3
10 168 18 4
168 113 18 3
113 48 18 4
48 7 18 4
7 159 18 4
159 189 18 4
189 0 18 0
19 14
0 78 19 4
78 153 19 3
153 122 19 4
122 165 19 3
165 164 19 3
164 2 19 4
2 66 19 3
66 155 19 4
155 185 19 3
185 158 19 4
158 162 19 3
162 26 19 4
26 150 19 3
150 0 19 0
20 3
0 138 20 5
138 179 20 5
179 0 20 0
21 16
0 153 21 5
153 165 21 4
165 164 21 4
164 11 21 5
11 184 21 4
184 127 21 5
127 186 21 5
186 200 21 3
200 67 21 3
67 168 21 5
168 68 21 5
68 146 21 4
146 123 21 4
123 92 21 3
92 150 21 4
150 0 21 0
22 11
0 154 22 3
154 59 22 3
59 6 22 5
6 139 22 3
139 16 22 4
16 50 22 3
50 19 22 5
19 65 22 4
65 79 22 3
79 141 22 5
141 0 22 0
23 9
0 154 23 5
154 28 23 3
28 45 23 3
45 147 23 5
147 144 23 5
144 170 23 5
170 156 23 5
156 148 23 5
148 0 23 0
24 2
0 44 24 3
44 0 24 0
25 8
0 111 25 4
111 38 25 3
38 55 25 5
55 129 25 3
129 94 25 3
94 109 25 4
109 1 25 5
1 0 25 0
26 2
0 101 26 5
101 0 26 0
27 2
0 169 27 3
169 0 27 0
28 2
0 169 28 5
169 0 28 0
29 1
0 0 29 0
