# Solution for ../instances-HHCRSP/InstanzVNS_HCSRP_300_8.txt
# Cost = 1588.46 Dist = 4765.37 Tard = 0 TMax = 0
# <vehicle> <route length>
# <origin node> <dest node> <vehicle> <service type>
0 10
0 130 0 0
130 274 0 1
274 22 0 1
22 55 0 0
55 107 0 1
107 119 0 0
119 149 0 0
149 300 0 1
300 174 0 0
174 0 0 0
1 15
0 272 1 2
272 197 1 1
197 94 1 0
94 68 1 2
68 282 1 2
282 173 1 0
173 297 1 0
297 78 1 0
78 295 1 1
295 283 1 2
283 90 1 0
90 270 1 0
270 258 1 2
258 129 1 0
129 0 1 0
2 11
0 271 2 0
271 17 2 0
17 21 2 0
21 192 2 2
192 268 2 0
268 74 2 0
74 139 2 0
139 253 2 2
253 264 2 2
264 251 2 0
251 0 2 0
3 3
0 56 3 2
56 256 3 2
256 0 3 0
4 17
0 91 4 2
91 126 4 1
126 57 4 1
57 161 4 1
161 45 4 2
45 117 4 2
117 178 4 1
178 151 4 2
151 58 4 2
58 252 4 1
252 32 4 1
32 279 4 2
279 113 4 2
113 257 4 1
257 77 4 2
77 276 4 1
276 0 4 0
5 14
0 87 5 1
87 293 5 2
293 179 5 2
179 92 5 1
92 102 5 2
102 23 5 2
23 36 5 1
36 159 5 2
159 6 5 2
6 12 5 2
12 115 5 1
115 172 5 1
172 287 5 2
287 0 5 0
6 6
0 11 6 0
11 100 6 0
100 5 6 0
5 16 6 0
16 160 6 0
160 0 6 0
7 6
0 60 7 2
60 170 7 2
170 275 7 2
275 277 7 2
277 93 7 2
93 0 7 0
8 20
0 42 8 0
42 134 8 0
134 286 8 1
286 168 8 1
168 75 8 1
75 132 8 0
132 164 8 2
164 294 8 2
294 44 8 1
44 166 8 1
166 296 8 2
296 167 8 2
167 267 8 1
267 51 8 0
51 48 8 1
48 120 8 0
120 280 8 0
280 72 8 0
72 46 8 2
46 0 8 0
9 14
0 195 9 1
195 33 9 1
33 53 9 1
53 285 9 2
285 266 9 2
266 254 9 1
254 196 9 2
196 262 9 1
262 290 9 1
290 288 9 2
288 187 9 2
187 13 9 2
13 105 9 2
105 0 9 0
10 13
0 10 10 0
10 112 10 0
112 284 10 0
284 135 10 0
135 145 10 0
145 188 10 0
188 291 10 0
291 62 10 0
62 76 10 0
76 269 10 0
269 263 10 0
263 109 10 0
109 0 10 0
11 4
0 260 11 2
260 278 11 2
278 289 11 2
289 0 11 0
12 1
0 0 12 0
13 15
0 281 13 0
281 65 13 0
65 125 13 0
125 40 13 0
40 185 13 1
185 298 13 2
298 186 13 2
186 104 13 2
104 95 13 0
95 273 13 1
273 18 13 1
18 103 13 2
103 127 13 2
127 150 13 2
150 0 13 0
14 11
0 299 14 1
299 54 14 1
54 66 14 1
66 292 14 0
292 156 14 1
156 81 14 0
81 98 14 0
98 259 14 1
259 27 14 1
27 158 14 0
158 0 14 0
15 11
0 110 15 1
110 261 15 1
261 138 15 1
138 131 15 1
131 4 15 1
4 265 15 1
265 73 15 0
73 181 15 1
181 71 15 1
71 255 15 1
255 0 15 0
16 1
0 0 16 0
17 1
0 0 17 0
18 6
0 209 18 4
209 271 18 5
271 84 18 4
84 208 18 3
208 52 18 4
52 0 18 0
19 9
0 209 19 5
209 26 19 3
26 116 19 5
116 14 19 5
14 20 19 3
20 147 19 4
147 226 19 3
226 169 19 4
169 0 19 0
20 14
0 272 20 5
272 221 20 3
221 183 20 4
183 63 20 5
63 190 20 3
190 239 20 5
239 175 20 5
175 295 20 3
295 30 20 5
30 283 20 3
283 214 20 5
214 29 20 3
29 206 20 3
206 0 20 0
21 17
0 232 21 3
232 274 21 5
274 184 21 5
184 216 21 3
216 298 21 3
298 237 21 3
237 83 21 3
83 294 21 3
294 225 21 3
225 234 21 3
234 180 21 4
180 69 21 3
69 228 21 4
228 238 21 4
238 152 21 4
152 229 21 3
229 0 21 0
22 16
0 232 22 4
232 204 22 3
204 211 22 3
211 25 22 5
25 137 22 4
137 194 22 4
194 250 22 4
250 1 22 4
1 201 22 3
201 212 22 3
212 273 22 4
273 122 22 5
122 165 22 5
165 265 22 3
265 229 22 4
229 0 22 0
23 16
0 204 23 4
204 211 23 5
211 193 23 3
193 24 23 4
24 34 23 5
34 237 23 4
237 47 23 4
47 217 23 4
217 266 23 5
266 254 23 4
254 35 23 4
35 153 23 5
153 213 23 4
213 79 23 3
79 210 23 3
210 0 23 0
24 11
0 247 24 3
247 155 24 3
155 50 24 4
50 86 24 4
86 136 24 3
136 106 24 4
106 239 24 3
239 141 24 4
141 270 24 4
270 258 24 4
258 0 24 0
25 20
0 247 25 5
247 222 25 3
222 108 25 3
108 43 25 4
43 231 25 4
231 207 25 3
207 61 25 4
61 182 25 5
182 177 25 3
177 143 25 3
143 252 25 3
252 279 25 5
279 223 25 3
223 28 25 3
28 203 25 3
203 67 25 5
67 257 25 4
257 123 25 4
123 255 25 5
255 0 25 0
26 14
0 163 26 5
163 49 26 5
49 121 26 3
121 64 26 3
64 216 26 4
216 171 26 5
171 227 26 3
227 219 26 4
219 220 26 4
220 262 26 3
262 99 26 5
99 157 26 5
157 88 26 5
88 0 26 0
27 11
0 222 27 4
222 245 27 3
245 233 27 4
233 59 27 3
59 297 27 3
297 142 27 4
142 2 27 4
2 214 27 4
214 146 27 3
146 206 27 4
206 0 27 0
28 14
0 7 28 3
7 286 28 3
286 70 28 5
70 231 28 3
231 207 28 5
207 250 28 3
250 114 28 5
114 291 28 5
291 296 28 3
296 267 28 3
267 228 28 5
228 238 28 3
238 246 28 3
246 0 28 0
29 13
0 281 29 4
281 97 29 4
97 230 29 4
230 205 29 5
205 82 29 4
82 227 29 4
227 219 29 5
219 220 29 5
220 290 29 4
290 288 29 5
288 300 29 4
300 39 29 4
39 0 29 0
30 13
0 199 30 5
199 124 30 3
124 260 30 5
260 292 30 5
292 140 30 5
140 248 30 3
248 243 30 3
243 289 30 3
289 96 30 5
96 191 30 3
191 162 30 3
162 41 30 5
41 0 30 0
31 12
0 241 31 4
241 235 31 4
235 218 31 4
218 202 31 4
202 201 31 5
201 212 31 4
212 3 31 4
3 259 31 5
259 111 31 5
111 213 31 5
213 80 31 5
80 0 31 0
32 14
0 241 32 5
241 235 32 3
235 218 32 3
218 202 32 5
202 128 32 4
128 215 32 4
215 277 32 3
277 37 32 5
37 242 32 4
242 269 32 4
269 263 32 3
263 176 32 5
176 210 32 4
210 0 32 0
33 10
0 221 33 5
221 256 33 5
256 208 33 5
208 9 33 5
9 287 33 3
287 224 33 4
224 144 33 5
144 253 33 5
253 264 33 3
264 0 33 0
34 5
0 249 34 4
249 240 34 4
240 236 34 4
236 261 34 4
261 0 34 0
35 11
0 249 35 3
249 245 35 5
245 233 35 5
233 282 35 5
282 268 35 5
268 19 35 3
19 154 35 5
154 224 35 5
224 85 35 3
85 226 35 5
226 0 35 0
36 13
0 293 36 4
293 284 36 5
284 244 36 3
244 275 36 5
275 215 36 5
215 31 36 5
31 242 36 5
242 38 36 4
38 223 36 4
223 133 36 4
133 203 36 5
203 276 36 5
276 0 36 0
37 6
0 299 37 5
299 278 37 4
278 248 37 4
248 243 37 5
243 198 37 4
198 0 37 0
38 9
0 200 38 3
200 240 38 5
240 236 38 5
236 244 38 5
244 15 38 4
15 101 38 4
101 148 38 4
148 251 38 4
251 0 38 0
39 13
0 189 39 3
189 8 39 5
8 230 39 5
230 205 39 3
205 285 39 4
285 217 39 5
217 118 39 5
118 225 39 5
225 234 39 5
234 89 39 4
89 280 39 4
280 246 39 4
246 0 39 0
