# Solution for ../instances-HHCRSP/InstanzVNS_HCSRP_200_4.txt
# Cost = 1142.85 Dist = 3425.34 Tard = 1.91801 TMax = 1.27882
# <vehicle> <route length>
# <origin node> <dest node> <vehicle> <service type>
0 12
0 183 0 2
183 191 0 2
191 194 0 2
194 88 0 2
88 128 0 2
128 62 0 0
62 171 0 0
171 41 0 0
41 192 0 2
192 200 0 2
200 56 0 2
56 0 0 0
1 18
0 39 1 0
39 16 1 0
16 92 1 1
92 33 1 0
33 130 1 0
130 14 1 2
14 127 1 0
127 98 1 2
98 185 1 2
185 113 1 2
113 188 1 2
188 102 1 0
102 100 1 0
100 140 1 1
140 18 1 0
18 65 1 1
65 120 1 0
120 0 1 0
2 13
0 69 2 0
69 77 2 1
77 50 2 0
50 94 2 1
94 24 2 1
24 44 2 0
44 187 2 1
187 172 2 1
172 63 2 0
63 137 2 1
137 182 2 0
182 109 2 1
109 0 2 0
3 10
0 177 3 1
177 196 3 2
196 190 3 0
190 198 3 2
198 20 3 0
20 89 3 2
89 125 3 2
125 178 3 0
178 111 3 1
111 0 3 0
4 15
0 51 4 2
51 47 4 2
47 54 4 0
54 173 4 1
173 7 4 1
7 108 4 0
108 181 4 0
181 176 4 2
176 76 4 2
76 184 4 0
184 10 4 1
10 132 4 1
132 112 4 2
112 9 4 0
9 0 4 0
5 7
0 122 5 2
122 186 5 2
186 15 5 2
15 180 5 2
180 84 5 2
84 86 5 2
86 0 5 0
6 12
0 105 6 0
105 174 6 0
174 179 6 2
179 1 6 2
1 197 6 2
197 123 6 2
123 72 6 2
72 85 6 0
85 121 6 0
121 64 6 0
64 11 6 2
11 0 6 0
7 7
0 55 7 1
55 71 7 1
71 90 7 1
90 99 7 1
99 135 7 1
135 81 7 1
81 0 7 0
8 10
0 106 8 2
106 13 8 2
13 139 8 1
139 40 8 1
40 87 8 2
87 25 8 1
25 36 8 1
36 17 8 1
17 95 8 1
95 0 8 0
9 8
0 189 9 2
189 175 9 2
175 199 9 2
199 12 9 2
12 34 9 2
34 195 9 2
195 193 9 2
193 0 9 0
10 12
0 183 10 3
183 191 10 3
191 83 10 5
83 143 10 3
143 114 10 5
114 158 10 5
158 156 10 5
156 150 10 3
150 78 10 3
78 118 10 3
118 142 10 3
142 0 10 0
11 15
0 163 11 3
163 49 11 4
49 177 11 5
177 134 11 3
134 196 11 5
196 190 11 4
190 198 11 5
198 35 11 3
35 68 11 3
68 73 11 3
73 156 11 4
156 150 11 4
150 110 11 5
110 159 11 4
159 0 11 0
12 13
0 163 12 5
163 32 12 3
32 66 12 3
66 174 12 3
174 31 12 4
31 147 12 3
147 181 12 5
181 165 12 4
165 199 12 4
199 124 12 5
124 167 12 3
167 136 12 3
136 0 12 0
13 7
0 166 13 3
166 42 13 4
42 155 13 3
155 80 13 5
80 8 13 4
8 2 13 4
2 0 13 0
14 9
0 166 14 4
166 59 14 4
59 149 14 3
149 148 14 3
148 162 14 4
162 29 14 5
29 146 14 3
146 138 14 4
138 0 14 0
15 12
0 145 15 3
145 164 15 3
164 152 15 3
152 173 15 5
173 176 15 4
176 70 15 5
70 26 15 3
26 184 15 3
184 37 15 4
37 154 15 3
154 79 15 4
79 0 15 0
16 8
0 145 16 4
145 164 16 5
164 152 16 4
152 155 16 5
155 27 16 3
27 146 16 5
146 172 16 3
172 0 16 0
17 12
0 160 17 4
160 170 17 5
170 97 17 4
97 157 17 4
157 52 17 5
52 153 17 5
153 19 17 4
19 185 17 5
185 101 17 4
101 4 17 4
4 154 17 4
154 0 17 0
18 13
0 160 18 5
160 170 18 3
170 157 18 5
157 116 18 3
116 126 18 4
126 107 18 3
107 147 18 4
147 165 18 5
165 169 18 3
169 178 18 5
178 57 18 4
57 167 18 5
167 0 18 0
19 12
0 144 19 3
144 48 19 5
48 30 19 5
30 82 19 3
82 43 19 5
43 153 19 3
153 46 19 4
46 5 19 3
5 21 19 5
21 188 19 3
188 53 19 5
53 0 19 0
20 8
0 144 20 5
144 131 20 4
131 58 20 3
58 149 20 5
149 148 20 5
148 162 20 5
162 182 20 3
182 0 20 0
21 13
0 23 21 4
23 143 21 4
143 194 21 4
194 119 21 3
119 117 21 3
117 171 21 4
171 96 21 3
96 104 21 4
104 192 21 5
192 200 21 4
200 129 21 5
129 142 21 4
142 0 21 0
22 4
0 6 22 3
6 158 22 4
158 159 22 5
159 0 22 0
23 5
0 161 23 3
161 103 23 4
103 93 23 4
93 195 23 3
195 0 23 0
24 10
0 161 24 5
161 74 24 5
74 45 24 3
45 179 24 4
179 197 24 5
197 60 24 4
60 61 24 4
61 3 24 3
3 169 24 4
169 0 24 0
25 5
0 168 25 4
168 151 25 4
151 22 25 5
22 193 25 5
193 0 25 0
26 3
0 168 26 5
168 133 26 3
133 0 26 0
27 6
0 38 27 5
38 186 27 5
186 180 27 4
180 187 27 4
187 141 27 4
141 0 27 0
28 4
0 115 28 4
115 75 28 3
75 141 28 3
141 0 28 0
29 7
0 28 29 3
28 189 29 3
189 175 29 3
175 151 29 5
151 91 29 5
91 67 29 3
67 0 29 0
