# Solution for ../instances-HHCRSP/InstanzVNS_HCSRP_200_2.txt
# Cost = 1341.05 Dist = 4016.38 Tard = 3.38141 TMax = 3.38141
# <vehicle> <route length>
# <origin node> <dest node> <vehicle> <service type>
0 11
0 172 0 1
172 132 0 1
132 182 0 0
182 129 0 1
129 138 0 1
138 140 0 1
140 113 0 1
113 106 0 0
106 21 0 0
21 33 0 1
33 0 0 0
1 7
0 59 1 2
59 72 1 2
72 103 1 2
103 41 1 2
41 19 1 2
19 176 1 2
176 0 1 0
2 16
0 61 2 2
61 91 2 0
91 11 2 2
11 26 2 0
26 136 2 2
136 196 2 0
196 2 2 0
2 45 2 0
45 66 2 2
66 34 2 2
34 187 2 2
187 15 2 2
15 10 2 0
10 65 2 2
65 179 2 2
179 0 2 0
3 15
0 9 3 1
9 71 3 1
71 174 3 2
174 171 3 1
171 181 3 1
181 80 3 1
80 183 3 1
183 180 3 2
180 184 3 2
184 12 3 2
12 56 3 1
56 4 3 1
4 42 3 1
42 97 3 2
97 0 3 0
4 4
0 3 4 2
3 175 4 2
175 43 4 2
43 0 4 0
5 11
0 198 5 0
198 14 5 0
14 54 5 1
54 108 5 1
108 173 5 1
173 133 5 1
133 105 5 0
105 188 5 1
188 31 5 1
31 114 5 0
114 0 5 0
6 9
0 39 6 1
39 200 6 1
200 120 6 1
120 92 6 1
92 38 6 1
38 116 6 0
116 185 6 1
185 192 6 0
192 0 6 0
7 5
0 121 7 2
121 90 7 2
90 16 7 2
16 100 7 2
100 0 7 0
8 12
0 46 8 0
46 123 8 1
123 199 8 0
199 83 8 0
83 115 8 0
115 117 8 1
117 191 8 0
191 6 8 0
6 57 8 0
57 128 8 1
128 7 8 0
7 0 8 0
9 19
0 190 9 0
190 177 9 1
177 96 9 1
96 189 9 2
189 186 9 1
186 17 9 1
17 40 9 2
40 193 9 2
193 131 9 1
131 67 9 0
67 44 9 1
44 36 9 2
36 194 9 1
194 197 9 0
197 195 9 1
195 178 9 2
178 32 9 0
32 82 9 1
82 0 9 0
10 12
0 161 10 4
161 172 10 5
172 151 10 4
151 171 10 5
171 181 10 4
181 75 10 5
75 94 10 5
94 158 10 4
158 109 10 5
109 165 10 4
165 148 10 5
148 0 10 0
11 17
0 161 11 3
161 8 11 3
8 77 11 4
77 151 11 3
151 182 11 3
182 49 11 4
49 170 11 4
170 196 11 4
196 124 11 4
124 188 11 4
188 88 11 3
88 155 11 4
155 153 11 4
153 35 11 4
35 149 11 4
149 74 11 4
74 0 11 0
12 21
0 198 12 3
198 146 12 4
146 168 12 4
168 174 12 5
174 145 12 4
145 147 12 3
147 156 12 3
156 144 12 4
144 84 12 4
84 27 12 4
27 68 12 4
68 170 12 5
170 5 12 3
5 134 12 4
134 187 12 3
187 78 12 3
78 153 12 5
153 18 12 3
18 149 12 5
149 176 12 3
176 0 12 0
13 16
0 146 13 5
146 168 13 3
168 145 13 5
145 147 13 5
147 156 13 5
156 144 13 5
144 73 13 3
73 167 13 5
167 160 13 3
160 159 13 3
159 150 13 3
150 55 13 5
55 155 13 3
155 179 13 3
179 79 13 3
79 0 13 0
14 12
0 51 14 5
51 186 14 3
186 119 14 5
119 98 14 4
98 70 14 5
70 194 14 3
194 95 14 3
95 37 14 3
37 197 14 4
197 195 14 4
195 178 14 4
178 0 14 0
15 10
0 157 15 4
157 141 15 4
141 52 15 4
52 163 15 4
163 152 15 4
152 169 15 4
169 166 15 4
166 87 15 4
87 142 15 4
142 0 15 0
16 16
0 50 16 5
50 53 16 4
53 104 16 3
104 1 16 4
1 118 16 4
118 28 16 5
28 13 16 4
13 29 16 3
29 48 16 3
48 158 16 5
158 130 16 3
130 165 16 3
165 148 16 3
148 76 16 3
76 139 16 3
139 0 16 0
17 11
0 137 17 3
137 157 17 5
157 141 17 5
141 163 17 3
163 152 17 5
152 169 17 3
169 164 17 3
164 143 17 3
143 64 17 3
64 142 17 3
142 0 17 0
18 2
0 63 18 4
63 0 18 0
19 6
0 200 19 3
200 60 19 5
60 69 19 4
69 20 19 5
20 192 19 3
192 0 19 0
20 14
0 190 20 3
190 154 20 3
154 110 20 5
110 62 20 4
62 162 20 4
162 193 20 4
193 101 20 3
101 22 20 3
22 183 20 4
183 125 20 4
125 180 20 4
180 47 20 4
47 24 20 4
24 0 20 0
21 8
0 154 21 5
154 162 21 5
162 107 21 4
107 191 21 5
191 99 21 4
99 164 21 5
164 143 21 5
143 0 21 0
22 15
0 173 22 3
173 135 22 5
135 81 22 3
81 167 22 4
167 25 22 4
25 58 22 4
58 122 22 3
122 160 22 5
160 159 22 4
159 111 22 4
111 150 22 5
150 184 22 4
184 85 22 4
85 23 22 5
23 0 22 0
23 12
0 89 23 5
89 177 23 5
177 189 23 3
189 93 23 3
93 199 23 5
199 102 23 3
102 112 23 5
112 175 23 3
175 166 23 5
166 86 23 3
86 185 23 5
185 0 23 0
24 4
0 126 24 5
126 127 24 5
127 30 24 4
30 0 24 0
25 1
0 0 25 0
26 1
0 0 26 0
27 1
0 0 27 0
28 1
0 0 28 0
29 1
0 0 29 0
