# Solution for ../instances-HHCRSP/InstanzCPLEX_HCSRP_75_10.txt
# Cost = 1410 Dist = 2614.18 Tard = 1380.09 TMax = 235.709
# <vehicle> <route length>
# <origin node> <dest node> <vehicle> <service type>
0 18
0 70 0 0
70 73 0 0
73 2 0 0
2 68 0 1
68 4 0 0
4 64 0 0
64 33 0 0
33 16 0 0
16 36 0 1
36 69 0 0
69 67 0 0
67 44 0 0
44 72 0 0
72 71 0 0
71 14 0 0
14 48 0 0
48 47 0 0
47 0 0 0
1 5
0 34 1 2
34 27 1 2
27 43 1 2
43 30 1 2
30 0 1 0
2 5
0 32 2 2
32 24 2 2
24 66 2 2
66 28 2 2
28 0 2 0
3 14
0 50 3 1
50 22 3 1
22 11 3 1
11 7 3 1
7 26 3 1
26 19 3 1
19 40 3 1
40 65 3 1
65 18 3 1
18 35 3 1
35 75 3 1
75 74 3 1
74 42 3 1
42 0 3 0
4 3
0 29 4 2
29 31 4 2
31 0 4 0
5 13
0 57 5 4
57 70 5 3
70 63 5 3
63 39 5 3
39 61 5 3
61 9 5 3
9 64 5 3
64 21 5 5
21 23 5 3
23 1 5 3
1 13 5 3
13 74 5 3
74 0 5 0
6 11
0 57 6 5
57 63 6 4
63 61 6 5
61 68 6 5
68 38 6 4
38 62 6 4
62 52 6 5
52 69 6 4
69 10 6 4
10 59 6 4
59 0 6 0
7 7
0 73 7 5
73 41 7 5
41 46 7 5
46 25 7 5
25 55 7 5
55 66 7 5
66 0 7 0
8 10
0 5 8 4
5 49 8 5
49 15 8 3
15 3 8 3
3 6 8 4
6 8 8 4
8 62 8 3
62 67 8 4
67 59 8 5
59 0 8 0
9 6
0 12 9 5
12 58 9 3
58 65 9 5
65 72 9 5
72 54 9 3
54 0 9 0
10 6
0 20 10 4
20 45 10 4
45 37 10 4
37 56 10 3
56 60 10 4
60 0 10 0
11 3
0 53 11 3
53 71 11 4
71 0 11 0
12 2
0 53 12 5
53 0 12 0
13 6
0 58 13 4
58 56 13 5
56 51 13 5
51 60 13 5
60 54 13 5
54 0 13 0
14 4
0 17 14 4
17 55 14 3
55 75 14 3
75 0 14 0
