# Solution for ../instances-HHCRSP/InstanzCPLEX_HCSRP_50_3.txt
# Cost = 571.395 Dist = 1703.13 Tard = 7.05149 TMax = 4
# <vehicle> <route length>
# <origin node> <dest node> <vehicle> <service type>
0 14
0 44 0 1
44 33 0 0
33 9 0 1
9 35 0 2
35 22 0 0
22 6 0 0
6 45 0 2
45 47 0 0
47 43 0 0
43 17 0 0
17 5 0 0
5 31 0 2
31 3 0 0
3 0 0 0
1 9
0 50 1 0
50 49 1 2
49 1 1 2
1 2 1 2
2 34 1 0
34 29 1 2
29 46 1 0
46 48 1 2
48 0 1 0
2 7
0 23 2 1
23 20 2 1
20 26 2 1
26 4 2 1
4 10 2 1
10 21 2 1
21 0 2 0
3 10
0 44 3 4
44 40 3 3
40 7 3 3
7 45 3 4
45 8 3 4
8 13 3 5
13 18 3 3
18 19 3 4
19 25 3 4
25 0 3 0
4 7
0 28 4 5
28 38 4 5
38 48 4 5
48 39 4 3
39 30 4 5
30 37 4 5
37 0 4 0
5 5
0 50 5 4
50 49 5 4
49 42 5 4
42 16 5 4
16 0 5 0
6 7
0 40 6 4
40 32 6 5
32 12 6 4
12 47 6 5
47 43 6 5
43 11 6 3
11 0 6 0
7 4
0 36 7 5
36 41 7 4
41 14 7 4
14 0 7 0
8 8
0 42 8 3
42 27 8 5
27 24 8 5
24 46 8 4
46 38 8 4
38 39 8 5
39 37 8 4
37 0 8 0
9 4
0 15 9 3
15 36 9 4
36 41 9 3
41 0 9 0
