# Solution for ../instances-HHCRSP/InstanzVNS_HCSRP_100_6.txt
# Cost = 808.408 Dist = 2425.22 Tard = 0 TMax = 0
# <vehicle> <route length>
# <origin node> <dest node> <vehicle> <service type>
0 9
0 93 0 2
93 4 0 0
4 60 0 2
60 13 0 0
13 89 0 0
89 33 0 0
33 2 0 0
2 26 0 0
26 0 0 0
1 3
0 22 1 2
22 30 1 2
30 0 1 0
2 7
0 97 2 1
97 18 2 0
18 66 2 0
66 91 2 1
91 99 2 0
99 98 2 1
98 0 2 0
3 11
0 43 3 1
43 88 3 2
88 51 3 2
51 20 3 2
20 19 3 1
19 23 3 1
23 40 3 2
40 15 3 1
15 87 3 1
87 1 3 1
1 0 3 0
4 7
0 16 4 0
16 86 4 0
86 90 4 2
90 100 4 2
100 92 4 2
92 64 4 2
64 0 4 0
5 6
0 44 5 0
44 31 5 2
31 41 5 0
41 59 5 1
59 96 5 0
96 0 5 0
6 14
0 5 6 1
5 36 6 1
36 25 6 2
25 67 6 2
67 95 6 2
95 3 6 2
3 47 6 2
47 94 6 2
94 61 6 1
61 53 6 1
53 24 6 1
24 12 6 2
12 58 6 1
58 0 6 0
7 7
0 97 7 4
97 27 7 4
27 48 7 4
48 84 7 4
84 73 7 4
73 80 7 4
80 0 7 0
8 8
0 93 8 5
93 65 8 3
65 89 8 3
89 74 8 5
74 94 8 3
94 80 8 3
80 38 8 5
38 0 8 0
9 12
0 37 9 4
37 7 9 5
7 91 9 3
91 78 9 4
78 77 9 3
77 21 9 3
21 9 9 4
9 69 9 3
69 76 9 4
76 79 9 3
79 42 9 4
42 0 9 0
10 11
0 54 10 3
54 88 10 3
88 82 10 3
82 95 10 5
95 52 10 3
52 17 10 5
17 84 10 5
84 73 10 5
73 87 10 5
87 29 10 3
29 0 10 0
11 10
0 82 11 5
82 55 11 4
55 8 11 4
8 62 11 4
62 78 11 5
78 77 11 4
77 32 11 4
32 99 11 5
99 98 11 5
98 0 11 0
12 6
0 86 12 4
86 90 12 3
90 100 12 3
100 85 12 3
85 75 12 4
75 0 12 0
13 10
0 35 13 5
35 11 13 4
11 74 13 4
74 46 13 4
46 71 13 3
71 28 13 5
28 72 13 4
72 76 13 5
76 79 13 5
79 0 13 0
14 5
0 34 14 5
34 71 14 5
71 72 14 5
72 14 14 3
14 0 14 0
15 2
0 81 15 5
81 0 15 0
16 10
0 49 16 4
49 6 16 5
6 45 16 5
45 39 16 5
39 92 16 3
92 63 16 3
63 70 16 3
70 85 16 5
85 75 16 5
75 0 16 0
17 7
0 50 17 3
50 56 17 5
56 83 17 3
83 68 17 5
68 10 17 5
10 96 17 3
96 0 17 0
18 3
0 83 18 4
83 81 18 4
81 0 18 0
19 2
0 57 19 3
57 0 19 0
