# Solution for ../instances-HHCRSP/InstanzVNS_HCSRP_100_9.txt
# Cost = 955.175 Dist = 2847.25 Tard = 13.5781 TMax = 4.69181
# <vehicle> <route length>
# <origin node> <dest node> <vehicle> <service type>
0 13
0 35 0 2
35 50 0 1
50 36 0 2
36 11 0 2
11 100 0 1
100 88 0 2
88 18 0 2
18 86 0 2
86 21 0 1
21 92 0 0
92 45 0 2
45 57 0 2
57 0 0 0
1 4
0 91 1 1
91 10 1 1
10 93 1 1
93 0 1 0
2 5
0 89 2 0
89 33 2 0
33 87 2 0
87 20 2 0
20 0 2 0
3 3
0 32 3 0
32 99 3 0
99 0 3 0
4 9
0 97 4 2
97 16 4 2
16 47 4 2
47 26 4 0
26 61 4 0
61 44 4 2
44 53 4 0
53 60 4 2
60 0 4 0
5 14
0 42 5 2
42 54 5 1
54 64 5 2
64 59 5 2
59 23 5 2
23 43 5 0
43 98 5 2
98 96 5 2
96 58 5 2
58 30 5 1
30 69 5 0
69 28 5 2
28 94 5 0
94 0 5 0
6 11
0 9 6 1
9 27 6 0
27 4 6 1
4 95 6 1
95 8 6 0
8 56 6 0
56 1 6 1
1 90 6 0
90 55 6 0
55 31 6 0
31 0 6 0
7 14
0 66 7 3
66 79 7 3
79 75 7 3
75 67 7 5
67 83 7 3
83 100 7 3
100 77 7 5
77 88 7 5
88 15 7 5
15 78 7 3
78 74 7 5
74 29 7 3
29 40 7 5
40 0 7 0
8 13
0 68 8 4
68 22 8 4
22 79 8 4
79 75 8 4
75 95 8 5
95 12 8 4
12 84 8 4
84 19 8 5
19 72 8 4
72 86 8 5
86 24 8 4
24 92 8 4
92 0 8 0
9 4
0 73 9 3
73 49 9 5
49 85 9 3
85 0 9 0
10 13
0 97 10 4
97 34 10 4
34 89 10 4
89 63 10 4
63 6 10 3
6 83 10 4
83 62 10 3
62 77 10 4
77 70 10 5
70 72 10 3
72 78 10 4
78 74 10 4
74 0 10 0
11 1
0 0 11 0
12 3
0 73 12 5
73 14 12 4
14 0 12 0
13 8
0 81 13 5
81 5 13 5
5 76 13 3
76 17 13 5
17 84 13 5
84 37 13 5
37 80 13 5
80 0 13 0
14 11
0 52 14 4
52 81 14 4
81 2 14 4
2 48 14 5
48 76 14 5
76 87 14 3
87 90 14 5
90 38 14 3
38 80 14 4
80 51 14 4
51 0 14 0
15 9
0 82 15 4
82 71 15 3
71 91 15 3
91 98 15 3
98 39 15 3
39 3 15 4
3 85 15 4
85 13 15 4
13 0 15 0
16 5
0 82 16 5
82 71 16 5
71 7 16 5
7 93 16 4
93 0 16 0
17 1
0 0 17 0
18 3
0 25 18 5
25 99 18 4
99 0 18 0
19 6
0 46 19 5
46 96 19 5
96 41 19 4
41 94 19 5
94 65 19 5
65 0 19 0
