# Solution for ../instances-HHCRSP/InstanzVNS_HCSRP_200_2.txt
# Cost = 1356.72 Dist = 4044.85 Tard = 15.1707 TMax = 10.1309
# <vehicle> <route length>
# <origin node> <dest node> <vehicle> <service type>
0 8
0 200 0 1
200 39 0 1
39 92 0 1
92 38 0 1
38 116 0 0
116 185 0 1
185 192 0 0
192 0 0 0
1 4
0 43 1 2
43 3 1 2
3 175 1 2
175 0 1 0
2 16
0 14 2 0
14 182 2 0
182 11 2 2
11 26 2 0
26 196 2 0
196 136 2 2
136 114 2 0
114 2 2 0
2 45 2 0
45 15 2 2
15 10 2 0
10 176 2 2
176 106 2 0
106 12 2 2
12 21 2 0
21 0 2 0
3 20
0 108 3 1
108 173 3 1
173 172 3 1
172 174 3 2
174 181 3 1
181 171 3 1
171 140 3 1
140 41 3 2
41 103 3 2
103 80 3 1
80 19 3 2
19 113 3 1
113 56 3 1
56 184 3 2
184 4 3 1
4 33 3 1
33 42 3 1
42 97 3 2
97 178 3 2
178 0 3 0
4 7
0 40 4 2
40 193 4 2
193 72 4 2
72 180 4 2
180 36 4 2
36 59 4 2
59 0 4 0
5 9
0 177 5 1
177 198 5 0
198 54 5 1
54 183 5 1
183 133 5 1
133 188 5 1
188 105 5 0
105 195 5 1
195 0 5 0
6 12
0 120 6 1
120 190 6 0
190 17 6 1
17 186 6 1
186 131 6 1
131 67 6 0
67 44 6 1
44 194 6 1
194 197 6 0
197 32 6 0
32 82 6 1
82 0 6 0
7 6
0 189 7 2
189 121 7 2
121 90 7 2
90 16 7 2
16 100 7 2
100 0 7 0
8 13
0 96 8 1
96 46 8 0
46 123 8 1
123 199 8 0
199 83 8 0
83 115 8 0
115 117 8 1
117 191 8 0
191 6 8 0
6 57 8 0
57 128 8 1
128 7 8 0
7 0 8 0
9 14
0 9 9 1
9 71 9 1
71 61 9 2
61 91 9 0
91 132 9 1
132 138 9 1
138 34 9 2
34 66 9 2
66 129 9 1
129 187 9 2
187 31 9 1
31 65 9 2
65 179 9 2
179 0 9 0
10 13
0 146 10 4
146 145 10 4
145 13 10 4
13 147 10 5
147 156 10 5
156 144 10 4
144 188 10 4
188 84 10 4
84 124 10 4
124 149 10 4
149 74 10 4
74 155 10 4
155 0 10 0
11 6
0 200 11 3
200 60 11 5
60 69 11 4
69 20 11 5
20 192 11 3
192 0 11 0
12 16
0 146 12 5
146 173 12 3
173 145 12 5
145 182 12 3
182 170 12 4
170 196 12 4
196 27 12 4
27 68 12 4
68 153 12 4
153 18 12 3
18 35 12 4
35 149 12 5
149 176 12 3
176 155 12 3
155 179 12 3
179 0 12 0
13 15
0 177 13 5
177 162 13 5
162 161 13 3
161 198 13 3
198 135 13 5
135 81 13 3
81 167 13 5
167 88 13 3
88 122 13 3
122 160 13 3
160 159 13 3
159 150 13 3
150 55 13 5
55 79 13 3
79 0 13 0
14 22
0 162 14 4
162 161 14 4
161 8 14 3
8 168 14 3
168 48 14 3
48 94 14 5
94 49 14 4
49 170 14 5
170 151 14 3
151 158 14 4
158 29 14 3
29 160 14 5
160 159 14 4
159 111 14 4
111 150 14 5
150 130 14 3
130 148 14 3
148 184 14 4
184 139 14 3
139 47 14 4
47 24 14 4
24 0 14 0
15 6
0 157 15 4
157 141 15 4
141 163 15 4
163 152 15 4
152 169 15 4
169 0 15 0
16 8
0 93 16 3
93 50 16 5
50 157 16 5
157 175 16 3
175 87 16 4
87 142 16 3
142 166 16 4
166 0 16 0
17 13
0 172 17 5
172 174 17 5
174 147 17 3
147 156 17 3
156 144 17 5
144 73 17 3
73 167 17 4
167 25 17 4
25 58 17 4
58 197 17 4
197 195 17 4
195 178 17 4
178 0 17 0
18 3
0 63 18 4
63 30 18 4
30 0 18 0
19 17
0 137 19 3
137 104 19 3
104 77 19 4
77 168 19 4
168 75 19 5
75 181 19 4
181 171 19 5
171 151 19 4
151 158 19 5
158 109 19 5
109 134 19 4
134 5 19 3
5 153 19 5
153 78 19 3
78 187 19 3
187 165 19 3
165 0 19 0
20 18
0 89 20 5
89 189 20 3
189 154 20 3
154 62 20 4
62 107 20 4
107 193 20 4
193 22 20 3
22 183 20 4
183 125 20 4
125 180 20 4
180 99 20 4
99 191 20 5
191 23 20 5
23 85 20 4
85 101 20 3
101 37 20 3
37 95 20 3
95 0 20 0
21 11
0 154 21 5
154 110 21 5
110 53 21 4
53 199 21 5
199 52 21 4
52 141 21 5
141 164 21 5
164 143 21 5
143 142 21 4
142 166 21 5
166 0 21 0
22 10
0 51 22 5
51 186 22 3
186 119 22 5
119 98 22 4
98 70 22 5
70 194 22 3
194 169 22 3
169 112 22 5
112 185 22 5
185 0 22 0
23 11
0 126 23 5
126 127 23 5
127 190 23 3
190 163 23 3
163 152 23 5
152 164 23 3
164 102 23 3
102 143 23 3
143 64 23 3
64 86 23 3
86 0 23 0
24 7
0 1 24 4
1 118 24 4
118 28 24 5
28 148 24 5
148 76 24 3
76 165 24 4
165 0 24 0
25 1
0 0 25 0
26 1
0 0 26 0
27 1
0 0 27 0
28 1
0 0 28 0
29 1
0 0 29 0
