# Solution for ../instances-HHCRSP/InstanzVNS_HCSRP_200_8.txt
# Cost = 1152.8 Dist = 3455.06 Tard = 2.29392 TMax = 1.05986
# <vehicle> <route length>
# <origin node> <dest node> <vehicle> <service type>
0 15
0 188 0 0
188 194 0 1
194 184 0 1
184 22 0 1
22 186 0 0
186 171 0 0
171 107 0 1
107 55 0 0
55 62 0 0
62 174 0 1
174 51 0 0
51 48 0 1
48 72 0 0
72 73 0 0
73 0 0 0
1 12
0 134 1 0
134 125 1 0
125 195 1 0
195 185 1 0
185 119 1 0
119 132 1 0
132 120 1 0
120 187 1 0
187 98 1 0
98 76 1 0
76 191 1 0
191 0 1 0
2 18
0 91 2 2
91 102 2 2
102 197 2 0
197 179 2 0
179 23 2 2
23 68 2 2
68 94 2 0
94 139 2 0
139 183 2 2
183 74 2 0
74 192 2 0
192 56 2 2
56 172 2 2
172 6 2 2
6 12 2 2
12 90 2 0
90 129 2 0
129 0 2 0
3 13
0 189 3 1
189 33 3 1
33 75 3 1
75 200 3 1
200 53 3 1
53 44 3 1
44 13 3 2
13 196 3 2
196 180 3 1
180 105 3 2
105 46 3 2
46 181 3 2
181 0 3 0
4 7
0 87 4 1
87 126 4 1
126 110 4 1
110 92 4 1
92 175 4 1
175 115 4 1
115 0 4 0
5 3
0 199 5 1
199 138 5 1
138 0 5 0
6 19
0 10 6 0
10 42 6 0
42 45 6 2
45 40 6 0
40 193 6 0
193 65 6 0
65 117 6 2
117 130 6 0
130 182 6 0
182 178 6 0
178 135 6 0
135 95 6 0
95 16 6 0
16 58 6 2
58 5 6 0
5 77 6 2
77 113 6 2
113 109 6 0
109 0 6 0
7 7
0 60 7 2
60 177 7 2
177 104 7 2
104 127 7 2
127 103 7 2
103 93 7 2
93 0 7 0
8 16
0 112 8 0
112 57 8 1
57 11 8 0
11 17 8 0
17 21 8 0
21 36 8 1
36 78 8 0
78 190 8 1
190 173 8 0
173 100 8 0
100 198 8 0
198 4 8 1
4 71 8 1
71 81 8 0
81 18 8 1
18 0 8 0
9 7
0 54 9 1
54 32 9 1
32 66 9 1
66 131 9 1
131 176 9 1
176 27 9 1
27 0 9 0
10 18
0 168 10 5
168 195 10 4
195 184 10 5
184 185 10 5
185 166 10 5
166 34 10 5
34 149 10 4
149 196 10 4
196 167 10 4
167 3 10 4
3 114 10 5
114 122 10 5
122 111 10 5
111 165 10 4
165 158 10 5
158 191 10 5
191 150 10 4
150 0 10 0
11 14
0 188 11 3
188 194 11 5
194 97 11 4
97 186 11 3
186 128 11 4
128 156 11 4
156 140 11 5
140 31 11 5
31 162 11 3
162 79 11 3
79 165 11 3
165 158 11 3
158 150 11 5
150 0 11 0
12 16
0 7 12 3
7 168 12 3
168 189 12 3
189 8 12 5
8 193 12 4
193 24 12 4
24 171 12 4
171 47 12 4
47 118 12 5
118 164 12 3
164 89 12 4
89 174 12 5
174 35 12 4
35 153 12 4
153 152 12 3
152 0 12 0
13 13
0 136 13 3
136 106 13 4
106 14 13 5
14 116 13 5
116 63 13 5
63 26 13 3
26 190 13 5
190 30 13 5
30 29 13 3
29 146 13 3
146 154 13 4
154 147 13 3
147 0 13 0
14 10
0 163 14 4
163 143 14 4
143 145 14 3
145 1 14 4
1 164 14 5
164 83 14 3
83 39 14 4
39 153 14 5
153 152 14 4
152 0 14 0
15 8
0 163 15 5
163 143 15 5
143 145 15 5
145 37 15 5
37 156 15 5
156 176 15 5
176 162 15 5
162 0 15 0
16 8
0 84 16 4
84 155 16 4
155 159 16 3
159 183 16 4
183 175 16 5
175 172 16 3
172 101 16 4
101 0 16 0
17 13
0 151 17 4
151 124 17 3
124 170 17 4
170 182 17 4
182 15 17 4
15 148 17 4
148 144 17 4
144 142 17 3
142 9 17 5
9 141 17 3
141 169 17 3
169 85 17 3
85 0 17 0
18 6
0 151 18 5
151 61 18 4
61 170 18 5
170 178 18 4
178 38 18 4
38 0 18 0
19 10
0 197 19 3
197 179 19 3
179 50 19 4
50 86 19 4
86 155 19 5
155 159 19 4
159 20 19 3
20 141 19 5
141 169 19 5
169 0 19 0
20 12
0 108 20 3
108 49 20 5
49 70 20 5
70 121 20 3
121 166 20 3
166 64 20 3
64 167 20 3
167 69 20 3
69 157 20 3
157 88 20 5
88 80 20 5
80 0 20 0
21 6
0 161 21 3
161 43 21 4
43 198 21 3
198 133 21 4
133 28 21 3
28 0 21 0
22 9
0 161 22 5
161 2 22 4
2 19 22 3
19 173 22 4
173 52 22 4
52 146 22 5
146 154 22 5
154 147 22 4
147 0 22 0
23 6
0 59 23 3
59 192 23 5
192 148 23 5
148 144 23 3
144 142 23 5
142 0 23 0
24 5
0 177 24 5
177 41 24 5
41 96 24 5
96 160 24 5
160 0 24 0
25 12
0 199 25 4
199 25 25 5
25 137 25 4
137 82 25 4
82 200 25 3
200 149 25 5
149 187 25 4
187 180 25 4
180 99 25 5
99 157 25 5
157 181 25 4
181 0 25 0
26 2
0 67 26 5
67 0 26 0
27 1
0 0 27 0
28 3
0 160 28 4
160 123 28 4
123 0 28 0
29 1
0 0 29 0
