# Solution for ../instances-HHCRSP/InstanzVNS_HCSRP_200_7.txt
# Cost = 1144.26 Dist = 3384.42 Tard = 37.3519 TMax = 10.9985
# <vehicle> <route length>
# <origin node> <dest node> <vehicle> <service type>
0 13
0 53 0 0
53 25 0 2
25 82 0 0
82 136 0 2
136 171 0 0
171 185 0 0
185 180 0 2
180 67 0 2
67 127 0 0
127 181 0 2
181 184 0 2
184 9 0 0
9 0 0 0
1 17
0 38 1 0
38 105 1 1
105 193 1 0
193 101 1 0
101 114 1 0
114 64 1 1
64 51 1 0
51 77 1 0
77 78 1 1
78 68 1 1
68 182 1 0
182 174 1 0
174 177 1 1
177 85 1 1
85 46 1 1
46 57 1 0
57 0 1 0
2 14
0 2 2 2
2 11 2 0
11 189 2 2
189 172 2 0
172 42 2 2
42 108 2 0
108 196 2 2
196 80 2 2
80 140 2 0
140 197 2 0
197 186 2 0
186 63 2 0
63 179 2 0
179 0 2 0
3 4
0 131 3 2
131 187 3 2
187 130 3 2
130 0 3 0
4 11
0 124 4 1
124 188 4 2
188 183 4 1
183 176 4 2
176 36 4 2
36 54 4 2
54 22 4 2
22 106 4 1
106 15 4 1
15 86 4 2
86 0 4 0
5 13
0 178 5 1
178 75 5 2
75 65 5 2
65 24 5 1
24 90 5 2
90 14 5 1
14 40 5 2
40 194 5 2
194 79 5 1
79 115 5 2
115 26 5 2
26 134 5 2
134 0 5 0
6 7
0 192 6 0
192 50 6 0
50 10 6 0
10 39 6 0
39 175 6 0
175 12 6 0
12 0 6 0
7 15
0 72 7 0
72 18 7 0
18 100 7 1
100 97 7 0
97 45 7 1
45 129 7 1
129 191 7 2
191 195 7 1
195 59 7 0
59 102 7 0
102 13 7 0
13 173 7 1
173 76 7 0
76 199 7 1
199 0 7 0
8 7
0 99 8 1
99 200 8 0
200 198 8 1
198 93 8 1
93 113 8 1
113 33 8 1
33 0 8 0
9 3
0 29 9 0
29 190 9 2
190 0 9 0
10 17
0 35 10 3
35 32 10 3
32 193 10 3
193 1 10 4
1 172 10 3
172 120 10 3
120 62 10 3
62 166 10 3
166 147 10 4
147 148 10 3
148 91 10 4
91 182 10 5
182 155 10 3
155 149 10 4
149 125 10 5
125 94 10 3
94 0 10 0
11 16
0 141 11 5
141 157 11 3
157 20 11 3
20 34 11 3
34 98 11 3
98 89 11 5
89 146 11 5
146 176 11 3
176 159 11 5
159 27 11 3
27 144 11 3
144 156 11 5
156 153 11 3
153 48 11 3
48 103 11 3
103 0 11 0
12 10
0 168 12 3
168 3 12 3
3 143 12 3
143 145 12 3
145 88 12 3
88 128 12 3
128 30 12 5
30 158 12 3
158 8 12 5
8 0 12 0
13 17
0 141 13 4
141 157 13 4
157 23 13 3
23 73 13 3
73 121 13 3
121 191 13 5
191 195 13 3
195 142 13 3
142 162 13 3
162 164 13 4
164 6 13 4
6 37 13 4
37 175 13 3
175 110 13 3
110 44 13 3
44 60 13 3
60 0 13 0
14 19
0 81 14 4
81 168 14 5
168 178 14 5
178 143 14 4
143 189 14 4
189 118 14 4
118 145 14 5
145 196 14 4
196 41 14 5
41 70 14 5
70 194 14 4
194 96 14 5
96 126 14 3
126 55 14 4
55 117 14 5
117 16 14 4
16 107 14 5
107 111 14 4
111 0 14 0
15 16
0 150 15 4
150 21 15 4
21 95 15 4
95 116 15 5
116 31 15 3
31 166 15 4
166 147 15 5
147 148 15 5
148 52 15 3
52 155 15 4
155 149 15 5
149 174 15 4
174 177 15 3
177 71 15 4
71 7 15 4
7 0 15 0
16 6
0 150 16 5
150 167 16 4
167 87 16 4
87 61 16 4
61 179 16 5
179 0 16 0
17 18
0 123 17 3
123 188 17 4
188 192 17 3
192 183 17 3
183 49 17 4
49 56 17 4
56 69 17 5
69 109 17 4
109 119 17 5
119 104 17 4
104 74 17 4
74 187 17 5
187 158 17 4
158 197 17 4
197 112 17 5
112 186 17 3
186 152 17 5
152 0 17 0
18 17
0 137 18 4
137 160 18 3
160 58 18 3
58 200 18 5
200 198 18 3
198 5 18 4
5 135 18 5
135 43 18 3
43 83 18 3
83 142 18 4
142 162 18 5
162 164 18 5
164 138 18 4
138 66 18 3
66 161 18 3
161 163 18 3
163 0 18 0
19 14
0 160 19 4
160 165 19 3
165 170 19 4
170 146 19 3
146 4 19 4
4 19 19 3
19 159 19 4
159 84 19 4
84 17 19 3
17 144 19 4
144 156 19 3
156 153 19 4
153 152 19 3
152 0 19 0
20 12
0 165 20 4
165 170 20 5
170 139 20 5
139 185 20 4
185 180 20 3
180 28 20 4
28 169 20 3
169 181 20 4
181 184 20 3
184 151 20 3
151 190 20 4
190 0 20 0
21 5
0 92 21 4
92 154 21 3
154 47 21 4
47 151 21 5
151 0 21 0
22 5
0 133 22 3
133 167 22 3
167 122 22 3
122 173 22 3
173 0 22 0
23 7
0 154 23 5
154 171 23 3
171 132 23 3
132 169 23 4
169 161 23 4
161 163 23 5
163 0 23 0
24 2
0 199 24 4
199 0 24 0
25 1
0 0 25 0
26 1
0 0 26 0
27 1
0 0 27 0
28 1
0 0 28 0
29 1
0 0 29 0
