# Solution for ../instances-HHCRSP/InstanzVNS_HCSRP_300_8.txt
# Cost = 1575.12 Dist = 4725.36 Tard = 0 TMax = 0
# <vehicle> <route length>
# <origin node> <dest node> <vehicle> <service type>
0 17
0 286 0 1
286 40 0 0
40 65 0 0
65 125 0 0
125 274 0 1
274 22 0 1
22 107 0 1
107 262 0 1
262 119 0 0
119 149 0 0
149 174 0 0
174 259 0 1
259 27 0 1
27 273 0 1
273 18 0 1
18 158 0 0
158 0 0 0
1 19
0 112 1 0
112 161 1 1
161 197 1 1
197 57 1 1
57 68 1 2
68 94 1 0
94 297 1 0
297 268 1 0
268 74 1 0
74 295 1 1
295 78 1 0
78 173 1 0
173 113 1 2
113 283 1 2
283 90 1 0
90 270 1 0
270 258 1 2
258 129 1 0
129 0 1 0
2 11
0 42 2 0
42 281 2 0
281 134 2 0
134 186 2 2
186 104 2 2
104 98 2 0
98 127 2 2
127 150 2 2
150 16 2 0
16 5 2 0
5 0 2 0
3 7
0 293 3 2
293 272 3 2
272 91 3 2
91 192 3 2
192 253 3 2
253 264 3 2
264 0 3 0
4 12
0 87 4 1
87 261 4 1
261 126 4 1
126 151 4 2
151 178 4 1
178 58 4 2
58 282 4 2
282 279 4 2
279 32 4 1
32 252 4 1
252 93 4 2
93 0 4 0
5 17
0 33 5 1
33 195 5 1
195 285 5 2
285 298 5 2
298 53 5 1
53 185 5 1
185 266 5 2
266 254 5 1
254 288 5 2
288 290 5 1
290 196 5 2
196 187 5 2
187 13 5 2
13 105 5 2
105 48 5 1
48 300 5 1
300 0 5 0
6 6
0 271 6 0
271 17 6 0
17 21 6 0
21 139 6 0
139 251 6 0
251 0 6 0
7 2
0 260 7 2
260 0 7 0
8 16
0 284 8 0
284 275 8 2
275 188 8 0
188 117 8 2
117 291 8 0
291 62 8 0
62 296 8 2
296 167 8 2
167 277 8 2
277 76 8 0
76 265 8 1
265 73 8 0
73 181 8 1
181 103 8 2
103 255 8 1
255 0 8 0
9 12
0 92 9 1
92 102 9 2
102 179 9 2
179 23 9 2
23 36 9 1
36 159 9 2
159 6 9 2
6 12 9 2
12 115 9 1
115 172 9 1
172 287 9 2
287 0 9 0
10 8
0 10 10 0
10 145 10 0
145 135 10 0
135 130 10 0
130 95 10 0
95 55 10 0
55 81 10 0
81 0 10 0
11 6
0 60 11 2
60 278 11 2
278 170 11 2
170 289 11 2
289 77 11 2
77 0 11 0
12 3
0 56 12 2
56 256 12 2
256 0 12 0
13 15
0 168 13 1
168 45 13 2
45 75 13 1
75 132 13 0
132 294 13 2
294 164 13 2
164 44 13 1
44 166 13 1
166 267 13 1
267 51 13 0
51 280 13 0
280 120 13 0
120 72 13 0
72 46 13 2
46 0 13 0
14 7
0 299 14 1
299 54 14 1
54 66 14 1
66 292 14 0
292 156 14 1
156 160 14 0
160 0 14 0
15 13
0 110 15 1
110 11 15 0
11 100 15 0
100 138 15 1
138 131 15 1
131 4 15 1
4 71 15 1
71 269 15 0
269 263 15 0
263 109 15 0
109 257 15 1
257 276 15 1
276 0 15 0
16 1
0 0 16 0
17 1
0 0 17 0
18 18
0 249 18 3
249 286 18 3
286 211 18 3
211 237 18 3
237 232 18 3
232 216 18 3
216 217 18 4
217 285 18 4
285 205 18 3
205 266 18 5
266 254 18 4
254 118 18 5
118 83 18 3
83 225 18 5
225 89 18 4
89 280 18 4
280 246 18 3
246 0 18 0
19 21
0 249 19 4
249 247 19 3
247 245 19 3
245 233 19 4
233 50 19 4
50 86 19 4
86 136 19 3
136 106 19 4
106 239 19 3
239 295 19 3
295 175 19 5
175 29 19 3
29 206 19 3
206 214 19 4
214 142 19 4
142 283 19 3
283 30 19 5
30 270 19 4
270 141 19 4
141 258 19 4
258 0 19 0
20 17
0 247 20 5
247 245 20 5
245 233 20 5
233 59 20 3
59 297 20 3
297 155 20 3
155 268 20 5
268 2 20 4
2 282 20 5
282 223 20 3
223 279 20 5
279 203 20 3
203 28 20 3
28 252 20 3
252 276 20 5
276 123 20 4
123 0 20 0
21 15
0 211 21 5
211 237 21 4
237 232 21 4
232 201 21 3
201 212 21 3
212 64 21 3
64 219 21 4
219 227 21 3
227 262 21 3
262 220 21 4
220 290 21 4
290 35 21 4
35 153 21 5
153 213 21 4
213 0 21 0
22 9
0 189 22 3
189 230 22 4
230 8 22 5
8 217 22 5
217 205 22 5
205 288 22 5
288 300 22 4
300 39 22 4
39 0 22 0
23 20
0 230 23 5
230 274 23 5
274 184 23 5
184 216 23 4
216 298 23 3
298 47 23 4
47 294 23 3
294 34 23 5
34 291 23 5
291 114 23 5
114 296 23 3
296 180 23 4
180 234 23 5
234 228 23 5
228 238 23 3
238 152 23 4
152 229 23 4
229 165 23 5
165 79 23 3
79 0 23 0
24 11
0 293 24 4
293 261 24 4
261 221 24 3
221 19 24 3
19 183 24 4
183 224 24 4
224 85 24 3
85 287 24 3
287 226 24 3
226 169 24 4
169 0 24 0
25 14
0 49 25 5
49 281 25 4
281 121 25 3
121 7 25 3
7 97 25 4
97 82 25 4
82 219 25 5
219 227 25 4
227 171 25 5
171 220 25 5
220 99 25 5
99 157 25 5
157 88 25 5
88 0 25 0
26 11
0 271 26 5
271 84 26 4
84 208 26 3
208 148 26 4
148 63 26 5
63 224 26 5
224 20 26 3
20 147 26 4
147 226 26 5
226 9 26 5
9 0 26 0
27 17
0 222 27 3
222 231 27 3
231 207 27 3
207 250 27 3
250 1 27 4
1 204 27 3
204 137 27 4
137 193 27 3
193 24 27 4
24 267 27 3
267 225 27 3
225 234 27 3
234 228 27 4
228 238 27 4
238 69 27 3
69 246 27 4
246 0 27 0
28 11
0 209 28 5
209 26 28 3
26 116 28 5
116 14 28 5
14 239 28 5
239 190 28 3
190 144 28 5
144 253 28 5
253 154 28 5
154 264 28 3
264 0 28 0
29 19
0 222 29 4
222 231 29 4
231 207 29 5
207 250 29 4
250 25 29 5
25 204 29 4
204 194 29 4
194 70 29 5
70 201 29 5
201 212 29 4
212 128 29 4
128 202 29 4
202 111 29 5
111 122 29 5
122 273 29 4
273 80 29 5
80 210 29 4
210 255 29 5
255 0 29 0
30 11
0 241 30 5
241 240 30 5
240 236 30 5
236 244 30 3
244 215 30 5
215 31 30 5
31 242 30 5
242 277 30 3
277 265 30 3
265 229 30 3
229 0 30 0
31 5
0 209 31 4
209 208 31 5
208 251 31 4
251 52 31 4
52 0 31 0
32 10
0 241 32 4
241 240 32 4
240 236 32 4
236 244 32 5
244 15 32 4
15 206 32 4
206 214 32 5
214 146 32 3
146 101 32 4
101 0 32 0
33 10
0 284 33 5
284 275 33 5
275 215 33 4
215 37 33 5
37 242 33 4
242 269 33 4
269 263 33 3
263 176 33 5
176 210 33 3
210 0 33 0
34 2
0 198 34 4
198 0 34 0
35 8
0 199 35 5
199 260 35 5
260 124 35 3
124 292 35 5
292 96 35 5
96 289 35 3
289 243 35 3
243 0 35 0
36 13
0 108 36 3
108 43 36 4
43 143 36 3
143 182 36 5
182 61 36 4
61 38 36 4
38 177 36 3
177 223 36 4
223 203 36 5
203 133 36 4
133 67 36 5
67 257 36 4
257 0 36 0
37 5
0 272 37 5
272 221 37 5
221 256 37 5
256 243 37 5
243 0 37 0
38 10
0 200 38 3
200 248 38 3
248 278 38 4
278 235 38 3
235 218 38 3
218 202 38 5
202 259 38 5
259 3 38 4
3 213 38 5
213 0 38 0
39 10
0 299 39 5
299 163 39 5
163 248 39 4
248 235 39 4
235 218 39 4
218 140 39 5
140 162 39 3
162 191 39 3
191 41 39 5
41 0 39 0
