# Solution for ../instances-HHCRSP/InstanzVNS_HCSRP_100_4.txt
# Cost = 722.28 Dist = 2155.8 Tard = 7.00181 TMax = 4.03751
# <vehicle> <route length>
# <origin node> <dest node> <vehicle> <service type>
0 7
0 13 0 2
13 90 0 0
90 20 0 0
20 89 0 0
89 93 0 2
93 91 0 0
91 0 0 0
1 4
0 97 1 0
97 94 1 0
94 18 1 0
18 0 1 0
2 6
0 50 2 0
50 39 2 0
39 16 2 0
16 44 2 0
44 63 2 0
63 0 2 0
3 7
0 92 3 2
92 15 3 2
15 69 3 0
69 33 3 0
33 47 3 2
47 9 3 0
9 0 3 0
4 13
0 40 4 1
40 55 4 1
55 88 4 1
88 1 4 2
1 96 4 1
96 62 4 0
62 56 4 2
56 41 4 0
41 100 4 1
100 64 4 0
64 11 4 2
11 17 4 1
17 0 4 0
5 5
0 24 5 1
24 98 5 1
98 86 5 1
86 65 5 1
65 0 5 0
6 13
0 14 6 2
14 51 6 2
51 7 6 1
7 54 6 0
54 25 6 1
25 87 6 2
87 34 6 2
34 99 6 1
99 12 6 2
12 36 6 1
36 95 6 2
95 10 6 1
10 0 6 0
7 14
0 71 7 4
71 74 7 3
74 32 7 3
32 23 7 4
23 88 7 3
88 83 7 3
83 73 7 3
73 85 7 4
85 96 7 4
96 3 7 3
3 72 7 3
72 78 7 4
78 57 7 4
57 0 7 0
8 12
0 48 8 5
48 58 8 3
58 82 8 3
82 77 8 3
77 59 8 4
59 84 8 3
84 27 8 3
27 80 8 3
80 98 8 3
98 19 8 4
19 86 8 5
86 0 8 0
9 11
0 71 9 5
71 74 9 4
74 66 9 3
66 45 9 3
45 83 9 4
83 73 9 5
73 85 9 5
85 61 9 4
61 99 9 4
99 100 9 4
100 0 9 0
10 14
0 52 10 5
52 38 10 5
38 82 10 4
82 77 10 5
77 84 10 5
84 43 10 5
43 46 10 4
46 5 10 3
5 75 10 5
75 81 10 4
81 26 10 3
26 67 10 3
67 79 10 5
79 0 10 0
11 6
0 30 11 5
30 92 11 5
92 21 11 5
21 53 11 5
53 29 11 5
29 0 11 0
12 5
0 37 12 4
37 76 12 3
76 93 12 4
93 70 12 5
70 0 12 0
13 6
0 42 13 4
42 80 13 4
80 75 13 4
75 2 13 4
2 79 13 4
79 0 13 0
14 3
0 97 14 3
97 4 14 4
4 0 14 0
15 10
0 90 15 3
90 49 15 4
49 60 15 4
60 31 15 4
31 68 15 3
68 35 15 3
35 89 15 3
89 72 15 5
72 78 15 5
78 0 15 0
16 7
0 6 16 3
6 28 16 3
28 22 16 5
22 87 16 5
87 81 16 5
81 95 16 3
95 0 16 0
17 3
0 94 17 5
94 8 17 4
8 0 17 0
18 1
0 0 18 0
19 3
0 76 19 4
76 91 19 5
91 0 19 0
