# Solution for ../instances-HHCRSP/InstanzVNS_HCSRP_100_3.txt
# Cost = 811.498 Dist = 2415.95 Tard = 13.2607 TMax = 5.28011
# <vehicle> <route length>
# <origin node> <dest node> <vehicle> <service type>
0 9
0 26 0 1
26 20 0 1
20 62 0 1
62 4 0 1
4 41 0 1
41 63 0 1
63 93 0 1
93 3 0 0
3 0 0 0
1 8
0 96 1 0
96 34 1 0
34 22 1 0
22 59 1 0
59 6 1 0
6 94 1 0
94 86 1 0
86 0 1 0
2 9
0 50 2 2
50 9 2 1
9 98 2 2
98 90 2 1
90 64 2 2
64 45 2 2
45 54 2 1
54 99 2 2
99 0 2 0
3 11
0 23 3 1
23 88 3 1
88 10 3 1
10 100 3 1
100 89 3 1
89 92 3 1
92 21 3 1
21 95 3 0
95 38 3 0
38 65 3 1
65 0 3 0
4 8
0 61 4 2
61 2 4 2
2 1 4 2
1 91 4 2
91 29 4 2
29 69 4 2
69 97 4 2
97 0 4 0
5 12
0 35 5 2
35 33 5 0
33 40 5 1
40 47 5 2
47 67 5 1
67 43 5 2
43 17 5 0
17 87 5 0
87 60 5 0
60 5 5 0
5 31 5 2
31 0 5 0
6 2
0 68 6 0
68 0 6 0
7 9
0 15 7 3
15 36 7 3
36 71 7 3
71 74 7 3
74 55 7 3
55 82 7 3
82 87 7 3
87 11 7 3
11 0 7 0
8 7
0 49 8 4
49 28 8 5
28 100 8 3
100 95 8 5
95 81 8 4
81 39 8 3
39 0 8 0
9 16
0 44 9 4
44 71 9 4
71 74 9 4
74 98 9 4
98 7 9 3
7 80 9 4
80 32 9 5
32 85 9 3
85 75 9 4
75 84 9 4
84 57 9 3
57 51 9 3
51 82 9 5
82 52 9 3
52 78 9 4
78 0 9 0
10 5
0 88 10 5
88 73 10 5
73 48 10 5
48 77 10 3
77 0 10 0
11 6
0 42 11 5
42 83 11 5
83 91 11 5
91 79 11 5
79 30 11 5
30 0 11 0
12 8
0 56 12 4
56 90 12 3
90 12 12 4
12 8 12 4
8 94 12 5
94 86 12 5
86 99 12 5
99 0 12 0
13 9
0 27 13 5
27 96 13 5
96 80 13 3
80 85 13 5
85 75 13 5
75 84 13 3
84 66 13 3
66 78 13 5
78 0 13 0
14 9
0 83 14 4
83 92 14 4
92 16 14 4
16 79 14 3
79 46 14 4
46 73 14 4
73 97 14 4
97 53 14 3
53 0 14 0
15 5
0 24 15 5
24 89 15 3
89 81 15 5
81 77 15 4
77 0 15 0
16 6
0 70 16 5
70 93 16 4
93 76 16 4
76 14 16 4
14 72 16 4
72 0 16 0
17 2
0 37 17 3
37 0 17 0
18 6
0 19 18 4
19 13 18 5
13 18 18 3
18 76 18 5
76 72 18 5
72 0 18 0
19 3
0 58 19 4
58 25 19 4
25 0 19 0
