# Solution for ../instances-HHCRSP/InstanzCPLEX_HCSRP_50_3.txt
# Cost = 555.427 Dist = 1655.09 Tard = 6.58338 TMax = 4.60233
# <vehicle> <route length>
# <origin node> <dest node> <vehicle> <service type>
0 11
0 50 0 0
50 23 0 1
23 49 0 2
49 10 0 1
10 1 0 2
1 2 0 2
2 34 0 0
34 29 0 2
29 46 0 0
46 48 0 2
48 0 0 0
1 12
0 33 1 0
33 22 1 0
22 35 1 2
35 6 1 0
6 45 1 2
45 43 1 0
43 47 1 0
47 17 1 0
17 5 1 0
5 31 1 2
31 3 1 0
3 0 1 0
2 7
0 20 2 1
20 9 2 1
9 44 2 1
44 26 2 1
26 4 2 1
4 21 2 1
21 0 2 0
3 11
0 36 3 4
36 42 3 4
42 27 3 5
27 49 3 4
49 24 3 5
24 25 3 4
25 38 3 5
38 48 3 5
48 39 3 3
39 37 3 4
37 0 3 0
4 6
0 36 4 5
36 42 4 3
42 30 4 5
30 39 4 5
39 37 4 5
37 0 4 0
5 4
0 50 5 4
50 46 5 4
46 38 5 4
38 0 5 0
6 9
0 40 6 3
40 44 6 4
44 7 6 3
7 45 6 4
45 13 6 5
13 18 6 3
18 8 6 4
8 11 6 3
11 0 6 0
7 6
0 40 7 4
40 43 7 5
43 12 7 4
12 47 7 5
47 32 7 5
32 0 7 0
8 6
0 28 8 5
28 16 8 4
16 41 8 3
41 14 8 4
14 19 8 4
19 0 8 0
9 3
0 15 9 3
15 41 9 4
41 0 9 0
