# Solution for ../instances-HHCRSP/InstanzVNS_HCSRP_200_3.txt
# Cost = 1300.96 Dist = 3859.49 Tard = 34.1687 TMax = 9.21954
# <vehicle> <route length>
# <origin node> <dest node> <vehicle> <service type>
0 13
0 181 0 1
181 107 0 1
107 10 0 1
10 91 0 0
91 196 0 1
196 172 0 0
172 180 0 1
180 186 0 0
186 135 0 0
135 133 0 1
133 97 0 0
97 200 0 1
200 0 0 0
1 8
0 35 1 2
35 33 1 0
33 174 1 2
174 177 1 0
177 76 1 2
76 139 1 0
139 31 1 2
31 0 1 0
2 17
0 111 2 1
111 9 2 1
9 50 2 2
50 176 2 1
176 108 2 1
108 197 2 1
197 45 2 2
45 190 2 1
190 194 2 1
194 173 2 1
173 178 2 1
178 191 2 2
191 67 2 1
67 87 2 2
87 130 2 2
130 54 2 1
54 0 2 0
3 9
0 61 3 2
61 1 3 2
1 88 3 2
88 184 3 2
184 89 3 2
89 140 3 2
140 38 3 0
38 138 3 2
138 0 3 0
4 8
0 2 4 2
2 124 4 2
124 29 4 2
29 69 4 2
69 79 4 2
79 187 4 2
187 136 4 2
136 0 4 0
5 15
0 114 5 0
114 117 5 0
117 59 5 0
59 22 5 0
22 171 5 0
171 6 5 0
6 122 5 0
122 121 5 0
121 128 5 0
128 17 5 0
17 60 5 0
60 137 5 0
137 5 5 0
5 126 5 0
126 0 5 0
6 16
0 26 6 1
26 198 6 1
198 90 6 1
90 80 6 1
80 4 6 1
4 192 6 2
192 62 6 1
62 64 6 2
64 34 6 0
34 118 6 2
118 41 6 1
41 189 6 0
189 185 6 1
185 193 6 2
193 199 6 2
199 0 6 0
7 3
0 68 7 0
68 3 7 0
3 0 7 0
8 15
0 20 8 1
20 195 8 1
195 182 8 2
182 40 8 1
40 175 8 2
175 47 8 2
47 125 8 1
125 43 8 2
43 183 8 2
183 123 8 1
123 112 8 2
112 86 8 2
86 72 8 2
72 103 8 2
103 0 8 0
9 7
0 179 9 1
179 23 9 1
23 63 9 1
63 188 9 1
188 65 9 1
65 21 9 1
21 0 9 0
10 5
0 181 10 4
181 162 10 4
162 142 10 4
142 46 10 4
46 0 10 0
11 15
0 145 11 3
145 110 11 5
110 143 11 3
143 55 11 3
55 197 11 5
197 75 11 4
75 119 11 3
119 149 11 3
149 131 11 4
131 191 11 4
191 155 11 3
155 134 11 4
134 170 11 3
170 167 11 3
167 0 11 0
12 11
0 145 12 5
145 176 12 5
176 146 12 3
146 175 12 5
175 84 12 3
84 183 12 3
183 66 12 3
66 57 12 3
57 11 12 3
11 141 12 4
141 0 12 0
13 3
0 106 13 5
106 144 13 5
144 0 13 0
14 8
0 147 14 4
147 70 14 5
70 169 14 4
169 42 14 5
42 129 14 5
129 189 14 4
189 150 14 4
150 0 14 0
15 11
0 147 15 3
147 115 15 3
115 100 15 4
100 169 15 3
169 127 15 4
127 196 15 4
196 172 15 3
172 25 15 4
25 144 15 4
144 37 15 3
37 0 15 0
16 10
0 113 16 4
113 158 16 4
158 198 16 5
198 168 16 3
168 151 16 4
151 160 16 3
160 192 16 4
192 13 16 5
13 120 16 5
120 0 16 0
17 11
0 28 17 5
28 179 17 3
179 163 17 3
163 83 17 4
83 180 17 3
180 154 17 3
154 186 17 5
186 148 17 3
148 187 17 5
187 39 17 3
39 0 17 0
18 12
0 158 18 5
158 195 18 5
195 182 18 4
182 102 18 4
102 160 18 4
160 164 18 4
164 153 18 4
153 85 18 4
85 157 18 3
157 99 18 3
99 101 18 5
101 0 18 0
19 10
0 143 19 4
143 174 19 3
174 82 19 5
82 51 19 3
51 178 19 5
178 52 19 3
52 155 19 4
155 170 19 5
170 78 19 5
78 0 19 0
20 8
0 152 20 3
152 161 20 3
161 93 20 5
93 164 20 3
164 153 20 3
153 157 20 5
157 159 20 5
159 0 20 0
21 13
0 152 21 4
152 161 21 5
161 168 21 4
168 151 21 5
151 190 21 4
190 177 21 5
177 194 21 3
194 18 21 3
18 19 21 4
19 58 21 4
58 14 21 4
14 159 21 4
159 0 21 0
22 8
0 132 22 4
132 44 22 4
44 146 22 5
146 171 22 5
171 104 22 5
104 12 22 4
12 141 22 5
141 0 22 0
23 14
0 27 23 5
27 165 23 4
165 156 23 3
156 16 23 4
16 92 23 4
92 162 23 3
162 142 23 5
142 48 23 5
48 185 23 3
185 30 23 5
30 193 23 4
193 199 23 5
199 150 23 3
150 0 23 0
24 8
0 165 24 5
165 156 24 5
156 184 24 3
184 154 24 5
154 148 24 5
148 81 24 5
81 77 24 5
77 0 24 0
25 10
0 49 25 4
49 24 25 5
24 163 25 5
163 105 25 5
105 116 25 3
116 73 25 4
73 95 25 5
95 53 25 3
53 200 25 4
200 0 25 0
26 3
0 15 26 3
15 166 26 3
166 0 26 0
27 12
0 71 27 5
71 98 27 5
98 74 27 3
74 7 27 3
7 109 27 3
109 8 27 4
8 149 27 5
149 173 27 5
173 94 27 4
94 32 27 5
32 167 27 5
167 0 27 0
28 5
0 96 28 5
96 36 28 3
36 188 28 3
188 56 28 4
56 0 28 0
29 2
0 166 29 5
166 0 29 0
