# Solution for ../instances-HHCRSP/InstanzVNS_HCSRP_200_6.txt
# Cost = 1365.23 Dist = 4085.81 Tard = 5.87772 TMax = 4.01598
# <vehicle> <route length>
# <origin node> <dest node> <vehicle> <service type>
0 11
0 20 0 2
20 103 0 0
103 67 0 2
67 97 0 2
97 78 0 0
78 77 0 0
77 194 0 2
194 76 0 1
76 99 0 2
99 175 0 2
175 0 0 0
1 11
0 51 1 2
51 60 1 2
60 3 1 2
3 186 1 2
186 188 1 2
188 189 1 2
189 129 1 2
129 40 1 2
40 176 1 2
176 191 1 2
191 0 1 0
2 14
0 171 2 0
171 198 2 2
198 4 2 0
4 195 2 1
195 13 2 0
13 173 2 2
173 134 2 0
134 61 2 1
61 94 2 0
94 80 2 1
80 113 2 0
113 114 2 0
114 172 2 0
172 0 2 0
3 15
0 183 3 1
183 82 3 2
82 95 3 1
95 192 3 2
192 47 3 2
47 53 3 1
53 174 3 1
174 190 3 2
190 127 3 1
127 126 3 1
126 196 3 1
196 24 3 1
24 12 3 2
12 73 3 2
73 0 3 0
4 17
0 131 4 0
131 5 4 1
5 122 4 1
122 193 4 0
193 2 4 0
2 18 4 0
18 184 4 1
184 33 4 0
33 19 4 1
19 104 4 1
104 23 4 1
23 109 4 0
109 15 4 1
15 58 4 1
58 1 4 1
1 106 4 1
106 0 4 0
5 7
0 16 5 0
16 66 5 0
66 182 5 0
182 72 5 0
72 136 5 0
136 26 5 0
26 0 5 0
6 9
0 139 6 2
139 22 6 2
22 30 6 2
30 31 6 2
31 197 6 2
197 64 6 2
64 133 6 2
133 92 6 2
92 0 6 0
7 6
0 178 7 2
178 124 7 2
124 200 7 1
200 116 7 2
116 187 7 2
187 0 7 0
8 13
0 43 8 1
43 25 8 2
25 36 8 1
36 111 8 1
111 185 8 1
185 128 8 2
128 177 8 1
177 98 8 2
98 119 8 2
119 121 8 1
121 79 8 2
79 180 8 1
180 0 8 0
9 11
0 90 9 0
90 44 9 0
44 199 9 0
199 41 9 0
41 59 9 1
59 112 9 1
112 181 9 0
181 132 9 0
132 85 9 1
85 179 9 0
179 0 9 0
10 10
0 154 10 3
154 148 10 3
148 193 10 3
193 162 10 3
162 21 10 3
21 149 10 3
149 170 10 3
170 147 10 3
147 169 10 3
169 0 10 0
11 15
0 154 11 5
154 148 11 5
148 137 11 5
137 162 11 4
162 91 11 4
91 185 11 4
185 177 11 5
177 120 11 5
120 32 11 4
32 69 11 3
69 125 11 3
125 169 11 5
169 180 11 5
180 14 11 3
14 0 11 0
12 8
0 159 12 5
159 56 12 5
56 167 12 5
167 146 12 5
146 164 12 5
164 142 12 5
142 156 12 5
156 0 12 0
13 11
0 50 13 3
50 143 13 3
143 54 13 3
54 39 13 5
39 140 13 5
140 7 13 5
7 130 13 3
130 170 13 5
170 147 13 5
147 105 13 5
105 0 13 0
14 12
0 165 14 5
165 93 14 5
93 144 14 3
144 65 14 3
65 17 14 5
17 138 14 3
138 153 14 3
153 52 14 3
52 189 14 3
189 166 14 5
166 123 14 3
123 0 14 0
15 12
0 151 15 5
151 35 15 5
35 157 15 5
157 152 15 5
152 145 15 3
145 186 15 5
186 188 15 3
188 163 15 3
163 29 15 3
29 176 15 5
176 191 15 5
191 0 15 0
16 13
0 27 16 4
27 11 16 4
11 141 16 5
141 158 16 4
158 46 16 4
46 153 16 4
153 100 16 4
100 190 16 5
190 155 16 4
155 150 16 4
150 38 16 5
38 172 16 5
172 0 16 0
17 3
0 160 17 5
160 187 17 5
187 0 17 0
18 11
0 159 18 4
159 167 18 4
167 146 18 4
146 83 18 4
83 68 18 5
68 63 18 3
63 96 18 3
96 42 18 4
42 75 18 4
75 70 18 3
70 0 18 0
19 12
0 165 19 4
165 171 19 4
171 198 19 3
198 195 19 3
195 152 19 4
152 89 19 4
89 173 19 4
173 74 19 5
74 107 19 4
107 101 19 3
101 196 19 3
196 0 19 0
20 15
0 183 20 4
183 144 20 5
144 48 20 4
48 141 20 3
141 158 20 3
158 84 20 5
84 192 20 4
192 174 20 5
174 87 20 5
87 155 20 5
155 150 20 5
150 168 20 3
168 110 20 3
110 135 20 4
135 0 20 0
21 2
0 160 21 3
160 0 21 0
22 12
0 151 22 4
151 157 22 4
157 8 22 4
8 55 22 4
55 184 22 5
184 71 22 5
71 182 22 4
182 149 22 5
149 108 22 4
108 168 22 5
168 102 22 5
102 0 22 0
23 5
0 143 23 5
143 86 23 5
86 81 23 4
81 181 23 4
181 0 23 0
24 8
0 178 24 4
178 37 24 4
37 34 24 5
34 194 24 3
194 115 24 5
115 118 24 4
118 175 24 3
175 0 24 0
25 4
0 200 25 3
200 161 25 3
161 179 25 3
179 0 25 0
26 3
0 45 26 5
45 6 26 5
6 0 26 0
27 9
0 88 27 4
88 62 27 4
62 145 27 4
145 163 27 4
163 28 27 5
28 9 27 4
9 166 27 4
166 117 27 4
117 0 27 0
28 8
0 49 28 4
49 197 28 4
197 199 28 4
199 57 28 3
57 164 28 4
164 142 28 4
142 156 28 4
156 0 28 0
29 3
0 10 29 5
10 161 29 4
161 0 29 0
