# Solution for ../instances-HHCRSP/InstanzVNS_HCSRP_100_3.txt
# Cost = 829.57 Dist = 2479.63 Tard = 6.04996 TMax = 3.02498
# <vehicle> <route length>
# <origin node> <dest node> <vehicle> <service type>
0 9
0 23 0 1
23 88 0 1
88 10 0 1
10 100 0 1
100 89 0 1
89 95 0 0
95 38 0 0
38 21 0 1
21 0 0 0
1 4
0 96 1 0
96 34 1 0
34 3 1 0
3 0 1 0
2 12
0 20 2 1
20 50 2 2
50 9 2 1
9 98 2 2
98 93 2 1
93 63 2 1
63 41 2 1
41 92 2 1
92 29 2 2
29 64 2 2
64 65 2 1
65 0 2 0
3 11
0 26 3 1
26 90 3 1
90 62 3 1
62 4 3 1
4 22 3 0
22 67 3 1
67 5 3 0
5 17 3 0
17 87 3 0
87 60 3 0
60 0 3 0
4 7
0 61 4 2
61 2 4 2
2 1 4 2
1 91 4 2
91 69 4 2
69 97 4 2
97 0 4 0
5 14
0 35 5 2
35 40 5 1
40 33 5 0
33 59 5 0
59 6 5 0
6 45 5 2
45 43 5 2
43 47 5 2
47 31 5 2
31 86 5 0
86 94 5 0
94 54 5 1
54 99 5 2
99 0 5 0
6 2
0 68 6 0
68 0 6 0
7 8
0 74 7 3
74 71 7 3
71 55 7 3
55 82 7 3
82 51 7 3
51 66 7 3
66 57 7 3
57 0 7 0
8 7
0 19 8 4
19 13 8 5
13 18 8 3
18 86 8 5
86 94 8 5
94 99 8 5
99 0 8 0
9 12
0 74 9 4
74 71 9 4
71 44 9 4
44 98 9 4
98 8 9 4
8 84 9 4
84 75 9 4
75 32 9 5
32 85 9 3
85 78 9 4
78 76 9 4
76 0 9 0
10 7
0 27 10 5
27 28 10 5
28 100 10 3
100 95 10 5
95 81 10 5
81 39 10 3
39 0 10 0
11 6
0 42 11 5
42 83 11 5
83 91 11 5
91 79 11 5
79 30 11 5
30 0 11 0
12 7
0 16 12 4
16 88 12 5
88 46 12 4
46 73 12 4
73 97 12 4
97 53 12 3
53 0 12 0
13 10
0 96 13 5
96 70 13 5
70 80 13 3
80 7 13 3
7 84 13 3
84 75 13 5
75 85 13 5
85 78 13 5
78 76 13 5
76 0 13 0
14 7
0 83 14 4
83 92 14 4
92 79 14 3
79 73 14 5
73 48 14 5
48 77 14 3
77 0 14 0
15 9
0 15 15 3
15 36 15 3
36 90 15 3
90 12 15 4
12 82 15 5
82 52 15 3
52 87 15 3
87 11 15 3
11 0 15 0
16 5
0 80 16 4
80 93 16 4
93 14 16 4
14 72 16 4
72 0 16 0
17 3
0 37 17 3
37 72 17 5
72 0 17 0
18 6
0 49 18 4
49 24 18 5
24 89 18 3
89 81 18 4
81 77 18 4
77 0 18 0
19 4
0 56 19 4
56 58 19 4
58 25 19 4
25 0 19 0
