# Solution for ../instances-HHCRSP/InstanzVNS_HCSRP_100_4.txt
# Cost = 738.36 Dist = 2211.25 Tard = 1.91547 TMax = 1.91547
# <vehicle> <route length>
# <origin node> <dest node> <vehicle> <service type>
0 6
0 50 0 0
50 39 0 0
39 16 0 0
16 44 0 0
44 63 0 0
63 0 0 0
1 4
0 97 1 0
97 94 1 0
94 18 1 0
18 0 1 0
2 2
0 9 2 0
9 0 2 0
3 8
0 92 3 2
92 15 3 2
15 69 3 0
69 33 3 0
33 47 3 2
47 93 3 2
93 91 3 0
91 0 3 0
4 15
0 40 4 1
40 7 4 1
7 51 4 2
51 14 4 2
14 54 4 0
54 25 4 1
25 87 4 2
87 12 4 2
12 99 4 1
99 89 4 0
89 34 4 2
34 36 4 1
36 95 4 2
95 10 4 1
10 0 4 0
5 5
0 24 5 1
24 98 5 1
98 86 5 1
86 65 5 1
65 0 5 0
6 15
0 13 6 2
13 90 6 0
90 55 6 1
55 88 6 1
88 20 6 0
20 1 6 2
1 96 6 1
96 62 6 0
62 56 6 2
56 41 6 0
41 100 6 1
100 64 6 0
64 11 6 2
11 17 6 1
17 0 6 0
7 11
0 42 7 4
42 82 7 3
82 77 7 3
77 59 7 4
59 84 7 3
84 27 7 3
27 75 7 4
75 80 7 3
80 19 7 4
19 98 7 3
98 0 7 0
8 6
0 30 8 5
30 92 8 5
92 21 8 5
21 86 8 5
86 8 8 4
8 0 8 0
9 6
0 6 9 3
6 28 9 3
28 75 9 5
75 2 9 4
2 79 9 4
79 0 9 0
10 15
0 71 10 4
71 32 10 3
32 74 10 3
74 66 10 3
66 45 10 3
45 88 10 3
88 83 10 3
83 85 10 4
85 73 10 3
73 87 10 5
87 81 10 4
81 26 10 3
26 67 10 3
67 79 10 5
79 0 10 0
11 10
0 71 11 5
71 74 11 4
74 23 11 4
23 83 11 4
83 85 11 5
85 73 11 5
73 99 11 4
99 61 11 4
61 100 11 4
100 0 11 0
12 11
0 48 12 5
48 58 12 3
58 82 12 4
82 77 12 5
77 84 12 5
84 5 12 3
5 46 12 4
46 43 12 5
43 53 12 5
53 29 12 5
29 0 12 0
13 5
0 37 13 4
37 76 13 4
76 93 13 4
93 4 13 4
4 0 13 0
14 9
0 90 14 3
90 49 14 4
49 60 14 4
60 96 14 4
96 72 14 3
72 78 14 4
78 35 14 3
35 3 14 3
3 0 14 0
15 7
0 52 15 5
52 38 15 5
38 80 15 4
80 22 15 5
22 81 15 5
81 95 15 3
95 0 15 0
16 3
0 97 16 3
97 94 16 5
94 0 16 0
17 4
0 76 17 3
76 91 17 5
91 70 17 5
70 0 17 0
18 1
0 0 18 0
19 7
0 31 19 4
31 68 19 3
68 72 19 5
72 78 19 5
78 89 19 3
89 57 19 4
57 0 19 0
