# Solution for ../instances-HHCRSP/InstanzCPLEX_HCSRP_50_10.txt
# Cost = 621.818 Dist = 1784.58 Tard = 64.4434 TMax = 16.4323
# <vehicle> <route length>
# <origin node> <dest node> <vehicle> <service type>
0 10
0 50 0 0
50 2 0 0
2 33 0 0
33 4 0 0
4 16 0 0
16 46 0 0
46 14 0 0
14 47 0 0
47 48 0 0
48 0 0 0
1 9
0 45 1 2
45 32 1 2
32 29 1 2
29 24 1 2
24 44 1 2
44 27 1 2
27 43 1 2
43 30 1 2
30 0 1 0
2 12
0 49 2 1
49 22 2 1
22 7 2 1
7 34 2 2
34 11 2 1
11 26 2 1
26 35 2 1
35 18 2 1
18 19 2 1
19 31 2 2
31 28 2 2
28 0 2 0
3 5
0 50 3 4
50 46 3 5
46 25 3 5
25 41 3 5
41 0 3 0
4 10
0 12 4 5
12 37 4 5
37 39 4 3
39 3 4 3
3 21 4 5
21 23 4 3
23 1 4 3
1 42 4 5
42 13 4 3
13 0 4 0
5 12
0 49 5 4
49 37 5 4
37 39 5 4
39 8 5 4
8 38 5 4
38 9 5 3
9 6 5 4
6 43 5 3
43 36 5 3
36 10 5 4
10 42 5 4
42 0 5 0
6 6
0 5 6 4
5 45 6 5
45 15 6 3
15 38 6 5
38 36 6 4
36 0 6 0
7 2
0 41 7 3
41 0 7 0
8 5
0 17 8 4
17 40 8 3
40 47 8 5
47 48 8 5
48 0 8 0
9 4
0 20 9 4
20 44 9 5
44 40 9 5
40 0 9 0
