# Solution for ../instances-HHCRSP/InstanzVNS_HCSRP_300_6.txt
# Cost = 1790.66 Dist = 5367.83 Tard = 2.67803 TMax = 1.47869
# <vehicle> <route length>
# <origin node> <dest node> <vehicle> <service type>
0 17
0 283 0 0
283 66 0 0
66 183 0 1
183 18 0 0
18 33 0 0
33 271 0 0
271 295 0 0
295 277 0 1
277 189 0 0
189 23 0 1
23 190 0 0
190 94 0 0
94 24 0 1
24 297 0 1
297 253 0 1
253 109 0 0
109 0 0 0
1 5
0 159 1 1
159 281 1 1
281 298 1 1
298 274 1 1
274 0 1 0
2 17
0 30 2 2
30 43 2 1
43 255 2 2
255 285 2 1
285 2 2 0
2 265 2 2
265 136 2 0
136 72 2 0
72 19 2 1
19 129 2 2
129 104 2 1
104 168 2 2
168 15 2 1
15 267 2 2
267 106 2 1
106 254 2 0
254 0 2 0
3 12
0 144 3 2
144 60 3 2
60 276 3 2
276 47 3 2
47 53 3 1
53 287 3 2
287 127 3 1
127 251 3 2
251 80 3 1
80 73 3 2
73 12 3 2
12 0 3 0
4 13
0 290 4 0
290 5 4 1
5 151 4 0
151 280 4 0
280 291 4 0
291 26 4 0
26 78 4 0
78 77 4 0
77 273 4 1
273 177 4 1
177 261 4 1
261 257 4 1
257 0 4 0
5 11
0 13 5 0
13 4 5 0
4 258 5 0
258 173 5 0
173 61 5 1
61 292 5 1
292 262 5 0
262 268 5 1
268 191 5 1
191 289 5 1
289 0 5 0
6 8
0 282 6 2
282 67 6 2
67 97 6 2
97 51 6 2
51 20 6 2
20 266 6 2
266 150 6 2
150 0 6 0
7 8
0 139 7 2
139 143 7 2
143 299 7 2
299 92 7 2
92 300 7 2
300 116 7 2
116 181 7 2
181 0 7 0
8 9
0 279 8 1
279 188 8 1
188 252 8 1
252 174 8 1
174 126 8 1
126 278 8 1
278 58 8 1
58 1 8 1
1 0 8 0
9 13
0 44 9 0
44 31 9 2
31 111 9 1
111 64 9 2
64 197 9 2
197 133 9 2
133 199 9 0
199 293 9 1
293 286 9 0
286 119 9 2
119 121 9 1
121 98 9 2
98 0 9 0
10 11
0 165 10 0
165 95 10 1
95 198 10 0
198 158 10 1
158 134 10 0
134 256 10 1
256 288 10 1
288 172 10 1
172 114 10 0
114 113 10 0
113 0 10 0
11 6
0 22 11 2
22 124 11 2
124 187 11 2
187 156 11 2
156 294 11 2
294 0 11 0
12 15
0 25 12 2
25 82 12 2
82 103 12 0
103 157 12 0
157 3 12 2
3 275 12 1
275 184 12 2
184 40 12 2
40 296 12 2
296 128 12 2
128 99 12 2
99 76 12 1
76 180 12 2
180 79 12 2
79 0 12 0
13 6
0 16 13 0
16 284 13 0
284 36 13 1
36 270 13 1
270 142 13 0
142 0 13 0
14 6
0 131 14 0
131 260 14 0
260 90 14 0
90 259 14 0
259 272 14 0
272 0 14 0
15 7
0 122 15 1
122 193 15 1
193 269 15 1
269 182 15 1
182 264 15 1
264 147 15 1
147 0 15 0
16 5
0 59 16 1
59 112 16 1
112 263 16 1
263 85 16 1
85 0 16 0
17 4
0 41 17 0
41 161 17 0
161 132 17 0
132 0 17 0
18 13
0 56 18 5
56 283 18 5
283 250 18 3
250 255 18 3
255 55 18 4
55 8 18 4
8 21 18 3
21 71 18 5
71 295 18 4
295 277 18 5
277 135 18 4
135 254 18 3
254 0 18 0
19 16
0 154 19 3
154 204 19 4
204 65 19 3
65 48 19 4
48 216 19 4
216 242 19 3
242 153 19 5
153 100 19 4
100 248 19 4
248 108 19 4
108 28 19 5
28 206 19 4
206 230 19 3
230 166 19 5
166 123 19 3
123 0 19 0
20 14
0 204 20 5
204 93 20 5
93 216 20 5
216 242 20 5
242 276 20 3
276 287 20 5
287 239 20 4
239 236 20 3
236 196 20 4
196 176 20 5
176 267 20 4
267 110 20 3
110 229 20 3
229 0 20 0
21 17
0 290 21 5
290 45 21 5
45 6 21 5
6 86 21 5
86 146 21 3
146 83 21 4
83 210 21 3
210 68 21 5
68 203 21 4
203 260 21 3
260 259 21 5
259 293 21 4
293 286 21 5
286 274 21 5
274 201 21 3
201 96 21 3
96 0 21 0
22 15
0 35 22 5
35 282 22 5
282 231 22 3
231 214 22 3
214 228 22 3
228 145 22 3
145 52 22 3
52 17 22 5
17 275 22 5
275 248 22 5
248 102 22 5
102 206 22 5
206 230 22 4
230 229 22 4
229 0 22 0
23 12
0 231 23 5
231 214 23 5
214 228 23 5
228 207 23 3
207 244 23 3
244 271 23 5
271 186 23 5
186 241 23 3
241 262 23 3
262 268 23 3
268 289 23 4
289 0 23 0
24 16
0 11 24 4
11 249 24 3
249 258 24 3
258 89 24 4
89 84 24 5
84 107 24 4
107 256 24 5
256 219 24 3
219 211 24 3
211 288 24 4
288 101 24 3
101 218 24 3
218 38 24 5
38 247 24 3
247 253 24 4
253 0 24 0
25 11
0 250 25 4
250 27 25 4
27 279 25 3
279 200 25 4
200 149 25 4
149 241 25 4
241 278 25 4
278 87 25 5
87 266 25 5
266 29 25 3
29 0 25 0
26 14
0 209 26 3
209 202 26 3
202 223 26 4
223 140 26 5
140 130 26 3
130 32 26 4
32 105 26 5
105 232 26 3
232 221 26 3
221 118 26 4
118 213 26 4
213 14 26 3
14 115 26 5
115 0 26 0
27 13
0 209 27 5
209 202 27 4
202 223 27 5
223 285 27 4
285 265 27 3
265 232 27 4
232 221 27 5
221 273 27 3
273 261 27 4
261 117 27 4
117 169 27 4
169 257 27 4
257 0 27 0
28 16
0 160 28 5
160 7 28 5
7 148 28 4
148 137 28 5
137 91 28 4
91 269 28 4
269 264 28 3
264 9 28 4
9 235 28 3
235 296 28 5
296 170 28 5
170 175 28 3
175 69 28 3
69 125 28 3
125 226 28 3
226 0 28 0
29 11
0 249 29 5
249 141 29 5
141 152 29 5
152 192 29 3
192 74 29 5
74 292 29 3
292 252 29 5
252 219 29 4
219 211 29 5
211 218 29 4
218 0 29 0
30 11
0 50 30 3
50 54 30 3
54 299 30 3
299 284 30 5
284 233 30 4
233 240 30 3
240 217 30 5
217 300 30 4
300 263 30 4
263 245 30 3
245 0 30 0
31 14
0 238 31 3
238 215 31 4
215 88 31 4
88 62 31 4
62 194 31 5
194 243 31 3
243 280 31 4
280 162 31 5
162 235 31 4
235 185 31 5
185 227 31 5
227 225 31 3
225 224 31 5
224 0 31 0
32 16
0 238 32 4
238 215 32 5
215 171 32 5
171 195 32 4
195 138 32 3
138 46 32 4
46 207 32 5
207 244 32 4
244 163 32 5
163 155 32 5
155 239 32 5
239 236 32 5
236 251 32 3
251 297 32 3
297 247 32 4
247 0 32 0
33 8
0 39 33 5
39 49 33 4
49 37 33 4
37 243 33 4
243 291 33 3
291 120 33 5
120 226 33 4
226 0 33 0
34 9
0 178 34 4
178 208 34 3
208 34 34 5
34 233 34 5
233 213 34 5
213 270 34 5
270 42 34 4
42 70 34 3
70 0 34 0
35 12
0 167 35 4
167 205 35 4
205 237 35 4
237 210 35 4
210 203 35 5
203 222 35 3
222 220 35 4
220 81 35 4
81 179 35 5
179 272 35 4
272 201 35 4
201 0 35 0
36 6
0 234 36 4
234 63 36 3
63 240 36 4
240 217 36 4
217 245 36 4
245 0 36 0
37 7
0 212 37 4
212 246 37 3
246 57 37 3
57 227 37 4
227 225 37 4
225 224 37 3
224 0 37 0
38 7
0 208 38 5
208 234 38 5
234 212 38 5
212 246 38 5
246 164 38 3
164 10 38 5
10 0 38 0
39 9
0 205 39 5
205 237 39 5
237 281 39 5
281 298 39 3
298 222 39 5
222 220 39 5
220 75 39 4
75 294 39 3
294 0 39 0
