# Solution for ../instances-HHCRSP/InstanzCPLEX_HCSRP_50_2.txt
# Cost = 586.684 Dist = 1712.32 Tard = 35.5912 TMax = 12.1377
# <vehicle> <route length>
# <origin node> <dest node> <vehicle> <service type>
0 12
0 26 0 0
26 11 0 2
11 49 0 2
49 2 0 0
2 10 0 0
10 19 0 2
19 34 0 2
34 15 0 2
15 21 0 0
21 12 0 2
12 32 0 0
32 0 0 0
1 5
0 50 1 2
50 44 1 2
44 3 1 2
3 16 1 2
16 0 1 0
2 14
0 46 2 0
46 9 2 1
9 14 2 0
14 48 2 1
48 45 2 1
45 17 2 1
17 43 2 1
43 7 2 0
7 6 2 0
6 33 2 1
33 31 2 1
31 4 2 1
4 47 2 2
47 0 2 0
3 5
0 39 3 3
39 50 3 3
50 38 3 3
38 20 3 5
20 0 3 0
4 5
0 40 4 3
40 22 4 3
22 44 4 5
44 37 4 5
37 0 4 0
5 4
0 39 5 4
39 38 5 4
38 37 5 4
37 0 5 0
6 6
0 40 6 4
40 23 6 5
23 36 6 3
36 42 6 3
42 47 6 3
47 0 6 0
7 11
0 1 7 4
1 48 7 4
48 45 7 4
45 49 7 4
49 27 7 4
27 41 7 4
41 29 7 3
29 5 7 3
5 18 7 3
18 35 7 4
35 0 7 0
8 4
0 46 8 5
46 43 8 5
43 30 8 4
30 0 8 0
9 9
0 8 9 3
8 13 9 4
13 28 9 5
28 25 9 4
25 41 9 5
41 36 9 5
36 42 9 4
42 24 9 4
24 0 9 0
