# Solution for ../instances-HHCRSP/InstanzVNS_HCSRP_100_1.txt
# Cost = 1350.86 Dist = 2797.15 Tard = 1031.54 TMax = 223.883
# <vehicle> <route length>
# <origin node> <dest node> <vehicle> <service type>
0 17
0 47 0 0
47 33 0 0
33 86 0 0
86 94 0 0
94 15 0 0
15 48 0 0
48 100 0 0
100 90 0 0
90 66 0 0
66 61 0 0
61 18 0 0
18 38 0 0
38 92 0 0
92 19 0 0
19 46 0 0
46 55 0 0
55 0 0 0
1 13
0 42 1 2
42 31 1 1
31 43 1 1
43 98 1 2
98 70 1 2
70 17 1 2
17 56 1 1
56 41 1 1
41 3 1 1
3 93 1 1
93 96 1 1
96 59 1 2
59 0 1 0
2 10
0 12 2 1
12 91 2 2
91 62 2 1
62 60 2 2
60 97 2 1
97 11 2 1
11 53 2 2
53 99 2 2
99 30 2 2
30 0 2 0
3 7
0 88 3 2
88 22 3 2
22 5 3 2
5 57 3 2
57 25 3 2
25 7 3 2
7 0 3 0
4 5
0 95 4 2
95 87 4 2
87 67 4 2
67 89 4 2
89 0 4 0
5 3
0 13 5 1
13 58 5 1
58 0 5 0
6 3
0 40 6 2
40 21 6 2
21 0 6 0
7 12
0 86 7 4
86 49 7 4
49 6 7 4
6 94 7 4
94 79 7 4
79 71 7 4
71 97 7 4
97 39 7 3
39 16 7 4
16 29 7 3
29 99 7 5
99 0 7 0
8 9
0 81 8 4
81 20 8 5
20 63 8 4
63 23 8 4
23 77 8 5
77 76 8 4
76 93 8 5
93 96 8 4
96 0 8 0
9 12
0 8 9 4
8 83 9 4
83 98 9 4
98 84 9 4
84 85 9 4
85 26 9 5
26 73 9 5
73 74 9 5
74 32 9 4
32 75 9 5
75 92 9 4
92 0 9 0
10 13
0 81 10 3
81 91 10 3
91 14 10 3
14 27 10 4
27 65 10 4
65 37 10 3
37 100 10 3
100 77 10 4
77 76 10 3
76 64 10 3
64 80 10 3
80 72 10 3
72 0 10 0
11 11
0 83 11 5
83 52 11 3
52 84 11 5
84 85 11 3
85 4 11 3
4 73 11 3
73 74 11 3
74 75 11 3
75 89 11 4
89 51 11 4
51 0 11 0
12 9
0 50 12 5
50 88 12 3
88 68 12 4
68 2 12 4
2 78 12 5
78 90 12 4
90 28 12 5
28 72 12 5
72 0 12 0
13 5
0 10 13 4
10 34 13 4
34 78 13 3
78 44 13 3
44 0 13 0
14 8
0 45 14 3
45 54 14 3
54 24 14 5
24 79 14 3
79 71 14 3
71 36 14 3
36 69 14 5
69 0 14 0
15 7
0 9 15 4
9 87 15 5
87 82 15 3
82 35 15 5
35 1 15 3
1 80 15 4
80 0 15 0
16 1
0 0 16 0
17 1
0 0 17 0
18 3
0 95 18 4
95 82 18 4
82 0 18 0
19 1
0 0 19 0
