# Solution for ../instances-HHCRSP/InstanzCPLEX_HCSRP_75_7.txt
# Cost = 613.473 Dist = 1840.42 Tard = 0 TMax = 0
# <vehicle> <route length>
# <origin node> <dest node> <vehicle> <service type>
0 7
0 50 0 0
50 64 0 0
64 10 0 0
10 74 0 0
74 39 0 0
39 29 0 0
29 0 0 0
1 12
0 2 1 2
2 38 1 0
38 11 1 0
11 51 1 0
51 42 1 2
42 40 1 2
40 70 1 1
70 68 1 1
68 26 1 2
26 71 1 0
71 46 1 1
46 0 1 0
2 10
0 72 2 1
72 18 2 0
18 73 2 0
73 75 2 1
75 12 2 0
12 33 2 1
33 9 2 0
9 15 2 1
15 13 2 0
13 0 2 0
3 5
0 65 3 1
65 24 3 1
24 14 3 1
14 69 3 1
69 0 3 0
4 7
0 25 4 2
25 45 4 1
45 67 4 2
67 66 4 1
66 22 4 2
22 36 4 2
36 0 4 0
5 15
0 49 5 4
49 4 5 4
4 32 5 3
32 1 5 4
1 41 5 5
41 62 5 4
62 70 5 5
70 68 5 4
68 55 5 3
55 16 5 4
16 57 5 4
57 30 5 5
30 61 5 3
61 63 5 3
63 0 5 0
6 11
0 23 6 3
23 53 6 3
53 58 6 3
58 73 6 3
73 43 6 3
43 5 6 4
5 67 6 5
67 66 6 3
66 6 6 4
6 28 6 4
28 0 6 0
7 5
0 53 7 5
53 58 7 4
58 75 7 4
75 37 7 4
37 0 7 0
8 7
0 56 8 3
56 35 8 3
35 8 8 5
8 19 8 3
19 54 8 3
54 60 8 3
60 0 8 0
9 7
0 72 9 4
72 34 9 3
34 20 9 3
20 54 9 4
54 47 9 4
47 60 9 5
60 0 9 0
10 9
0 21 10 4
21 65 10 5
65 31 10 3
31 52 10 3
52 55 10 4
55 57 10 5
57 7 10 4
7 71 10 3
71 0 10 0
11 8
0 56 11 5
56 3 11 3
3 64 11 4
64 62 11 5
62 69 11 3
69 61 11 4
61 63 11 4
63 0 11 0
12 5
0 17 12 3
17 74 12 4
74 27 12 3
27 48 12 3
48 0 12 0
13 3
0 59 13 4
59 44 13 3
44 0 13 0
14 2
0 59 14 3
59 0 14 0
