# Solution for ../instances-HHCRSP/InstanzVNS_HCSRP_200_7.txt
# Cost = 1170.01 Dist = 3483.24 Tard = 16.8246 TMax = 9.95219
# <vehicle> <route length>
# <origin node> <dest node> <vehicle> <service type>
0 11
0 82 0 0
82 53 0 0
53 136 0 2
136 171 0 0
171 185 0 0
185 180 0 2
180 127 0 0
127 181 0 2
181 9 0 0
9 184 0 2
184 0 0 0
1 16
0 183 1 1
183 192 1 0
192 50 1 0
50 105 1 1
105 193 1 0
193 38 1 0
38 51 1 0
51 79 1 1
79 77 1 0
77 78 1 1
78 68 1 1
68 182 1 0
182 174 1 0
174 177 1 1
177 46 1 1
46 0 1 0
2 11
0 2 2 2
2 42 2 2
42 11 2 0
11 172 2 0
172 108 2 0
108 196 2 2
196 57 2 0
57 197 2 0
197 186 2 0
186 63 2 0
63 0 2 0
3 5
0 188 3 2
188 176 3 2
176 187 3 2
187 130 3 2
130 0 3 0
4 13
0 129 4 1
129 191 4 2
191 100 4 1
100 45 4 1
45 67 4 2
67 195 4 1
195 36 4 2
36 54 4 2
54 22 4 2
22 106 4 1
106 15 4 1
15 86 4 2
86 0 4 0
5 16
0 178 5 1
178 65 5 2
65 189 5 2
189 24 5 1
24 75 5 2
75 90 5 2
90 64 5 1
64 40 5 2
40 194 5 2
194 14 5 1
14 80 5 2
80 85 5 1
85 115 5 2
115 26 5 2
26 134 5 2
134 0 5 0
6 10
0 72 6 0
72 97 6 0
97 18 6 0
18 59 6 0
59 102 6 0
102 10 6 0
10 39 6 0
39 175 6 0
175 12 6 0
12 0 6 0
7 11
0 124 7 1
124 113 7 1
113 99 7 1
99 200 7 0
200 198 7 1
198 93 7 1
93 25 7 2
25 33 7 1
33 190 7 2
190 199 7 1
199 0 7 0
8 4
0 29 8 0
29 173 8 1
173 13 8 0
13 0 8 0
9 7
0 131 9 2
131 114 9 0
114 101 9 0
101 140 9 0
140 179 9 0
179 76 9 0
76 0 9 0
10 12
0 160 10 3
160 141 10 4
141 121 10 3
121 162 10 3
162 142 10 3
142 83 10 3
83 138 10 4
138 66 10 3
66 169 10 3
169 181 10 4
181 184 10 3
184 0 10 0
11 13
0 183 11 3
183 192 11 3
192 98 11 3
98 89 11 5
89 176 11 3
176 146 11 3
146 159 11 5
159 19 11 3
19 187 11 5
187 8 11 5
8 158 11 3
158 186 11 3
186 0 11 0
12 15
0 35 12 3
35 32 12 3
32 193 12 3
193 62 12 3
62 166 12 3
166 147 12 5
147 148 12 3
148 52 12 3
52 155 12 3
155 149 12 5
149 182 12 5
182 125 12 5
125 94 12 3
94 177 12 3
177 0 12 0
13 11
0 160 13 4
160 141 13 5
141 157 13 4
157 37 13 4
37 6 13 4
6 175 13 3
175 110 13 3
110 44 13 3
44 60 13 3
60 103 13 3
103 0 13 0
14 18
0 188 14 4
188 56 14 4
56 168 14 3
168 178 14 5
178 189 14 4
189 143 14 3
143 145 14 3
145 118 14 4
118 70 14 5
70 120 14 3
120 119 14 5
119 104 14 4
104 69 14 5
69 112 14 5
112 158 14 4
158 197 14 4
197 30 14 5
30 0 14 0
15 16
0 168 15 5
168 3 15 3
3 143 15 4
143 145 15 5
145 196 15 4
196 109 15 4
109 128 15 3
128 88 15 3
88 41 15 5
41 91 15 4
91 155 15 4
155 149 15 4
149 174 15 4
174 71 15 4
71 7 15 4
7 0 15 0
16 9
0 165 16 4
165 170 16 4
170 191 16 5
191 162 16 5
162 142 16 4
142 164 16 4
164 161 16 4
161 163 16 5
163 0 16 0
17 19
0 133 17 3
133 21 17 4
21 95 17 4
95 1 17 4
1 172 17 3
172 31 17 3
31 116 17 5
116 194 17 4
194 166 17 4
166 147 17 4
147 148 17 5
148 126 17 3
126 55 17 4
55 96 17 5
96 117 17 5
117 111 17 4
111 16 17 4
16 107 17 5
107 0 17 0
18 8
0 165 18 3
165 170 18 5
170 139 18 5
139 171 18 3
171 154 18 5
154 151 18 5
151 190 18 4
190 0 18 0
19 5
0 92 19 4
92 154 19 3
154 151 19 3
151 47 19 4
47 0 19 0
20 15
0 81 20 4
81 4 20 4
4 49 20 4
49 146 20 5
146 74 20 4
74 159 20 4
159 27 20 3
27 84 20 4
84 17 20 3
17 144 20 4
144 156 20 3
156 153 20 4
153 48 20 3
48 152 20 3
152 0 20 0
21 15
0 137 21 4
137 58 21 3
58 200 21 5
200 198 21 3
198 5 21 4
5 135 21 5
135 43 21 3
43 185 21 4
185 180 21 3
180 132 21 3
132 28 21 4
28 169 21 4
169 161 21 3
161 163 21 3
163 0 21 0
22 13
0 123 22 3
123 34 22 3
34 20 22 3
20 23 22 3
23 157 22 3
157 73 22 3
73 164 22 5
164 195 22 3
195 144 22 3
144 156 22 5
156 153 22 3
153 152 22 5
152 0 22 0
23 7
0 150 23 4
150 167 23 3
167 87 23 4
87 61 23 4
61 179 23 5
179 173 23 3
173 0 23 0
24 2
0 199 24 4
199 0 24 0
25 4
0 150 25 5
150 167 25 4
167 122 25 3
122 0 25 0
26 1
0 0 26 0
27 1
0 0 27 0
28 1
0 0 28 0
29 1
0 0 29 0
