# Solution for ../instances-HHCRSP/InstanzCPLEX_HCSRP_75_2.txt
# Cost = 735.299 Dist = 2195.43 Tard = 7.28831 TMax = 3.18268
# <vehicle> <route length>
# <origin node> <dest node> <vehicle> <service type>
0 19
0 71 0 0
71 14 0 0
14 11 0 2
11 26 0 0
26 72 0 2
72 41 0 2
41 19 0 2
19 2 0 0
2 45 0 0
45 68 0 2
68 34 0 2
34 15 0 2
15 10 0 0
10 65 0 0
65 74 0 0
74 12 0 2
12 4 0 1
4 42 0 1
42 0 0 0
1 6
0 17 1 1
17 67 1 1
67 44 1 1
44 33 1 1
33 38 1 1
38 0 1 0
2 9
0 46 2 0
46 70 2 0
70 69 2 0
69 64 2 0
64 7 2 0
7 6 2 0
6 21 2 0
21 32 2 0
32 0 2 0
3 8
0 75 3 2
75 39 3 1
39 3 3 2
3 40 3 2
40 36 3 2
36 43 3 2
43 16 3 2
16 0 3 0
4 5
0 9 4 1
9 73 4 1
73 66 4 1
66 31 4 1
31 0 4 0
5 10
0 71 5 4
71 22 5 3
22 72 5 4
72 28 5 5
28 56 5 3
56 58 5 4
58 55 5 4
55 47 5 4
47 37 5 3
37 0 5 0
6 5
0 60 6 3
60 62 6 3
62 57 6 3
57 63 6 3
63 0 6 0
7 6
0 59 7 4
59 52 7 4
52 64 7 4
64 20 7 5
20 63 7 4
63 0 7 0
8 2
0 75 8 3
75 0 8 0
9 4
0 60 9 4
60 69 9 4
69 30 9 4
30 0 9 0
10 3
0 59 10 5
59 51 10 5
51 0 10 0
11 8
0 53 11 4
53 54 11 4
54 61 11 5
61 25 11 4
25 56 11 4
56 58 11 5
58 55 11 5
55 0 11 0
12 12
0 53 12 5
53 54 12 3
54 61 12 3
61 8 12 3
8 49 12 4
49 73 12 5
73 27 12 4
27 66 12 3
66 35 12 4
35 65 12 4
65 74 12 3
74 0 12 0
13 7
0 50 13 5
50 62 13 4
62 70 13 5
70 57 13 4
57 23 13 5
23 24 13 4
24 0 13 0
14 9
0 1 14 4
1 67 14 3
67 13 14 4
13 48 14 3
48 29 14 3
29 68 14 5
68 5 14 3
5 18 14 3
18 0 14 0
