# Solution for ../instances-HHCRSP/InstanzVNS_HCSRP_200_3.txt
# Cost = 1281.55 Dist = 3798 Tard = 36.1593 TMax = 10.476
# <vehicle> <route length>
# <origin node> <dest node> <vehicle> <service type>
0 11
0 181 0 1
181 107 0 1
107 10 0 1
10 180 0 1
180 186 0 0
186 135 0 0
135 38 0 0
38 133 0 1
133 97 0 0
97 200 0 1
200 0 0 0
1 10
0 2 1 2
2 91 1 0
91 124 1 2
124 172 1 0
172 189 1 0
189 29 1 2
29 69 1 2
69 79 1 2
79 136 1 2
136 0 1 0
2 16
0 9 2 1
9 195 2 1
195 176 2 1
176 50 2 2
50 40 2 1
40 125 2 1
125 175 2 2
175 108 2 1
108 183 2 2
183 43 2 2
43 47 2 2
47 123 2 1
123 87 2 2
87 130 2 2
130 54 2 1
54 0 2 0
3 12
0 117 3 0
117 59 3 0
59 182 3 2
182 22 3 0
22 171 3 0
171 6 3 0
6 112 3 2
112 192 3 2
192 86 3 2
86 72 3 2
72 103 3 2
103 0 3 0
4 9
0 61 4 2
61 1 4 2
1 88 4 2
88 184 4 2
184 89 4 2
89 140 4 2
140 138 4 2
138 187 4 2
187 0 4 0
5 12
0 114 5 0
114 34 5 0
34 177 5 0
177 122 5 0
122 121 5 0
121 128 5 0
128 17 5 0
17 60 5 0
60 137 5 0
137 5 5 0
5 126 5 0
126 0 5 0
6 15
0 198 6 1
198 197 6 1
197 33 6 0
33 174 6 2
174 190 6 1
190 194 6 1
194 173 6 1
173 45 6 2
45 178 6 1
178 191 6 2
191 67 6 1
67 31 6 2
31 139 6 0
139 76 6 2
76 0 6 0
7 3
0 68 7 0
68 3 7 0
3 0 7 0
8 16
0 20 8 1
20 111 8 1
111 26 8 1
26 35 8 2
35 90 8 1
90 80 8 1
80 4 8 1
4 62 8 1
62 196 8 1
196 64 8 2
64 118 8 2
118 41 8 1
41 185 8 1
185 193 8 2
193 199 8 2
199 0 8 0
9 7
0 179 9 1
179 23 9 1
23 63 9 1
63 188 9 1
188 65 9 1
65 21 9 1
21 0 9 0
10 5
0 16 10 4
16 92 10 4
92 162 10 4
162 142 10 4
142 0 10 0
11 16
0 145 11 3
145 110 11 5
110 143 11 3
143 55 11 3
55 197 11 5
197 109 11 3
109 174 11 3
174 82 11 5
82 51 11 3
51 178 11 5
178 52 11 3
52 155 11 3
155 134 11 4
134 170 11 3
170 167 11 3
167 0 11 0
12 17
0 145 12 5
145 143 12 4
143 7 12 3
7 74 12 3
74 168 12 3
168 151 12 4
151 190 12 4
190 194 12 3
194 177 12 5
177 18 12 3
18 8 12 4
8 149 12 3
149 131 12 4
131 191 12 4
191 155 12 4
155 170 12 5
170 0 12 0
13 4
0 156 13 5
156 142 13 5
142 48 13 5
48 0 13 0
14 10
0 147 14 4
147 70 14 5
70 129 14 5
129 169 14 4
169 100 14 4
100 196 14 4
196 189 14 4
189 25 14 4
25 144 14 4
144 0 14 0
15 9
0 156 15 3
156 181 15 4
181 162 15 3
162 46 15 4
46 184 15 3
184 154 15 3
154 148 15 3
148 39 15 3
39 0 15 0
16 10
0 147 16 3
147 115 16 3
115 169 16 3
169 42 16 5
42 185 16 3
185 30 16 5
30 193 16 4
193 199 16 5
199 150 16 3
150 0 16 0
17 12
0 195 17 5
195 176 17 5
176 146 17 3
146 175 17 5
175 84 17 3
84 183 17 3
183 57 17 3
57 66 17 3
66 11 17 3
11 141 17 4
141 104 17 5
104 0 17 0
18 13
0 36 18 3
36 198 18 5
198 168 18 4
168 151 18 5
151 32 18 5
32 173 18 5
173 119 18 3
119 75 18 4
75 149 18 5
149 78 18 5
78 94 18 4
94 167 18 5
167 0 18 0
19 10
0 152 19 3
152 27 19 5
27 165 19 4
165 127 19 4
127 58 19 4
58 13 19 5
13 19 19 4
19 120 19 5
120 150 19 4
150 0 19 0
20 8
0 161 20 3
161 158 20 5
158 153 20 3
153 164 20 3
164 157 20 3
157 99 20 3
99 101 20 5
101 0 20 0
21 11
0 152 21 4
152 165 21 5
165 163 21 3
163 83 21 4
83 172 21 3
172 180 21 3
180 154 21 5
154 186 21 5
186 148 21 5
148 187 21 5
187 0 21 0
22 9
0 161 22 5
161 158 22 4
158 153 22 4
153 164 22 4
164 85 22 4
85 160 22 4
160 12 22 4
12 141 22 5
141 0 22 0
23 13
0 132 23 4
132 44 23 4
44 71 23 5
71 98 23 5
98 146 23 5
146 182 23 4
182 102 23 4
102 171 23 5
171 192 23 4
192 160 23 3
160 157 23 5
157 159 23 4
159 0 23 0
24 6
0 15 24 3
15 166 24 3
166 106 24 5
106 144 24 5
144 37 24 3
37 0 24 0
25 9
0 49 25 4
49 179 25 3
179 28 25 5
28 116 25 3
116 73 25 4
73 95 25 5
95 53 25 3
53 200 25 4
200 0 25 0
26 1
0 0 26 0
27 8
0 113 27 4
113 96 27 5
96 56 27 4
56 188 27 3
188 93 27 5
93 14 27 4
14 159 27 5
159 0 27 0
28 6
0 24 28 5
24 163 28 5
163 105 28 5
105 81 28 5
81 77 28 5
77 0 28 0
29 2
0 166 29 5
166 0 29 0
