# Solution for ../instances-HHCRSP/InstanzVNS_HCSRP_300_5.txt
# Cost = 1724.23 Dist = 5142.14 Tard = 21.5583 TMax = 9
# <vehicle> <route length>
# <origin node> <dest node> <vehicle> <service type>
0 14
0 292 0 0
292 23 0 0
23 121 0 1
121 34 0 1
34 85 0 0
85 147 0 1
147 18 0 1
18 104 0 0
104 35 0 1
35 156 0 1
156 82 0 1
82 264 0 0
264 40 0 1
40 0 0 0
1 6
0 175 1 1
175 71 1 1
71 76 1 1
76 102 1 1
102 197 1 1
197 0 1 0
2 13
0 272 2 2
272 77 2 1
77 9 2 2
9 268 2 1
268 299 2 2
299 91 2 1
91 183 2 2
183 284 2 2
284 97 2 1
97 162 2 1
162 25 2 1
25 263 2 1
263 0 2 0
3 2
0 259 3 0
259 0 3 0
4 3
0 108 4 2
108 145 4 2
145 0 4 0
5 3
0 115 5 0
115 267 5 0
267 0 5 0
6 11
0 260 6 1
260 118 6 1
118 256 6 1
256 285 6 1
285 186 6 1
186 39 6 1
39 119 6 1
119 31 6 1
31 275 6 1
275 106 6 1
106 0 6 0
7 17
0 296 7 0
296 99 7 0
99 255 7 0
255 165 7 0
165 46 7 2
46 17 7 0
17 164 7 0
164 291 7 2
291 300 7 0
300 294 7 0
294 27 7 2
27 69 7 2
69 251 7 0
251 146 7 0
146 158 7 2
158 4 7 2
4 0 7 0
8 13
0 276 8 2
276 182 8 2
182 288 8 2
288 293 8 2
293 253 8 2
253 36 8 2
36 265 8 2
265 64 8 2
64 3 8 2
3 277 8 2
277 289 8 2
289 140 8 2
140 0 8 0
9 6
0 15 9 2
15 167 9 2
167 181 9 2
181 179 9 2
179 258 9 2
258 0 9 0
10 12
0 195 10 0
195 135 10 2
135 70 10 0
70 295 10 2
295 100 10 2
100 124 10 2
124 43 10 0
43 32 10 2
32 30 10 2
30 298 10 0
298 282 10 0
282 0 10 0
11 18
0 154 11 1
154 262 11 0
262 14 11 0
14 286 11 2
286 144 11 1
144 283 11 1
283 87 11 0
87 254 11 2
254 178 11 1
178 33 11 1
33 5 11 0
5 280 11 0
280 88 11 0
88 116 11 0
116 271 11 0
271 270 11 0
270 24 11 2
24 0 11 0
12 4
0 297 12 1
297 287 12 1
287 90 12 1
90 0 12 0
13 8
0 266 13 1
266 81 13 1
81 169 13 1
169 84 13 1
84 96 13 1
96 75 13 1
75 13 13 1
13 0 13 0
14 9
0 261 14 0
261 93 14 0
93 131 14 0
131 170 14 1
170 51 14 1
51 86 14 1
86 74 14 0
74 281 14 0
281 0 14 0
15 17
0 269 15 0
269 126 15 0
126 192 15 2
192 180 15 0
180 257 15 2
257 188 15 0
188 117 15 2
117 274 15 0
274 278 15 0
278 56 15 0
56 21 15 0
21 171 15 2
171 137 15 0
137 41 15 0
41 290 15 2
290 114 15 0
114 0 15 0
16 3
0 252 16 2
252 193 16 2
193 0 16 0
17 5
0 174 17 1
174 279 17 1
279 161 17 1
161 273 17 1
273 0 17 0
18 6
0 58 18 4
58 266 18 4
266 202 18 4
202 231 18 4
231 258 18 4
258 0 18 0
19 15
0 250 19 5
250 272 19 4
272 216 19 5
216 142 19 5
142 284 19 4
284 177 19 5
177 53 19 4
53 223 19 4
223 83 19 4
83 213 19 4
213 220 19 4
220 280 19 4
280 271 19 5
271 270 19 4
270 0 19 0
20 11
0 292 20 3
292 133 20 3
133 250 20 3
250 52 20 5
52 206 20 3
206 62 20 3
62 48 20 4
48 205 20 3
205 263 20 5
263 243 20 3
243 0 20 0
21 4
0 259 21 5
259 231 21 3
231 207 21 3
207 0 21 0
22 23
0 6 22 5
6 245 22 4
245 296 22 4
296 11 22 5
11 153 22 4
153 255 22 5
255 216 22 3
216 200 22 4
200 72 22 4
72 185 22 3
185 127 22 5
127 67 22 3
67 226 22 3
226 68 22 5
68 223 22 5
223 150 22 5
150 224 22 3
224 214 22 3
214 89 22 3
89 61 22 5
61 189 22 5
189 107 22 5
107 0 22 0
23 19
0 245 23 5
245 122 23 4
122 184 23 3
184 172 23 3
172 268 23 3
268 241 23 3
241 299 23 5
299 233 23 4
233 240 23 4
240 237 23 4
237 249 23 3
249 230 23 3
230 159 23 4
159 214 23 4
214 275 23 4
275 26 23 4
26 242 23 3
242 221 23 3
221 0 23 0
24 15
0 209 24 4
209 260 24 4
260 286 24 5
286 217 24 3
217 212 24 4
212 80 24 5
80 241 24 5
241 168 24 3
168 226 24 5
226 294 24 5
294 47 24 4
47 224 24 4
224 205 24 4
205 243 24 4
243 0 24 0
25 20
0 209 25 5
209 229 25 3
229 45 25 3
45 217 25 5
217 212 25 5
212 63 25 3
63 125 25 4
125 103 25 4
103 157 25 5
157 283 25 3
283 7 25 4
7 149 25 4
149 254 25 3
254 113 25 3
113 112 25 5
112 225 25 3
225 208 25 3
208 232 25 3
232 173 25 3
173 0 25 0
26 20
0 160 26 5
160 219 26 3
219 199 26 4
199 261 26 3
261 239 26 3
239 38 26 3
38 50 26 3
50 109 26 4
109 55 26 5
55 295 26 4
295 120 26 4
120 19 26 5
19 65 26 4
65 191 26 3
191 287 26 5
287 211 26 3
211 203 26 3
203 298 26 3
298 282 26 5
282 0 26 0
27 18
0 219 27 4
219 262 27 3
262 78 27 4
78 163 27 3
163 256 27 5
256 10 27 3
10 2 27 4
2 66 27 3
66 291 27 4
291 155 27 3
155 285 27 3
285 300 27 3
300 123 27 4
123 92 27 3
92 251 27 5
251 242 27 5
242 221 27 4
221 0 27 0
28 9
0 235 28 3
235 248 28 3
248 297 28 3
297 210 28 3
210 236 28 3
236 244 28 3
244 215 28 3
215 110 28 5
110 0 28 0
29 15
0 235 29 4
235 248 29 5
248 152 29 5
152 288 29 3
288 111 29 4
111 201 29 3
201 265 29 4
265 228 29 4
228 211 29 5
211 203 29 5
203 132 29 4
132 238 29 4
238 44 29 3
44 73 29 4
73 0 29 0
30 14
0 8 30 5
8 196 30 3
196 218 30 3
218 12 30 3
12 166 30 3
166 222 30 3
222 279 30 5
279 274 30 5
274 278 30 5
278 176 30 5
176 234 30 3
234 264 30 5
264 136 30 5
136 0 30 0
31 16
0 98 31 3
98 229 31 5
229 59 31 3
59 60 31 5
60 28 31 3
28 54 31 5
54 222 31 5
222 257 31 4
257 198 31 5
198 151 31 3
151 204 31 3
204 227 31 4
227 277 31 3
277 187 31 3
187 273 31 5
273 0 31 0
32 14
0 276 32 4
276 239 32 4
239 42 32 5
42 22 32 5
22 130 32 4
130 233 32 5
233 249 32 5
249 230 32 4
230 105 32 4
105 234 32 5
234 148 32 4
148 208 32 4
208 232 32 4
232 0 32 0
33 11
0 138 33 5
138 210 33 5
210 236 33 5
236 244 33 4
244 215 33 4
215 141 33 4
141 128 33 3
128 252 33 4
252 267 33 3
267 57 33 5
57 0 33 0
34 13
0 269 34 4
269 218 34 5
218 293 34 5
293 194 34 4
194 94 34 3
94 253 34 3
253 29 34 3
29 204 34 5
204 227 34 5
227 228 34 5
228 129 34 3
129 238 34 5
238 0 34 0
35 6
0 143 35 3
143 202 35 3
202 101 35 5
101 1 35 5
1 207 35 5
207 0 35 0
36 1
0 0 36 0
37 13
0 16 37 4
16 49 37 5
49 139 37 3
139 206 37 4
206 240 37 5
240 237 37 5
237 134 37 3
134 213 37 5
213 220 37 5
220 225 37 4
225 289 37 4
289 37 37 4
37 0 37 0
38 8
0 246 38 4
246 20 38 3
20 190 38 4
190 247 38 4
247 201 38 5
201 281 38 3
281 95 38 4
95 0 38 0
39 5
0 246 39 5
246 247 39 5
247 79 39 3
79 290 39 5
290 0 39 0
