# Solution for ../instances-HHCRSP/InstanzVNS_HCSRP_300_9.txt
# Cost = 1966.42 Dist = 5867.05 Tard = 26.8005 TMax = 5.40312
# <vehicle> <route length>
# <origin node> <dest node> <vehicle> <service type>
0 15
0 89 0 1
89 297 0 0
297 4 0 1
4 161 0 1
161 50 0 1
50 162 0 0
162 299 0 0
299 134 0 1
134 144 0 0
144 78 0 1
78 152 0 1
152 26 0 0
26 141 0 0
141 31 0 0
31 0 0 0
1 4
0 274 1 1
274 294 1 1
294 142 1 1
142 0 1 0
2 10
0 268 2 0
268 90 2 0
90 123 2 0
123 80 2 0
80 195 2 0
195 257 2 0
257 69 2 0
69 187 2 0
187 20 2 0
20 0 2 0
3 11
0 81 3 0
81 287 3 0
287 147 3 0
147 264 3 0
264 255 3 1
255 83 3 0
83 286 3 0
286 21 3 1
21 137 3 1
137 267 3 0
267 0 3 0
4 9
0 71 4 0
71 298 4 0
298 284 4 0
284 151 4 0
151 53 4 0
53 140 4 0
140 251 4 0
251 55 4 0
55 0 4 0
5 14
0 116 5 2
116 146 5 2
146 36 5 2
36 79 5 0
79 178 5 2
178 27 5 0
27 56 5 0
56 124 5 2
124 283 5 0
283 84 5 2
84 158 5 2
158 176 5 0
176 260 5 2
260 0 5 0
6 3
0 273 6 0
273 43 6 0
43 0 6 0
7 13
0 289 7 1
289 82 7 1
82 96 7 1
96 194 7 0
194 61 7 0
61 105 7 1
105 122 7 1
122 183 7 0
183 174 7 0
174 293 7 1
293 278 7 0
278 172 7 1
172 0 7 0
8 3
0 73 8 0
73 32 8 0
32 0 8 0
9 13
0 59 9 2
59 23 9 2
23 101 9 1
101 97 9 1
97 98 9 1
98 143 9 1
143 277 9 1
277 180 9 1
180 266 9 2
266 271 9 2
271 135 9 1
135 253 9 2
253 0 9 0
10 13
0 280 10 2
280 11 10 2
11 281 10 1
281 300 10 2
300 86 10 1
86 193 10 2
193 18 10 2
18 259 10 2
259 138 10 1
138 148 10 1
148 74 10 1
74 111 10 2
111 0 10 0
11 17
0 272 11 2
272 269 11 1
269 9 11 1
9 58 11 2
58 1 11 1
1 182 11 2
182 30 11 1
30 254 11 1
254 28 11 2
28 292 11 1
292 85 11 1
85 44 11 2
44 256 11 2
256 157 11 2
157 93 11 2
93 60 11 2
60 0 11 0
12 1
0 0 12 0
13 14
0 117 13 1
117 54 13 1
54 275 13 0
275 177 13 0
177 295 13 0
295 33 13 0
33 252 13 1
252 265 13 1
265 184 13 0
184 125 13 1
125 291 13 0
291 258 13 0
258 261 13 0
261 0 13 0
14 14
0 35 14 2
35 262 14 2
262 150 14 2
150 166 14 0
166 95 14 2
95 77 14 2
77 72 14 2
72 8 14 0
8 139 14 2
139 191 14 2
191 45 14 2
45 112 14 2
112 276 14 2
276 0 14 0
15 8
0 64 15 2
64 47 15 2
47 186 15 2
186 127 15 2
127 296 15 2
296 285 15 2
285 290 15 2
290 0 15 0
16 10
0 185 16 2
185 42 16 2
42 16 16 2
16 288 16 2
288 87 16 2
87 279 16 2
279 57 16 2
57 188 16 2
188 169 16 2
169 0 16 0
17 7
0 282 17 2
282 263 17 1
263 10 17 1
10 197 17 2
197 270 17 2
270 126 17 2
126 0 17 0
18 15
0 231 18 3
231 22 18 4
22 280 18 4
280 281 18 4
281 12 18 4
12 264 18 4
264 210 18 4
210 221 18 3
221 245 18 3
245 212 18 4
212 200 18 3
200 136 18 3
136 213 18 3
213 260 18 4
260 0 18 0
19 16
0 231 19 5
231 155 19 4
155 297 19 3
297 75 19 5
75 168 19 3
168 175 19 3
175 19 19 5
19 132 19 3
132 300 19 5
300 245 19 4
245 62 19 3
62 233 19 3
233 259 19 4
259 167 19 4
167 267 19 5
267 0 19 0
20 17
0 130 20 4
130 192 20 3
192 52 20 4
52 206 20 4
206 216 20 3
216 226 20 3
226 248 20 4
248 283 20 4
283 38 20 3
38 205 20 3
205 257 20 3
257 232 20 3
232 237 20 3
237 190 20 4
190 230 20 3
230 235 20 3
235 0 20 0
21 14
0 214 21 3
214 274 21 5
274 228 21 3
228 109 21 3
109 294 21 3
294 128 21 5
128 203 21 3
203 249 21 5
249 254 21 3
254 292 21 5
292 102 21 3
102 293 21 5
293 159 21 5
159 0 21 0
22 10
0 214 22 5
214 228 22 5
228 5 22 5
5 203 22 4
203 249 22 4
249 103 22 5
103 278 22 4
278 171 22 5
171 65 22 5
65 0 22 0
23 15
0 206 23 5
206 216 23 5
216 226 23 5
226 248 23 5
248 295 23 3
295 76 23 3
76 48 23 5
48 115 23 3
115 209 23 3
209 279 23 4
279 37 23 5
37 51 23 4
51 230 23 5
230 235 23 4
235 0 23 0
24 11
0 217 24 5
217 91 24 3
91 189 24 3
189 39 24 3
39 215 24 3
215 198 24 5
198 266 24 3
266 244 24 3
244 240 24 5
240 241 24 3
241 0 24 0
25 15
0 217 25 4
217 133 25 3
133 156 25 3
156 34 25 4
34 275 25 3
275 154 25 5
154 199 25 3
199 3 25 4
3 277 25 3
277 215 25 5
215 271 25 5
271 244 25 5
244 240 25 4
240 241 25 5
241 0 25 0
26 14
0 179 26 5
179 272 26 5
272 173 26 4
173 110 26 3
110 63 26 4
63 229 26 3
229 225 26 3
225 299 26 3
299 129 26 5
129 208 26 4
208 220 26 4
220 29 26 3
29 236 26 3
236 0 26 0
27 6
0 238 27 3
238 289 27 5
289 204 27 3
204 108 27 5
108 250 27 3
250 0 27 0
28 17
0 268 28 4
268 49 28 5
49 66 28 3
66 269 28 3
269 2 28 4
2 163 28 4
163 211 28 3
211 209 28 4
209 205 28 4
205 232 28 4
232 237 28 5
237 247 28 3
247 291 28 5
291 258 28 4
258 118 28 3
118 261 28 5
261 0 28 0
29 8
0 238 29 4
238 204 29 5
204 202 29 4
202 41 29 4
41 121 29 4
121 256 29 3
256 250 29 5
250 0 29 0
30 8
0 246 30 4
246 234 30 3
234 99 30 4
99 224 30 3
224 218 30 3
218 270 30 3
270 253 30 3
253 0 30 0
31 15
0 246 31 5
246 234 31 4
234 298 31 5
298 120 31 4
120 25 31 5
25 224 31 5
224 284 31 5
284 218 31 5
218 153 31 5
153 181 31 3
181 46 31 5
46 285 31 3
285 94 31 4
94 290 31 3
290 0 31 0
32 14
0 227 32 4
227 287 32 5
287 106 32 3
106 242 32 4
242 255 32 5
255 201 32 3
201 70 32 5
70 221 32 4
221 212 32 5
212 24 32 4
24 160 32 4
160 92 32 4
92 276 32 3
276 0 32 0
33 7
0 227 33 5
227 262 33 5
262 67 33 5
67 210 33 3
210 131 33 5
131 213 33 5
213 0 33 0
34 14
0 170 34 3
170 239 34 4
239 104 34 4
104 223 34 3
223 68 34 4
68 242 34 5
242 229 34 5
229 225 34 4
225 6 34 3
6 15 34 5
15 233 34 4
233 247 34 5
247 40 34 5
40 0 34 0
35 11
0 239 35 5
239 223 35 5
223 196 35 5
196 119 35 3
119 201 35 4
201 286 35 5
286 88 35 4
88 208 35 5
208 220 35 5
220 236 35 4
236 0 35 0
36 13
0 145 36 4
145 164 36 4
164 107 36 5
107 113 36 3
113 288 36 5
288 17 36 5
17 211 36 5
211 252 36 5
252 265 36 3
265 13 36 4
13 296 36 4
296 251 36 5
251 0 36 0
37 10
0 243 37 4
243 165 37 5
165 222 37 3
222 263 37 3
263 100 37 5
100 7 37 5
7 14 37 4
14 219 37 3
219 207 37 3
207 0 37 0
38 8
0 243 38 5
243 282 38 4
282 222 38 5
222 114 38 4
114 149 38 4
149 219 38 5
219 207 38 4
207 0 38 0
39 3
0 273 39 3
273 202 39 5
202 0 39 0
