# Solution for ../instances-HHCRSP/InstanzVNS_HCSRP_100_10.txt
# Cost = 842.502 Dist = 2527.41 Tard = 0.04918 TMax = 0.04918
# <vehicle> <route length>
# <origin node> <dest node> <vehicle> <service type>
0 15
0 63 0 2
63 61 0 2
61 33 0 0
33 4 0 0
4 34 0 2
34 16 0 0
16 62 0 0
62 96 0 2
96 95 0 0
95 60 0 0
60 48 0 0
48 14 0 0
14 66 0 0
66 28 0 2
28 0 0 0
1 9
0 22 1 1
22 64 1 1
64 11 1 1
11 7 1 1
7 93 1 1
93 26 1 1
26 19 1 1
19 36 1 1
36 0 1 0
2 7
0 57 2 2
57 70 2 2
70 24 2 2
24 29 2 2
29 99 2 2
99 31 2 2
31 0 2 0
3 2
0 92 3 2
92 0 3 0
4 13
0 50 4 1
50 94 4 2
94 35 4 1
35 32 4 2
32 90 4 1
90 88 4 1
88 91 4 2
91 27 4 2
27 43 4 2
43 42 4 1
42 30 4 2
30 59 4 2
59 0 4 0
5 9
0 89 5 0
89 2 5 0
2 86 5 0
86 44 5 0
44 58 5 0
58 98 5 1
98 40 5 1
40 47 5 0
47 0 5 0
6 5
0 100 6 1
100 87 6 1
87 18 6 1
18 97 6 1
97 0 6 0
7 9
0 45 7 4
45 78 7 3
78 39 7 3
39 93 7 4
93 9 7 3
9 74 7 4
74 79 7 3
79 81 7 3
81 0 7 0
8 14
0 73 8 3
73 80 8 3
80 83 8 3
83 90 8 5
90 52 8 5
52 88 8 3
88 51 8 5
51 56 8 5
56 74 8 3
74 69 8 5
69 13 8 3
13 75 8 5
75 77 8 5
77 0 8 0
9 11
0 73 9 4
73 94 9 4
94 80 9 5
80 83 9 4
83 15 9 3
15 68 9 5
68 91 9 4
91 67 9 4
67 72 9 3
72 54 9 5
54 0 9 0
10 11
0 5 10 4
5 12 10 5
12 20 10 4
20 37 10 4
37 86 10 3
86 38 10 4
38 96 10 3
96 95 10 5
95 79 10 4
79 81 10 5
81 0 10 0
11 11
0 89 11 5
89 85 11 3
85 49 11 5
49 84 11 3
84 65 11 4
65 71 11 5
71 46 11 5
46 25 11 5
25 41 11 5
41 55 11 5
55 0 11 0
12 8
0 100 12 4
100 53 12 3
53 87 12 4
87 71 12 4
71 76 12 4
76 82 12 4
82 17 12 4
17 0 12 0
13 1
0 0 13 0
14 11
0 78 14 4
78 3 14 3
3 6 14 4
6 8 14 4
8 1 14 3
1 23 14 3
23 10 14 4
10 21 14 5
21 75 14 4
75 77 14 4
77 0 14 0
15 4
0 97 15 3
97 76 15 3
76 82 15 3
82 0 15 0
16 6
0 85 16 4
85 84 16 4
84 98 16 5
98 99 16 5
99 72 16 5
72 0 16 0
17 2
0 92 17 3
92 0 17 0
18 1
0 0 18 0
19 1
0 0 19 0
