# Solution for ../instances-HHCRSP/InstanzVNS_HCSRP_200_9.txt
# Cost = 1322.03 Dist = 3962.69 Tard = 2.00867 TMax = 1.40312
# <vehicle> <route length>
# <origin node> <dest node> <vehicle> <service type>
0 6
0 177 0 0
177 182 0 0
182 123 0 0
123 61 0 0
61 55 0 0
55 0 0 0
1 10
0 36 1 2
36 95 1 2
95 11 1 2
11 139 1 2
139 77 1 2
77 72 1 2
72 45 1 2
45 127 1 2
127 174 1 2
174 0 1 0
2 14
0 117 2 1
117 89 2 1
89 9 2 1
9 56 2 0
56 4 2 1
4 79 2 0
79 178 2 0
178 8 2 0
8 21 2 1
21 200 2 0
200 193 2 1
193 137 2 1
137 191 2 1
191 0 2 0
3 14
0 54 3 1
54 192 3 0
192 50 3 1
50 179 3 1
179 30 3 1
30 1 3 1
1 26 3 0
26 186 3 1
186 20 3 0
20 125 3 1
125 105 3 1
105 171 3 0
171 172 3 0
172 0 3 0
4 13
0 101 4 1
101 73 4 0
73 43 4 0
43 71 4 0
71 98 4 1
98 189 4 0
189 197 4 0
197 10 4 1
10 198 4 1
198 181 4 1
181 135 4 1
135 53 4 0
53 0 4 0
5 16
0 42 5 2
42 59 5 2
59 47 5 2
47 124 5 2
124 27 5 0
27 196 5 2
196 83 5 0
83 175 5 2
175 84 5 2
84 80 5 0
80 187 5 2
187 69 5 0
69 190 5 0
190 111 5 2
111 188 5 0
188 0 5 0
6 3
0 180 6 0
180 32 6 0
32 0 6 0
7 11
0 185 7 2
185 16 7 2
16 90 7 0
90 33 7 0
33 194 7 0
194 44 7 2
44 140 7 0
140 31 7 0
31 183 7 2
183 60 7 2
60 0 7 0
8 18
0 64 8 2
64 116 8 2
116 81 8 0
81 35 8 2
35 173 8 2
173 58 8 2
58 87 8 2
87 195 8 2
195 134 8 1
134 78 8 1
78 86 8 1
86 18 8 2
18 176 8 2
176 112 8 2
112 138 8 1
138 74 8 1
74 57 8 2
57 0 8 0
9 12
0 82 9 1
82 23 9 2
23 97 9 1
97 96 9 1
96 199 9 2
199 85 9 1
85 28 9 2
28 122 9 1
122 184 9 2
184 126 9 2
126 93 9 2
93 0 9 0
10 11
0 166 10 5
166 147 10 4
147 22 10 4
22 155 10 5
155 178 10 5
178 12 10 4
12 131 10 5
131 24 10 4
24 167 10 4
167 148 10 4
148 0 10 0
11 15
0 166 11 3
166 147 11 3
147 155 11 3
155 162 11 3
162 67 11 5
67 175 11 4
175 144 11 3
144 37 11 5
37 187 11 3
187 29 11 3
29 152 11 3
152 190 11 3
190 188 11 5
188 40 11 5
40 0 11 0
12 13
0 192 12 5
192 179 12 4
179 106 12 3
106 132 12 3
132 62 12 3
62 19 12 5
19 88 12 4
88 158 12 3
158 160 12 3
160 200 12 5
200 193 12 5
193 191 12 3
191 0 12 0
13 14
0 49 13 5
49 164 13 4
164 146 13 3
146 150 13 3
150 161 13 3
161 168 13 4
168 196 13 5
196 119 13 3
119 70 13 5
70 75 13 5
75 92 13 4
92 176 13 3
176 51 13 4
51 0 13 0
14 12
0 170 14 4
170 185 14 5
185 142 14 4
142 46 14 5
46 194 14 5
194 3 14 4
3 198 14 4
198 181 14 5
181 141 14 4
141 94 14 4
94 149 14 4
149 0 14 0
15 5
0 91 15 3
91 154 15 3
154 121 15 4
121 157 15 3
157 0 15 0
16 18
0 170 16 5
170 164 16 5
164 146 16 4
146 150 16 5
150 161 16 5
161 168 16 5
168 68 16 4
68 173 16 5
173 110 16 3
110 129 16 5
129 115 16 3
115 38 16 3
38 17 16 5
17 13 16 4
13 141 16 3
141 183 16 3
183 65 16 5
65 0 16 0
17 6
0 165 17 3
165 151 17 3
151 142 17 3
142 39 17 3
39 189 17 5
189 0 17 0
18 9
0 165 18 4
165 151 18 4
151 100 18 5
100 25 18 5
25 99 18 4
99 7 18 5
7 14 18 4
14 149 18 3
149 0 18 0
19 3
0 120 19 4
120 114 19 4
114 0 19 0
20 11
0 154 20 4
154 128 20 5
128 199 20 5
199 109 20 3
109 102 20 3
102 169 20 3
169 184 20 4
184 171 20 4
171 172 20 4
172 157 20 5
157 0 20 0
21 15
0 145 21 4
145 130 21 4
130 104 21 4
104 162 21 5
162 6 21 3
6 63 21 4
63 195 21 3
195 144 21 4
144 15 21 5
15 158 21 5
158 160 21 5
160 136 21 3
136 167 21 3
167 148 21 5
148 0 21 0
22 11
0 145 22 5
145 177 22 5
177 52 22 4
52 113 22 3
113 2 22 4
2 163 22 3
163 48 22 5
48 186 22 3
186 152 22 5
152 118 22 3
118 0 22 0
23 13
0 156 23 4
156 34 23 4
34 66 23 3
66 107 23 5
107 76 23 3
76 5 23 5
5 182 23 5
182 163 23 4
163 103 23 5
103 169 23 4
169 159 23 3
159 174 23 3
174 0 23 0
24 4
0 156 24 5
156 180 24 5
180 143 24 5
143 0 24 0
25 6
0 133 25 3
133 153 25 4
153 108 25 5
108 41 25 4
41 159 25 4
159 0 25 0
26 3
0 153 26 5
153 197 26 5
197 0 26 0
27 2
0 143 27 4
143 0 27 0
28 1
0 0 28 0
29 1
0 0 29 0
