# Solution for ../instances-HHCRSP/InstanzCPLEX_HCSRP_50_6.txt
# Cost = 844.495 Dist = 1636.65 Tard = 723.796 TMax = 173.042
# <vehicle> <route length>
# <origin node> <dest node> <vehicle> <service type>
0 9
0 50 0 0
50 18 0 0
18 4 0 0
4 13 0 0
13 47 0 0
47 33 0 0
33 2 0 0
2 26 0 0
26 0 0 0
1 7
0 5 1 1
5 43 1 1
43 45 1 1
45 19 1 1
19 23 1 1
23 15 1 1
15 0 1 0
2 15
0 16 2 0
16 25 2 2
25 30 2 2
30 31 2 2
31 49 2 0
49 22 2 2
22 44 2 2
44 20 2 2
20 46 2 2
46 48 2 2
48 3 2 2
3 1 2 1
1 24 2 1
24 12 2 2
12 0 2 0
3 4
0 50 3 5
50 10 3 5
10 42 3 5
42 0 3 0
4 7
0 27 4 4
27 11 4 4
11 46 4 3
46 48 4 3
48 38 4 4
38 29 4 3
29 0 4 0
5 8
0 43 5 4
43 36 5 3
36 8 5 4
8 21 5 3
21 40 5 3
40 32 5 4
32 14 5 3
14 0 5 0
6 7
0 6 6 5
6 49 6 5
49 44 6 4
44 34 6 5
34 41 6 3
41 37 6 3
37 0 6 0
7 10
0 39 7 3
39 36 7 5
36 35 7 5
35 17 7 5
17 47 7 5
47 40 7 4
40 9 7 4
9 28 7 5
28 38 7 5
38 0 7 0
8 5
0 39 8 5
39 7 8 5
7 41 8 4
41 37 8 5
37 0 8 0
9 3
0 45 9 3
45 42 9 3
42 0 9 0
