# Solution for ../instances-HHCRSP/InstanzVNS_HCSRP_300_3.txt
# Cost = 1557.89 Dist = 4673.21 Tard = 0.23335 TMax = 0.23335
# <vehicle> <route length>
# <origin node> <dest node> <vehicle> <service type>
0 12
0 107 0 1
107 181 0 1
181 179 0 0
179 288 0 1
288 251 0 1
251 184 0 1
184 10 0 1
10 142 0 1
142 133 0 1
133 38 0 0
38 258 0 1
258 0 0 0
1 15
0 161 1 0
161 62 1 1
62 4 1 1
4 90 1 1
90 151 1 1
151 108 1 1
108 122 1 0
122 17 1 0
17 178 1 0
178 121 1 0
121 128 1 0
128 191 1 1
191 60 1 0
60 289 1 1
289 0 1 0
2 11
0 290 2 2
290 61 2 2
61 294 2 2
294 88 2 2
88 89 2 2
89 162 2 2
162 300 2 2
300 140 2 2
140 138 2 2
138 276 2 2
276 0 2 0
3 10
0 252 3 0
252 80 3 1
80 20 3 1
20 26 3 1
26 63 3 1
63 41 3 1
41 188 3 0
188 68 3 0
68 166 3 0
166 0 3 0
4 8
0 111 4 1
111 9 4 1
9 40 4 1
40 125 4 1
125 284 4 1
284 149 4 1
149 54 4 1
54 0 4 0
5 16
0 195 5 2
195 50 5 2
50 143 5 2
143 262 5 2
262 47 5 2
47 45 5 2
45 287 5 0
287 67 5 1
67 137 5 0
137 123 5 1
123 5 5 0
5 270 5 0
270 130 5 2
130 269 5 1
269 31 5 2
31 0 5 0
6 8
0 260 6 0
260 281 6 0
281 34 6 0
34 266 6 1
266 157 6 1
157 279 6 1
279 3 6 0
3 0 6 0
7 15
0 35 7 2
35 33 7 0
33 298 7 0
298 59 7 0
59 22 7 0
22 171 7 2
171 177 7 2
177 190 7 0
190 112 7 2
112 43 7 2
43 155 7 0
155 87 7 2
87 126 7 0
126 292 7 2
292 0 7 0
8 4
0 21 8 1
21 255 8 1
255 199 8 1
199 0 8 0
9 7
0 296 9 0
296 259 9 0
259 91 9 0
91 291 9 0
291 97 9 0
97 135 9 0
135 0 9 0
10 13
0 271 10 2
271 280 10 2
280 286 10 0
286 6 10 0
6 257 10 0
257 164 10 1
164 253 10 0
253 272 10 0
272 273 10 1
273 283 10 0
283 118 10 2
118 159 10 0
159 0 10 0
11 7
0 293 11 2
293 254 11 2
254 299 11 2
299 79 11 2
79 172 11 2
172 72 11 2
72 0 11 0
12 10
0 114 12 0
114 117 12 0
117 274 12 2
274 168 12 2
168 282 12 2
282 277 12 2
277 86 12 2
86 139 12 0
139 76 12 2
76 0 12 0
13 7
0 147 13 1
147 265 13 1
265 264 13 1
264 165 13 1
165 163 13 1
163 185 13 1
185 0 13 0
14 8
0 285 14 1
285 169 14 1
169 189 14 2
189 64 14 2
64 297 14 2
297 295 14 1
295 267 14 1
267 0 14 0
15 4
0 2 15 2
2 29 15 2
29 103 15 2
103 0 15 0
16 14
0 261 16 0
261 124 16 2
124 156 16 2
156 1 16 2
1 268 16 2
268 154 16 2
154 69 16 2
69 278 16 0
278 275 16 0
275 263 16 2
263 136 16 2
136 193 16 0
193 256 16 0
256 0 16 0
17 3
0 23 17 1
23 65 17 1
65 0 17 0
18 12
0 290 18 3
290 222 18 5
222 288 18 5
288 116 18 3
116 294 18 3
294 212 18 3
212 291 18 5
291 48 18 5
48 39 18 3
39 220 18 3
220 203 18 3
203 0 18 0
19 18
0 198 19 3
198 232 19 3
232 197 19 3
197 145 19 5
145 221 19 3
221 238 19 4
238 250 19 3
250 247 19 4
247 84 19 3
84 246 19 4
246 284 19 3
284 237 19 3
237 202 19 4
202 233 19 4
233 211 19 3
211 201 19 4
201 279 19 3
279 0 19 0
20 16
0 232 20 4
232 132 20 4
132 176 20 4
176 182 20 4
182 98 20 5
98 74 20 3
74 216 20 3
216 223 20 3
223 174 20 3
174 131 20 4
131 8 20 4
8 12 20 4
12 94 20 4
94 99 20 3
99 234 20 4
234 0 20 0
21 17
0 36 21 3
36 252 21 4
252 262 21 3
262 280 21 4
280 286 21 3
286 257 21 3
257 85 21 4
85 173 21 4
173 287 21 4
287 75 21 4
75 32 21 5
32 119 21 3
119 270 21 3
270 134 21 4
134 66 21 3
66 204 21 3
204 0 21 0
22 8
0 100 22 4
100 115 22 3
115 219 22 4
219 49 22 4
49 230 22 4
230 278 22 3
278 275 22 3
275 0 22 0
23 10
0 222 23 4
222 251 23 3
251 186 23 4
186 268 23 3
268 46 23 4
46 227 23 3
227 244 23 4
244 200 23 4
200 225 23 3
225 0 23 0
24 19
0 205 24 3
205 229 24 4
229 44 24 4
44 146 24 5
146 221 24 4
221 238 24 5
238 250 24 5
250 247 24 5
247 175 24 3
175 246 24 5
246 183 24 4
183 52 24 3
52 82 24 5
82 51 24 3
51 11 24 3
11 170 24 4
170 57 24 3
57 289 24 4
289 0 24 0
25 14
0 205 25 4
205 229 25 5
229 71 25 5
71 110 25 5
110 7 25 3
7 55 25 3
55 216 25 5
216 223 25 5
223 109 25 3
109 237 25 4
237 202 25 5
202 292 25 5
292 78 25 5
78 0 25 0
26 6
0 260 26 5
260 219 26 5
219 27 26 5
27 230 26 5
230 30 26 5
30 0 26 0
27 15
0 296 27 5
296 248 27 4
248 265 27 3
265 254 27 5
254 299 27 5
299 213 27 3
213 206 27 3
206 236 27 3
236 180 27 4
180 217 27 5
217 255 27 5
255 240 27 3
240 220 27 4
220 203 27 4
203 0 27 0
28 14
0 281 28 4
281 113 28 4
113 285 28 3
285 129 28 5
129 19 28 4
19 266 28 3
266 160 28 5
160 18 28 3
18 194 28 5
194 233 28 5
233 211 28 4
211 201 28 5
201 234 28 5
234 0 28 0
29 11
0 248 29 5
248 95 29 5
95 300 29 5
300 53 29 3
53 276 29 5
276 148 29 3
148 77 29 5
77 81 29 5
81 231 29 5
231 207 29 3
207 0 29 0
30 12
0 241 30 4
241 271 30 5
271 70 30 5
70 127 30 4
127 215 30 4
215 242 30 3
242 196 30 5
196 25 30 4
25 240 30 5
240 37 30 3
37 224 30 3
224 0 30 0
31 10
0 241 31 5
241 259 31 4
259 213 31 5
213 206 31 5
206 236 31 4
236 105 31 5
105 243 31 5
243 263 31 4
263 256 31 4
256 0 31 0
32 12
0 226 32 3
226 158 32 3
158 13 32 5
13 93 32 5
93 239 32 3
239 210 32 3
210 214 32 3
214 297 32 5
297 106 32 5
106 245 32 3
245 224 32 5
224 0 32 0
33 13
0 226 33 5
226 298 33 4
298 102 33 4
102 192 33 4
192 274 33 3
274 218 33 3
218 253 33 5
253 249 33 3
249 101 33 5
101 228 33 3
228 283 33 5
283 120 33 5
120 0 33 0
34 10
0 208 34 4
208 293 34 5
293 28 34 5
28 212 34 4
212 73 34 4
73 227 34 4
227 244 34 5
244 258 34 5
258 225 34 4
225 0 34 0
35 5
0 261 35 4
261 144 35 4
144 217 35 4
217 245 35 4
245 0 35 0
36 18
0 208 36 5
208 15 36 3
15 96 36 5
96 152 36 4
152 264 36 4
264 215 36 5
215 242 36 4
242 282 36 5
282 218 36 5
218 272 36 5
272 273 36 4
273 167 36 4
167 277 36 3
277 269 36 4
269 104 36 5
104 141 36 5
141 204 36 5
204 0 36 0
37 8
0 209 37 3
209 235 37 4
235 239 37 5
239 58 37 4
58 153 37 3
153 249 37 5
249 228 37 4
228 0 37 0
38 10
0 209 38 5
209 235 38 5
235 56 38 4
56 14 38 4
14 210 38 5
210 214 38 5
214 295 38 4
295 267 38 4
267 150 38 5
150 0 38 0
39 10
0 42 39 5
42 16 39 4
16 24 39 5
24 83 39 4
83 92 39 4
92 187 39 3
187 243 39 3
243 231 39 4
231 207 39 4
207 0 39 0
