# Solution for ../instances-HHCRSP/InstanzVNS_HCSRP_300_7.txt
# Cost = 1699.9 Dist = 5087.69 Tard = 8.59806 TMax = 3.42721
# <vehicle> <route length>
# <origin node> <dest node> <vehicle> <service type>
0 13
0 172 0 1
172 38 0 0
38 189 0 0
189 145 0 1
145 24 0 1
24 196 0 1
196 280 0 1
280 77 0 0
77 272 0 1
272 78 0 1
78 46 0 1
46 271 0 0
271 0 0 0
1 14
0 270 1 0
270 290 1 2
290 25 1 2
25 286 1 0
286 59 1 0
59 293 1 0
293 67 1 2
67 127 1 0
127 291 1 0
291 269 1 2
269 161 1 0
161 169 1 2
169 9 1 0
9 0 1 0
2 17
0 266 2 1
266 262 2 1
262 2 2 2
2 143 2 0
143 42 2 2
42 79 2 1
79 68 2 1
68 147 2 0
147 255 2 1
255 115 2 2
115 155 2 1
155 26 2 2
26 253 2 0
253 57 2 0
57 294 2 2
294 251 2 2
251 0 2 0
3 3
0 279 3 2
279 254 3 2
254 0 3 0
4 9
0 100 4 1
100 45 4 1
45 129 4 1
129 164 4 1
164 93 4 1
93 33 4 1
33 151 4 1
151 15 4 1
15 0 4 0
5 12
0 282 5 1
282 65 5 2
65 252 5 2
252 105 5 1
105 193 5 2
193 281 5 2
281 296 5 1
296 80 5 2
80 298 5 1
298 85 5 1
85 134 5 2
134 0 5 0
6 5
0 183 6 1
183 263 6 1
263 187 6 0
187 176 6 1
176 0 6 0
7 14
0 192 7 0
192 267 7 1
267 258 7 1
258 114 7 0
114 64 7 1
64 283 7 1
283 140 7 0
140 158 7 1
158 259 7 0
259 186 7 0
186 63 7 0
63 39 7 0
39 190 7 1
190 0 7 0
8 9
0 260 8 2
260 170 8 0
170 165 8 0
165 191 8 2
191 285 8 2
285 274 8 0
274 86 8 2
86 22 8 2
22 0 8 0
9 12
0 265 9 2
265 136 9 2
136 53 9 0
53 113 9 1
113 300 9 2
300 257 9 0
257 185 9 0
185 287 9 1
287 163 9 2
163 175 9 1
175 12 9 0
12 0 9 0
10 7
0 131 10 2
131 288 10 2
288 150 10 2
150 130 10 2
130 276 10 2
276 264 10 2
264 0 10 0
11 18
0 188 11 2
188 72 11 0
72 278 11 2
278 10 11 0
10 101 11 0
101 268 11 1
268 90 11 2
90 14 11 1
14 295 11 0
295 40 11 2
40 297 11 1
297 197 11 1
197 36 11 2
36 13 11 0
13 156 11 0
156 76 11 0
76 152 11 2
152 0 11 0
12 3
0 299 12 2
299 54 12 2
54 0 12 0
13 3
0 284 13 1
284 146 13 1
146 0 13 0
14 15
0 50 14 0
50 75 14 2
75 11 14 0
11 275 14 0
275 108 14 0
108 51 14 0
51 148 14 0
148 289 14 2
289 273 14 2
273 256 14 2
256 277 14 0
277 149 14 2
149 182 14 0
182 174 14 1
174 0 14 0
15 11
0 18 15 0
18 99 15 1
99 141 15 1
141 97 15 0
97 82 15 0
82 124 15 1
124 261 15 1
261 102 15 0
102 106 15 1
106 29 15 0
29 0 15 0
16 1
0 0 16 0
17 2
0 292 17 0
292 0 17 0
18 13
0 219 18 4
219 178 18 5
178 262 18 5
262 21 18 4
21 109 18 4
109 32 18 3
32 119 18 5
119 283 18 5
283 87 18 4
87 276 18 3
276 19 18 3
19 173 18 5
173 0 18 0
19 8
0 206 19 3
206 34 19 3
34 235 19 3
235 221 19 3
221 132 19 3
132 220 19 3
220 214 19 3
214 0 19 0
20 11
0 219 20 5
219 266 20 5
266 81 20 4
81 104 20 4
104 69 20 5
69 268 20 5
268 248 20 4
248 8 20 5
8 61 20 4
61 225 20 4
225 0 20 0
21 13
0 206 21 4
206 288 21 5
288 49 21 4
49 133 21 3
133 84 21 4
84 89 21 5
89 239 21 4
239 159 21 5
159 27 21 3
27 225 21 5
225 122 21 3
122 179 21 3
179 0 21 0
22 20
0 232 22 3
232 157 22 3
157 270 22 5
270 290 22 3
290 231 22 3
231 20 22 3
20 235 22 4
235 245 22 4
245 142 22 4
142 28 22 4
28 286 22 3
286 162 22 5
162 293 22 3
293 215 22 4
215 224 22 4
224 47 22 4
47 103 22 3
103 204 22 3
204 60 22 3
60 0 22 0
23 11
0 232 23 5
232 231 23 4
231 137 23 4
137 200 23 4
200 135 23 5
135 246 23 4
246 238 23 5
238 180 23 5
180 201 23 4
201 184 23 4
184 0 23 0
24 19
0 233 24 3
233 240 24 4
240 95 24 4
95 282 24 3
282 3 24 3
3 168 24 5
168 267 24 4
267 229 24 4
229 35 24 3
35 74 24 4
74 248 24 5
248 259 24 3
259 236 24 4
236 209 24 3
209 244 24 4
244 253 24 4
253 294 24 4
294 251 24 5
251 0 24 0
25 8
0 23 25 3
23 73 25 3
73 58 25 3
58 43 25 3
43 213 25 3
213 241 25 3
241 257 25 3
257 0 25 0
26 21
0 233 26 5
233 240 26 5
240 202 26 3
202 210 26 3
210 31 26 3
31 222 26 3
222 41 26 5
41 194 26 5
194 62 26 3
62 281 26 5
281 296 26 3
296 70 26 5
70 295 26 4
295 111 26 4
111 297 26 5
297 236 26 5
236 209 26 5
209 244 26 5
244 177 26 3
177 94 26 3
94 0 26 0
27 18
0 211 27 4
211 56 27 4
56 202 27 4
202 210 27 4
210 222 27 5
222 275 27 4
275 217 27 3
217 203 27 3
203 116 27 5
116 242 27 3
242 52 27 3
52 272 27 4
272 230 27 3
230 128 27 3
128 264 27 4
264 30 27 5
30 112 27 5
112 0 27 0
28 14
0 211 28 5
211 223 28 4
223 4 28 4
4 229 28 5
229 167 28 5
167 263 28 4
263 261 28 4
261 17 28 3
17 299 28 5
299 212 28 3
212 110 28 3
110 44 28 3
44 204 28 5
204 0 28 0
29 3
0 254 29 3
254 284 29 4
284 0 29 0
30 7
0 279 30 5
279 223 30 3
223 48 30 3
48 292 30 3
292 250 30 3
250 227 30 5
227 0 30 0
31 12
0 260 31 5
260 123 31 3
123 98 31 3
98 92 31 4
92 245 31 5
245 285 31 5
285 274 31 4
274 221 31 4
221 226 31 4
226 220 31 5
220 214 31 5
214 0 31 0
32 12
0 237 32 3
237 252 32 4
252 1 32 4
1 126 32 3
126 205 32 4
205 234 32 3
234 228 32 3
228 247 32 3
247 7 32 4
7 71 32 4
71 16 32 4
16 0 32 0
33 13
0 139 33 5
139 265 33 5
265 160 33 3
160 121 33 3
121 5 33 4
5 246 33 5
246 198 33 3
198 238 33 3
238 83 33 3
83 291 33 3
291 269 33 4
269 201 33 3
201 0 33 0
34 12
0 237 34 4
237 205 34 5
205 234 34 4
234 228 34 4
228 247 34 4
247 255 34 5
255 88 34 3
88 96 34 5
96 298 34 4
298 125 34 5
125 243 34 4
243 0 34 0
35 12
0 208 35 4
208 207 35 4
207 217 35 5
217 203 35 5
203 242 35 4
242 91 35 4
91 55 35 4
55 249 35 4
249 218 35 5
218 117 35 5
117 271 35 4
271 0 35 0
36 17
0 208 36 3
208 258 36 3
258 207 36 3
207 120 36 3
120 118 36 4
118 280 36 3
280 289 36 3
289 166 36 3
166 273 36 4
273 256 36 4
256 230 36 4
230 277 36 3
277 249 36 5
249 218 36 3
218 107 36 5
107 243 36 5
243 0 36 0
37 8
0 278 37 3
278 144 37 3
144 239 37 5
239 215 37 3
215 224 37 5
224 226 37 5
226 199 37 5
199 0 37 0
38 9
0 216 38 4
216 171 38 5
171 195 38 3
195 154 38 3
154 212 38 4
212 250 38 5
250 153 38 4
153 227 38 4
227 0 38 0
39 11
0 216 39 5
216 213 39 4
213 300 39 5
300 138 39 4
138 66 39 3
66 241 39 5
241 181 39 4
181 6 39 4
6 37 39 4
37 287 39 4
287 0 39 0
