# Solution for ../instances-HHCRSP/InstanzVNS_HCSRP_300_1.txt
# Cost = 1845.36 Dist = 5495.55 Tard = 33.5002 TMax = 7.042
# <vehicle> <route length>
# <origin node> <dest node> <vehicle> <service type>
0 12
0 300 0 1
300 33 0 0
33 299 0 0
299 175 0 0
175 77 0 0
77 283 0 0
283 71 0 1
71 48 0 0
48 184 0 0
184 11 0 1
11 196 0 0
196 0 0 0
1 8
0 17 1 2
17 123 1 2
123 287 1 2
287 137 1 2
137 131 1 2
131 21 1 2
21 192 1 2
192 0 1 0
2 12
0 264 2 2
264 260 2 2
260 291 2 2
291 169 2 2
169 93 2 2
93 277 2 2
277 274 2 2
274 158 2 2
158 53 2 2
53 261 2 2
261 30 2 2
30 0 2 0
3 14
0 148 3 1
148 294 3 1
294 273 3 1
273 280 3 1
280 253 3 1
253 258 3 1
258 295 3 2
295 59 3 2
59 25 3 2
25 191 3 1
191 164 3 1
164 7 3 2
7 257 3 1
257 0 3 0
4 2
0 40 4 2
40 0 4 0
5 7
0 292 5 2
292 70 5 2
70 267 5 2
267 252 5 2
252 22 5 2
22 129 5 2
129 0 5 0
6 5
0 182 6 2
182 176 6 2
176 5 6 2
5 259 6 2
259 0 6 0
7 10
0 139 7 0
139 189 7 0
189 262 7 0
262 101 7 0
101 61 7 0
61 75 7 0
75 100 7 0
100 38 7 0
38 92 7 0
92 0 7 0
8 14
0 181 8 0
181 288 8 0
288 263 8 1
263 166 8 0
166 47 8 0
47 272 8 0
272 281 8 0
281 193 8 0
193 66 8 0
66 168 8 0
168 271 8 0
271 157 8 1
157 55 8 0
55 0 8 0
9 16
0 279 9 0
279 289 9 0
289 104 9 1
104 62 9 1
62 60 9 2
60 268 9 2
268 160 9 1
160 142 9 2
142 15 9 0
15 97 9 1
97 265 9 0
265 270 9 1
270 171 9 1
171 254 9 2
254 99 9 2
99 0 9 0
10 2
0 266 10 2
266 0 10 0
11 8
0 31 11 1
31 43 11 1
43 12 11 1
12 174 11 1
174 282 11 1
282 111 11 1
111 73 11 1
73 0 11 0
12 11
0 180 12 0
180 81 12 2
81 56 12 1
56 78 12 1
78 275 12 1
275 278 12 0
278 41 12 1
41 269 12 2
269 110 12 1
110 57 12 2
57 0 12 0
13 12
0 134 13 1
134 151 13 2
151 42 13 2
42 13 13 1
13 256 13 1
256 150 13 1
150 67 13 2
67 290 13 1
290 284 13 1
284 89 13 1
89 133 13 2
133 0 13 0
14 14
0 255 14 0
255 251 14 0
251 125 14 0
125 120 14 1
120 297 14 1
297 296 14 0
296 3 14 1
3 90 14 0
90 106 14 0
106 298 14 1
298 147 14 1
147 103 14 0
103 276 14 1
276 0 14 0
15 4
0 84 15 0
84 286 15 0
286 105 15 0
105 0 15 0
16 1
0 0 16 0
17 12
0 98 17 1
98 18 17 0
18 82 17 0
82 19 17 0
19 293 17 0
293 128 17 1
128 46 17 0
46 107 17 0
107 58 17 1
58 285 17 1
285 197 17 1
197 0 17 0
18 20
0 300 18 3
300 215 18 4
215 24 18 5
24 54 18 3
54 172 18 4
172 205 18 3
205 211 18 4
211 135 18 3
135 94 18 4
94 39 18 3
39 165 18 5
165 209 18 5
209 204 18 5
204 188 18 3
188 69 18 5
69 242 18 3
242 277 18 4
277 228 18 5
228 245 18 3
245 0 18 0
19 13
0 249 19 3
249 232 19 3
232 6 19 4
6 289 19 3
289 227 19 3
227 23 19 4
23 209 19 4
209 204 19 4
204 283 19 3
283 261 19 4
261 233 19 4
233 276 19 4
276 0 19 0
20 12
0 85 20 3
85 109 20 3
109 246 20 3
246 229 20 3
229 162 20 4
162 275 20 3
275 278 20 4
278 1 20 3
1 2 20 4
2 214 20 4
214 271 20 3
271 0 20 0
21 15
0 10 21 4
10 222 21 4
222 219 21 4
219 262 21 4
262 206 21 3
206 216 21 4
216 237 21 4
237 240 21 4
240 290 21 4
290 155 21 3
155 284 21 3
284 212 21 3
212 250 21 3
250 243 21 3
243 0 21 0
22 16
0 249 22 5
249 215 22 5
215 45 22 3
45 37 22 3
37 159 22 5
159 217 22 3
217 136 22 4
136 76 22 3
76 201 22 3
201 145 22 5
145 112 22 4
112 195 22 5
195 80 22 5
80 28 22 5
28 72 22 4
72 0 22 0
23 13
0 232 23 5
232 291 23 3
291 170 23 5
170 205 23 4
205 211 23 5
211 217 23 4
217 179 23 5
179 274 23 4
274 223 23 5
223 36 23 3
36 200 23 4
200 224 23 3
224 0 23 0
24 18
0 294 24 5
294 273 24 4
273 14 24 3
14 118 24 5
118 86 24 5
86 272 24 3
272 281 24 3
281 207 24 3
207 230 24 3
230 114 24 5
114 258 24 4
258 226 24 3
226 96 24 5
96 269 24 5
269 213 24 3
213 210 24 4
210 225 24 3
225 0 24 0
25 10
0 239 25 3
239 260 25 3
260 91 25 3
91 201 25 4
201 187 25 4
187 242 25 4
242 223 25 3
223 228 25 3
228 245 25 4
245 0 25 0
26 14
0 117 26 5
117 279 26 3
279 198 26 5
198 138 26 3
138 79 26 3
79 221 26 3
221 268 26 5
268 235 26 3
235 16 26 4
16 29 26 3
29 167 26 3
167 254 26 5
254 224 26 4
224 0 26 0
27 14
0 154 27 5
154 264 27 5
264 20 27 5
20 299 27 5
299 140 27 4
140 102 27 4
102 221 27 5
221 235 27 5
235 126 27 4
126 63 27 4
63 153 27 5
153 233 27 5
233 298 27 5
298 0 27 0
28 8
0 83 28 5
83 9 28 4
9 236 28 5
236 87 28 5
87 32 28 4
32 212 28 5
212 250 28 5
250 0 28 0
29 15
0 239 29 5
239 222 29 5
222 219 29 5
219 50 29 5
50 88 29 5
88 206 29 5
206 216 29 5
216 267 29 5
267 238 29 3
238 252 29 5
252 130 29 5
130 293 29 4
293 35 29 5
35 257 29 5
257 0 29 0
30 11
0 203 30 4
203 288 30 4
288 149 30 4
149 146 30 4
146 68 30 4
68 282 30 5
282 152 30 4
152 183 30 5
183 34 30 4
34 185 30 4
185 0 30 0
31 16
0 115 31 3
115 186 31 5
186 263 31 3
263 297 31 3
297 178 31 3
178 194 31 5
194 296 31 5
296 244 31 3
244 218 31 3
218 220 31 3
220 241 31 3
241 113 31 5
113 132 31 3
132 214 31 5
214 44 31 3
44 0 31 0
32 15
0 203 32 3
203 127 32 3
127 255 32 5
255 251 32 4
251 27 32 4
27 49 32 4
49 287 32 3
287 244 32 5
244 218 32 4
218 220 32 4
220 241 32 5
241 231 32 3
231 116 32 4
116 199 32 5
199 0 32 0
33 15
0 8 33 4
8 177 33 4
177 122 33 5
122 52 33 3
52 161 33 5
161 95 33 5
95 256 33 4
256 26 33 5
26 141 33 4
141 163 33 3
163 237 33 5
237 240 33 5
240 121 33 4
121 285 33 3
285 0 33 0
34 4
0 246 34 4
246 229 34 4
229 259 34 3
259 0 34 0
35 14
0 208 35 3
208 202 35 3
202 190 35 3
190 247 35 4
247 234 35 3
234 65 35 4
65 280 35 5
280 265 35 4
265 270 35 5
270 156 35 3
156 213 35 4
213 210 35 5
210 225 35 5
225 0 35 0
36 15
0 208 36 4
208 202 36 4
202 247 36 5
247 234 36 5
234 253 36 5
253 119 36 4
119 227 36 5
227 207 36 5
207 230 36 5
230 64 36 3
64 226 36 4
226 295 36 5
295 144 36 4
144 231 36 5
231 0 36 0
37 10
0 108 37 3
108 292 37 4
292 238 37 4
238 124 37 4
124 4 37 3
4 248 37 5
248 266 37 3
266 143 37 3
143 173 37 4
173 0 37 0
38 6
0 286 38 5
286 236 38 3
236 74 38 4
74 51 38 4
51 243 38 4
243 0 38 0
39 2
0 248 39 3
248 0 39 0
