# Solution for ../instances-HHCRSP/InstanzVNS_HCSRP_200_4.txt
# Cost = 1150.2 Dist = 3446.97 Tard = 1.81665 TMax = 1.81665
# <vehicle> <route length>
# <origin node> <dest node> <vehicle> <service type>
0 15
0 105 0 0
105 174 0 0
174 20 0 0
20 13 0 2
13 196 0 2
196 198 0 2
198 194 0 2
194 171 0 0
171 41 0 0
41 192 0 2
192 200 0 2
200 56 0 2
56 64 0 0
64 11 0 2
11 0 0 0
1 16
0 55 1 1
55 71 1 1
71 90 1 1
90 183 1 2
183 190 1 0
190 191 1 2
191 88 1 2
88 62 1 0
62 128 1 2
128 99 1 1
99 72 1 2
72 85 1 0
85 121 1 0
121 111 1 1
111 178 1 0
178 0 1 0
2 12
0 94 2 1
94 7 2 1
7 108 2 0
108 173 2 1
173 130 2 0
130 132 2 1
132 10 2 1
10 102 2 0
102 100 2 0
100 18 2 0
18 65 2 1
65 0 2 0
3 17
0 39 3 0
39 16 3 0
16 92 3 1
92 33 3 0
33 14 3 2
14 127 3 0
127 98 3 2
98 185 3 2
185 113 3 2
113 188 3 2
188 140 3 1
140 63 3 0
63 137 3 1
137 182 3 0
182 86 3 2
86 109 3 1
109 0 3 0
4 13
0 122 4 2
122 15 4 2
15 186 4 2
186 77 4 1
77 69 4 0
69 50 4 0
50 84 4 2
84 44 4 0
44 180 4 2
180 187 4 1
187 172 4 1
172 120 4 0
120 0 4 0
5 10
0 179 5 2
179 1 5 2
1 197 5 2
197 123 5 2
123 125 5 2
125 89 5 2
89 87 5 2
87 12 5 2
12 34 5 2
34 0 5 0
6 9
0 106 6 2
106 54 6 0
54 181 6 0
181 176 6 2
176 76 6 2
76 184 6 0
184 9 6 0
9 112 6 2
112 0 6 0
7 8
0 177 7 1
177 139 7 1
139 40 7 1
40 25 7 1
25 36 7 1
36 17 7 1
17 95 7 1
95 0 7 0
8 10
0 51 8 2
51 47 8 2
47 24 8 1
24 189 8 2
189 175 8 2
175 199 8 2
199 135 8 1
135 81 8 1
81 195 8 2
195 0 8 0
9 2
0 193 9 2
193 0 9 0
10 9
0 30 10 5
30 82 10 3
82 43 10 5
43 153 10 3
153 5 10 3
5 21 10 5
21 188 10 3
188 53 10 5
53 0 10 0
11 7
0 38 11 5
38 166 11 3
166 186 11 5
186 180 11 4
180 187 11 4
187 141 11 3
141 0 11 0
12 13
0 166 12 4
166 42 12 4
42 80 12 5
80 155 12 3
155 152 12 3
152 173 12 5
173 37 12 4
37 26 12 3
26 184 12 3
184 4 12 4
4 154 12 3
154 79 12 4
79 0 12 0
13 13
0 164 13 3
164 116 13 3
116 126 13 4
126 107 13 3
107 147 13 3
147 181 13 5
181 176 13 4
176 70 13 5
70 124 13 5
124 199 13 4
199 167 13 3
167 136 13 3
136 0 13 0
14 8
0 164 14 5
164 145 14 3
145 177 14 5
177 134 14 3
134 165 14 4
165 57 14 4
57 167 14 5
167 0 14 0
15 16
0 163 15 3
163 143 15 3
143 183 15 3
183 190 15 4
190 198 15 5
198 119 15 3
119 194 15 4
194 73 15 3
73 35 15 3
35 68 15 3
68 150 15 3
150 156 15 4
156 118 15 3
118 78 15 3
78 159 15 4
159 0 15 0
16 15
0 163 16 5
163 143 16 4
143 23 16 4
23 114 16 5
114 191 16 3
191 83 16 5
83 117 16 3
117 171 16 4
171 96 16 3
96 104 16 4
104 192 16 5
192 200 16 4
200 129 16 5
129 142 16 3
142 0 16 0
17 12
0 160 17 4
160 170 17 5
170 97 17 4
97 157 17 4
157 52 17 5
52 19 17 4
19 153 17 5
153 46 17 4
46 185 17 5
185 101 17 4
101 154 17 4
154 0 17 0
18 8
0 160 18 5
160 170 18 3
170 157 18 5
157 155 18 5
155 152 18 4
152 8 18 4
8 2 18 4
2 0 18 0
19 10
0 66 19 3
66 174 19 3
174 49 19 4
49 196 19 5
196 31 19 4
31 147 19 4
147 165 19 5
165 169 19 3
169 178 19 5
178 0 19 0
20 9
0 168 20 4
168 28 20 3
28 6 20 3
6 158 20 4
158 110 20 5
110 150 20 4
150 156 20 5
156 142 20 4
142 0 20 0
21 8
0 168 21 5
168 133 21 3
133 189 21 3
189 151 21 4
151 175 21 3
175 91 21 5
91 67 21 3
67 0 21 0
22 10
0 32 22 3
32 74 22 5
74 179 22 4
179 45 22 3
45 197 22 5
197 60 22 4
60 61 22 4
61 3 22 3
3 169 22 4
169 0 22 0
23 8
0 144 23 3
144 131 23 4
131 58 23 3
58 149 23 3
149 148 23 3
148 162 23 4
162 182 23 3
182 0 23 0
24 11
0 144 24 5
144 48 24 5
48 59 24 4
59 149 24 5
149 148 24 5
148 162 24 5
162 29 24 5
29 146 24 3
146 172 24 3
172 138 24 4
138 0 24 0
25 5
0 145 25 4
145 151 25 5
151 22 25 5
22 193 25 5
193 0 25 0
26 3
0 161 26 3
161 195 26 3
195 0 26 0
27 6
0 161 27 5
161 103 27 4
103 158 27 5
158 93 27 4
93 159 27 5
159 0 27 0
28 4
0 115 28 4
115 75 28 3
75 141 28 4
141 0 28 0
29 3
0 27 29 3
27 146 29 5
146 0 29 0
