# Solution for ../instances-HHCRSP/InstanzVNS_HCSRP_300_10.txt
# Cost = 1958.46 Dist = 5782.09 Tard = 77.6403 TMax = 15.6632
# <vehicle> <route length>
# <origin node> <dest node> <vehicle> <service type>
0 15
0 4 0 0
4 264 0 1
264 174 0 0
174 26 0 1
26 198 0 0
198 258 0 1
258 260 0 1
260 161 0 0
161 294 0 1
294 139 0 1
139 19 0 1
19 173 0 1
173 177 0 0
177 297 0 1
297 0 0 0
1 10
0 80 1 2
80 300 1 2
300 197 1 2
197 293 1 2
293 129 1 2
129 32 1 2
32 24 1 2
24 31 1 2
31 299 1 2
299 0 1 0
2 13
0 63 2 2
63 171 2 2
171 144 2 2
144 61 2 2
61 126 2 2
126 34 2 2
34 296 2 2
296 27 2 2
27 107 2 2
107 137 2 2
137 164 2 2
164 179 2 2
179 0 2 0
3 9
0 141 3 1
141 274 3 1
274 35 3 1
35 268 3 1
268 262 3 1
262 111 3 1
111 132 3 1
132 186 3 1
186 0 3 0
4 7
0 254 4 2
254 292 4 2
292 57 4 2
57 108 4 2
108 271 4 2
271 280 4 2
280 0 4 0
5 12
0 257 5 0
257 2 5 0
2 256 5 0
256 138 5 0
138 165 5 0
165 298 5 0
298 282 5 0
282 252 5 0
252 84 5 0
84 122 5 0
122 283 5 0
283 0 5 0
6 3
0 253 6 2
253 159 6 2
159 0 6 0
7 14
0 102 7 2
102 70 7 2
70 259 7 2
259 255 7 2
255 143 7 2
143 90 7 1
90 133 7 2
133 263 7 1
263 288 7 2
288 157 7 2
157 77 7 1
77 30 7 2
30 59 7 2
59 0 7 0
8 16
0 104 8 0
104 22 8 1
22 267 8 1
267 290 8 0
290 266 8 1
266 273 8 0
273 16 8 0
16 125 8 1
125 118 8 0
118 62 8 0
62 36 8 1
36 91 8 1
91 153 8 0
153 270 8 0
270 251 8 0
251 0 8 0
9 2
0 142 9 2
142 0 9 0
10 5
0 50 10 1
50 94 10 1
94 18 10 1
18 275 10 1
275 0 10 0
11 12
0 89 11 0
89 287 11 0
287 58 11 0
58 83 11 0
83 265 11 0
265 279 11 0
279 151 11 0
151 99 11 0
99 281 11 0
281 60 11 0
60 47 11 0
47 0 11 0
12 13
0 176 12 0
176 276 12 0
276 154 12 1
154 103 12 1
103 44 12 0
44 261 12 1
261 95 12 0
95 156 12 0
156 291 12 0
291 40 12 1
40 190 12 0
190 48 12 0
48 0 12 0
13 12
0 148 13 0
148 33 13 0
33 289 13 0
289 105 13 1
105 147 13 0
147 152 13 0
152 187 13 1
187 162 13 1
162 182 13 1
182 278 13 1
278 285 13 1
285 0 13 0
14 11
0 163 14 0
163 113 14 0
113 29 14 2
29 124 14 2
124 284 14 0
284 66 14 0
66 14 14 0
14 28 14 2
28 286 14 0
286 196 14 0
196 0 14 0
15 14
0 64 15 1
64 158 15 1
158 11 15 1
11 7 15 1
7 170 15 1
170 277 15 1
277 295 15 1
295 191 15 2
191 269 15 2
269 43 15 2
43 272 15 2
272 166 15 2
166 42 15 1
42 0 15 0
16 1
0 0 16 0
17 1
0 0 17 0
18 12
0 73 18 4
73 100 18 5
100 300 18 3
300 189 18 3
189 293 18 3
293 71 18 4
71 213 18 3
213 225 18 3
225 41 18 5
41 25 18 5
25 284 18 4
284 0 18 0
19 14
0 123 19 3
123 264 19 3
264 140 19 3
140 247 19 3
247 236 19 4
236 203 19 3
203 242 19 3
242 232 19 4
232 120 19 4
120 56 19 5
56 96 19 3
96 114 19 4
114 121 19 4
121 0 19 0
20 14
0 257 20 3
257 45 20 4
45 256 20 3
256 230 20 3
230 119 20 4
119 38 20 4
38 260 20 4
260 220 20 3
220 238 20 3
238 81 20 3
81 201 20 3
201 67 20 4
67 231 20 3
231 0 20 0
21 19
0 78 21 3
78 115 21 3
115 211 21 3
211 150 21 5
150 246 21 3
246 181 21 4
181 247 21 5
247 236 21 5
236 203 21 4
203 242 21 5
242 232 21 5
232 263 21 4
263 288 21 5
288 199 21 5
199 269 21 4
269 208 21 4
208 245 21 3
245 222 21 4
222 0 21 0
22 13
0 211 22 5
211 246 22 5
246 52 22 5
52 273 22 5
273 131 22 4
131 243 22 4
243 277 22 4
277 193 22 3
193 69 22 5
69 13 22 3
13 74 22 5
74 231 22 4
231 0 22 0
23 16
0 227 23 3
227 240 23 4
240 149 23 4
149 180 23 3
180 39 23 3
39 8 23 4
8 185 23 4
185 9 23 3
9 214 23 4
214 235 23 3
235 167 23 3
167 112 23 4
112 248 23 4
248 160 23 3
160 297 23 4
297 0 23 0
24 7
0 101 24 3
101 183 24 3
183 224 24 3
224 268 24 3
268 76 24 3
76 233 24 3
233 0 24 0
25 16
0 227 25 5
227 240 25 5
240 267 25 5
267 290 25 5
290 3 25 3
3 296 25 3
296 145 25 4
145 23 25 3
23 6 25 4
6 178 25 3
178 21 25 5
21 10 25 4
10 272 25 5
272 278 25 5
278 285 25 5
285 0 25 0
26 10
0 218 26 3
218 194 26 4
194 87 26 5
87 169 26 5
169 46 26 5
46 55 26 5
55 146 26 4
146 226 26 4
226 237 26 3
237 0 26 0
27 11
0 195 27 3
195 241 27 3
241 15 27 3
15 234 27 3
234 207 27 3
207 135 27 3
135 261 27 3
261 280 27 3
280 210 27 3
210 270 27 3
270 0 27 0
28 5
0 218 28 4
218 172 28 5
172 226 28 5
226 237 28 5
237 0 28 0
29 16
0 254 29 5
254 85 29 4
85 223 29 4
223 127 29 5
127 216 29 3
216 219 29 4
219 215 29 4
215 202 29 4
202 265 29 3
265 229 29 3
229 250 29 3
250 275 29 5
275 168 29 5
168 205 29 3
205 286 29 4
286 0 29 0
30 12
0 223 30 5
223 216 30 5
216 219 30 3
219 215 30 5
215 202 30 3
202 229 30 5
229 250 30 5
250 281 30 5
281 212 30 3
212 239 30 5
239 206 30 3
206 0 30 0
31 12
0 204 31 4
204 106 31 3
106 53 31 3
53 110 31 5
110 117 31 3
117 213 31 4
213 225 31 5
225 224 31 4
224 262 31 3
262 92 31 5
92 205 31 4
205 0 31 0
32 17
0 204 32 5
204 188 32 3
188 5 32 4
5 228 32 3
228 37 32 4
37 130 32 3
130 221 32 3
221 298 32 4
298 88 32 5
88 155 32 5
155 214 32 5
214 294 32 5
294 235 32 5
235 75 32 5
75 248 32 5
248 109 32 5
109 0 32 0
33 11
0 292 33 4
292 230 33 5
230 68 33 5
68 271 33 5
271 86 33 5
86 258 33 3
258 184 33 5
184 201 33 4
201 210 33 5
210 251 33 4
251 0 33 0
34 13
0 287 34 5
287 253 34 3
253 274 34 5
274 97 34 3
97 217 34 3
217 207 34 4
207 98 34 4
98 65 34 4
65 128 34 4
128 17 34 4
17 209 34 4
209 244 34 4
244 0 34 0
35 14
0 192 35 5
192 175 35 5
175 93 35 3
93 266 35 5
266 289 35 3
289 243 35 5
243 295 35 5
295 136 35 5
136 116 35 4
116 1 35 3
1 208 35 5
208 245 35 4
245 222 35 5
222 0 35 0
36 11
0 49 36 5
49 276 36 5
276 228 36 5
228 221 36 4
221 282 36 5
282 51 36 5
51 200 36 4
200 212 36 5
212 239 36 4
239 206 36 5
206 0 36 0
37 18
0 134 37 4
134 12 37 5
12 241 37 4
241 20 37 4
20 259 37 5
259 234 37 4
234 255 37 5
255 252 37 5
252 279 37 4
279 79 37 5
79 220 37 5
220 238 37 4
238 72 37 4
72 299 37 4
299 283 37 5
283 82 37 4
82 233 37 5
233 0 37 0
38 5
0 217 38 4
217 249 38 3
249 291 38 4
291 54 38 5
54 0 38 0
39 4
0 249 39 5
249 209 39 5
209 244 39 5
244 0 39 0
