# Solution for ../instances-HHCRSP/InstanzCPLEX_HCSRP_50_2.txt
# Cost = 588.628 Dist = 1691.09 Tard = 61.729 TMax = 13.0689
# <vehicle> <route length>
# <origin node> <dest node> <vehicle> <service type>
0 13
0 14 0 0
14 26 0 0
26 11 0 2
11 49 0 2
49 2 0 0
2 10 0 0
10 19 0 2
19 34 0 2
34 15 0 2
15 21 0 0
21 12 0 2
12 32 0 0
32 0 0 0
1 5
0 50 1 2
50 44 1 2
44 3 1 2
3 16 1 2
16 0 1 0
2 13
0 46 2 0
46 9 2 1
9 48 2 1
48 45 2 1
45 17 2 1
17 43 2 1
43 7 2 0
7 6 2 0
6 33 2 1
33 31 2 1
31 4 2 1
4 47 2 2
47 0 2 0
3 8
0 46 3 5
46 30 3 4
30 43 3 5
43 36 3 3
36 23 3 5
23 42 3 3
42 47 3 3
47 0 3 0
4 4
0 39 4 3
39 50 4 3
50 20 4 5
20 0 4 0
5 3
0 39 5 4
39 38 5 4
38 0 5 0
6 11
0 40 6 3
40 22 6 3
22 28 6 5
28 13 6 4
13 29 6 3
29 41 6 4
41 25 6 4
25 36 6 5
36 42 6 4
42 24 6 4
24 0 6 0
7 3
0 40 7 4
40 37 7 4
37 0 7 0
8 11
0 1 8 4
1 8 8 3
8 48 8 4
48 45 8 4
45 49 8 4
49 27 8 4
27 41 8 5
41 5 8 3
5 18 8 3
18 35 8 4
35 0 8 0
9 4
0 38 9 3
38 44 9 5
44 37 9 5
37 0 9 0
