# Solution for ../instances-HHCRSP/InstanzVNS_HCSRP_100_7.txt
# Cost = 731.585 Dist = 2187.61 Tard = 3.57408 TMax = 3.57408
# <vehicle> <route length>
# <origin node> <dest node> <vehicle> <service type>
0 15
0 50 0 0
50 65 0 2
65 95 0 2
95 11 0 0
11 24 0 1
24 64 0 1
64 51 0 0
51 91 0 0
91 68 0 1
68 26 0 2
26 96 0 0
96 94 0 1
94 46 0 1
46 57 0 0
57 0 0 0
1 11
0 99 1 2
99 100 1 1
100 53 1 0
53 25 1 2
25 45 1 1
45 93 1 0
93 67 1 2
67 9 1 0
9 12 1 0
12 86 1 1
86 0 1 0
2 5
0 90 2 0
90 38 2 0
38 14 2 1
14 63 2 0
63 0 2 0
3 6
0 2 3 2
2 42 3 2
42 40 3 2
40 88 3 2
88 87 3 2
87 0 3 0
4 4
0 98 4 1
98 15 4 1
15 33 4 1
33 0 4 0
5 2
0 92 5 2
92 0 5 0
6 12
0 18 6 0
18 97 6 2
97 59 6 0
59 10 6 0
10 89 6 2
89 29 6 0
29 39 6 0
39 54 6 2
54 36 6 2
36 13 6 0
13 22 6 2
22 0 6 0
7 9
0 99 7 3
99 43 7 3
43 100 7 4
100 73 7 5
73 66 7 3
66 83 7 5
83 37 7 4
37 86 7 3
86 0 7 0
8 8
0 34 8 3
34 82 8 3
82 97 8 5
97 28 8 4
28 93 8 3
93 6 8 4
6 47 8 4
47 0 8 0
9 5
0 82 9 4
82 20 9 3
20 89 9 3
89 76 9 3
76 0 9 0
10 15
0 90 10 3
90 32 10 3
32 79 10 3
79 77 10 3
77 78 10 4
78 70 10 5
70 80 10 3
80 16 10 4
16 62 10 3
62 85 10 5
85 96 10 5
96 94 10 5
94 30 10 5
30 71 10 3
71 0 10 0
11 11
0 3 11 3
3 21 11 4
21 95 11 3
95 31 11 3
31 91 11 4
91 80 11 4
80 85 11 4
85 55 11 4
55 7 11 4
7 71 11 4
71 0 11 0
12 6
0 23 12 3
23 5 12 4
5 58 12 3
58 73 12 3
73 83 12 3
83 0 12 0
13 6
0 81 13 5
81 75 13 5
75 69 13 5
69 8 13 5
8 74 13 3
74 0 13 0
14 10
0 81 14 4
81 75 14 4
75 1 14 4
1 79 14 4
79 77 14 4
77 78 14 5
78 41 14 5
41 52 14 3
52 88 14 4
88 0 14 0
15 2
0 72 15 3
72 0 15 0
16 5
0 84 16 3
84 92 16 3
92 60 16 3
60 44 16 3
44 0 16 0
17 8
0 49 17 4
49 4 17 4
4 35 17 3
35 56 17 4
56 87 17 5
87 61 17 4
61 76 17 4
76 0 17 0
18 7
0 72 18 4
72 98 18 4
98 17 18 3
17 19 18 3
19 48 18 3
48 74 18 4
74 0 18 0
19 3
0 84 19 4
84 27 19 3
27 0 19 0
