# Solution for ../instances-HHCRSP/InstanzVNS_HCSRP_200_6.txt
# Cost = 1382.97 Dist = 4122.42 Tard = 18.0579 TMax = 8.44544
# <vehicle> <route length>
# <origin node> <dest node> <vehicle> <service type>
0 14
0 193 0 0
193 2 0 0
2 18 0 0
18 33 0 0
33 19 0 1
19 104 0 1
104 53 0 1
53 174 0 1
174 126 0 1
126 127 0 1
127 114 0 0
114 172 0 0
172 113 0 0
113 0 0 0
1 11
0 67 1 2
67 97 1 2
97 20 1 2
20 3 1 2
3 192 1 2
192 47 1 2
47 190 1 2
190 128 1 2
128 98 1 2
98 79 1 2
79 0 1 0
2 17
0 195 2 1
195 198 2 2
198 60 2 2
60 13 2 0
13 173 2 2
173 134 2 0
134 188 2 2
188 186 2 2
186 61 2 1
61 94 2 0
94 196 2 1
196 80 2 1
80 24 2 1
24 12 2 2
12 73 2 2
73 109 2 0
109 0 2 0
3 14
0 183 3 1
183 82 3 2
82 51 3 2
51 95 3 1
95 184 3 1
184 189 3 2
189 23 3 1
23 15 3 1
15 58 3 1
58 1 3 1
1 176 3 2
176 191 3 2
191 106 3 1
106 0 3 0
4 12
0 171 4 0
171 4 4 0
4 66 4 0
66 182 4 0
182 136 4 0
136 72 4 0
72 185 4 1
185 177 4 1
177 26 4 0
26 180 4 1
180 76 4 1
76 0 4 0
5 10
0 131 5 0
131 16 5 0
16 78 5 0
78 103 5 0
103 77 5 0
77 199 5 0
199 41 5 0
41 132 5 0
132 181 5 0
181 0 5 0
6 5
0 178 6 2
178 124 6 2
124 116 6 2
116 187 6 2
187 0 6 0
7 12
0 5 7 1
5 139 7 2
139 22 7 2
22 30 7 2
30 31 7 2
31 111 7 1
111 121 7 1
121 119 7 2
119 59 7 1
59 92 7 2
92 112 7 1
112 0 7 0
8 13
0 43 8 1
43 122 8 1
122 25 8 2
25 36 8 1
36 133 8 2
133 197 8 2
197 64 8 2
64 194 8 2
194 40 8 2
40 129 8 2
129 99 8 2
99 175 8 2
175 0 8 0
9 6
0 44 9 0
44 90 9 0
90 200 9 1
200 179 9 0
179 85 9 1
85 0 9 0
10 5
0 193 10 3
193 147 10 3
147 170 10 3
170 123 10 3
123 0 10 0
11 14
0 7 11 5
7 154 11 3
154 148 11 3
148 182 11 4
182 21 11 3
21 91 11 4
91 162 11 4
162 185 11 4
185 32 11 4
32 120 11 5
120 169 11 3
169 180 11 5
180 14 11 3
14 0 11 0
12 7
0 154 12 5
154 148 12 5
148 140 12 5
140 147 12 5
147 170 12 5
170 105 12 5
105 0 12 0
13 13
0 195 13 3
195 198 13 3
198 65 13 3
65 152 13 5
152 17 13 5
17 138 13 3
138 153 13 3
153 52 13 3
52 189 13 3
189 149 13 3
149 71 13 5
71 166 13 5
166 0 13 0
14 6
0 160 14 3
160 151 14 5
151 35 14 5
35 194 14 3
194 175 14 3
175 0 14 0
15 7
0 160 15 5
160 159 15 5
159 200 15 3
200 161 15 3
161 179 15 3
179 10 15 5
10 0 15 0
16 11
0 183 16 4
183 93 16 5
93 171 16 4
171 152 16 4
152 89 16 4
89 173 16 4
173 74 16 5
74 107 16 4
107 172 16 5
172 38 16 5
38 0 16 0
17 4
0 45 17 5
45 6 17 5
6 187 17 5
187 0 17 0
18 16
0 27 18 4
27 144 18 3
144 11 18 4
11 141 18 3
141 84 18 5
84 158 18 3
158 192 18 4
192 87 18 5
87 174 18 5
174 155 18 4
155 150 18 4
150 168 18 3
168 110 18 3
110 135 18 4
135 166 18 4
166 0 18 0
19 13
0 151 19 4
151 62 19 4
62 8 19 4
8 184 19 5
184 145 19 4
145 188 19 3
188 186 19 5
186 163 19 4
163 28 19 5
28 29 19 3
29 176 19 5
176 191 19 5
191 0 19 0
20 13
0 144 20 5
144 48 20 4
48 141 20 5
141 158 20 4
158 153 20 4
153 46 20 4
46 100 20 4
100 190 20 5
190 155 20 5
155 150 20 5
150 168 20 5
168 102 20 5
102 0 20 0
21 7
0 165 21 5
165 157 21 5
157 145 21 3
145 163 21 3
163 196 21 3
196 101 21 3
101 0 21 0
22 7
0 159 22 4
159 167 22 4
167 146 22 4
146 86 22 5
86 81 22 4
81 181 22 4
181 0 22 0
23 11
0 88 23 4
88 165 23 4
165 157 23 4
157 55 23 4
55 108 23 4
108 149 23 5
149 9 23 4
9 117 23 4
117 118 23 4
118 115 23 5
115 0 23 0
24 11
0 50 24 3
50 143 24 3
143 39 24 5
39 63 24 3
63 68 24 5
68 83 24 4
83 75 24 4
75 70 24 3
70 96 24 3
96 42 24 4
42 0 24 0
25 10
0 143 25 5
143 54 25 3
54 137 25 5
137 130 25 3
130 162 25 3
162 177 25 5
177 69 25 3
69 125 25 3
125 169 25 5
169 0 25 0
26 7
0 56 26 5
56 167 26 5
167 146 26 5
146 164 26 5
164 142 26 5
142 156 26 5
156 0 26 0
27 4
0 178 27 4
178 37 27 4
37 34 27 5
34 0 27 0
28 8
0 49 28 4
49 197 28 4
197 199 28 4
199 57 28 3
57 164 28 4
164 142 28 4
142 156 28 4
156 0 28 0
29 2
0 161 29 4
161 0 29 0
