# Solution for ../instances-HHCRSP/InstanzVNS_HCSRP_300_8.txt
# Cost = 1561.34 Dist = 4662.89 Tard = 16.7865 TMax = 4.35484
# <vehicle> <route length>
# <origin node> <dest node> <vehicle> <service type>
0 12
0 130 0 0
130 134 0 0
134 274 0 1
274 95 0 0
95 22 0 1
22 107 0 1
107 262 0 1
262 55 0 0
55 259 0 1
259 98 0 0
98 81 0 0
81 0 0 0
1 17
0 272 1 2
272 284 1 0
284 126 1 1
126 91 1 2
91 94 1 0
94 68 1 2
68 297 1 0
297 282 1 2
282 173 1 0
173 78 1 0
78 295 1 1
295 283 1 2
283 90 1 0
90 270 1 0
270 258 1 2
258 129 1 0
129 0 1 0
2 18
0 281 2 0
281 65 2 0
65 40 2 0
40 135 2 0
135 145 2 0
145 188 2 0
188 117 2 2
117 291 2 0
291 62 2 0
62 296 2 2
296 76 2 0
76 277 2 2
277 269 2 0
269 263 2 0
263 93 2 2
93 109 2 0
109 113 2 2
113 0 2 0
3 9
0 60 3 2
60 170 3 2
170 104 3 2
104 186 3 2
186 196 3 2
196 187 3 2
187 13 3 2
13 105 3 2
105 0 3 0
4 10
0 261 4 1
261 56 4 2
56 110 4 1
110 256 4 2
256 115 4 1
115 192 4 2
192 253 4 2
253 172 4 1
172 264 4 2
264 0 4 0
5 12
0 87 5 1
87 293 5 2
293 179 5 2
179 92 5 1
92 102 5 2
102 23 5 2
23 36 5 1
36 159 5 2
159 6 5 2
6 12 5 2
12 287 5 2
287 0 5 0
6 5
0 271 6 0
271 17 6 0
17 21 6 0
21 139 6 0
139 0 6 0
7 7
0 260 7 2
260 278 7 2
278 289 7 2
289 150 7 2
150 127 7 2
127 103 7 2
103 0 7 0
8 18
0 286 8 1
286 45 8 2
45 168 8 1
168 75 8 1
75 132 8 0
132 294 8 2
294 164 8 2
164 44 8 1
44 166 8 1
166 167 8 2
167 267 8 1
267 51 8 0
51 48 8 1
48 120 8 0
120 280 8 0
280 72 8 0
72 46 8 2
46 0 8 0
9 15
0 197 9 1
197 57 9 1
57 161 9 1
161 178 9 1
178 275 9 2
275 58 9 2
58 151 9 2
151 279 9 2
279 32 9 1
32 252 9 1
252 257 9 1
257 77 9 2
77 276 9 1
276 255 9 1
255 0 9 0
10 8
0 10 10 0
10 112 10 0
112 11 10 0
11 100 10 0
100 74 10 0
74 268 10 0
268 251 10 0
251 0 10 0
11 1
0 0 11 0
12 1
0 0 12 0
13 17
0 42 13 0
42 125 13 0
125 195 13 1
195 33 13 1
33 53 13 1
53 185 13 1
185 298 13 2
298 285 13 2
285 149 13 0
149 266 13 2
266 254 13 1
254 119 13 0
119 290 13 1
290 288 13 2
288 300 13 1
300 174 13 0
174 0 13 0
14 11
0 299 14 1
299 54 14 1
54 66 14 1
66 292 14 0
292 156 14 1
156 27 14 1
27 273 14 1
273 16 14 0
16 5 14 0
5 160 14 0
160 0 14 0
15 10
0 138 15 1
138 131 15 1
131 4 15 1
4 71 15 1
71 265 15 1
265 73 15 0
73 181 15 1
181 18 15 1
18 158 15 0
158 0 15 0
16 1
0 0 16 0
17 1
0 0 17 0
18 16
0 64 18 3
64 274 18 5
274 82 18 4
82 227 18 3
227 219 18 4
219 171 18 5
171 118 18 5
118 225 18 5
225 267 18 3
267 228 18 5
228 238 18 3
238 152 18 4
152 234 18 5
234 280 18 4
280 246 18 3
246 0 18 0
19 13
0 272 19 5
272 284 19 5
284 244 19 3
244 282 19 5
282 67 19 5
67 203 19 3
203 2 19 4
2 142 19 4
142 283 19 3
283 214 19 4
214 206 19 3
206 264 19 3
264 0 19 0
20 18
0 204 20 3
204 193 20 3
193 211 20 5
211 25 20 5
25 137 20 4
137 291 20 5
291 24 20 4
24 34 20 5
34 180 20 4
180 296 20 3
296 114 20 5
114 265 20 3
265 229 20 3
229 165 20 5
165 79 20 3
79 80 20 5
80 210 20 3
210 0 20 0
21 19
0 204 21 4
204 207 21 3
207 231 21 3
231 250 21 3
250 194 21 4
194 1 21 4
1 201 21 3
201 212 21 3
212 202 21 4
202 215 21 4
215 242 21 4
242 37 21 5
37 277 21 3
277 269 21 4
269 252 21 3
252 176 21 5
176 31 21 5
31 210 21 4
210 0 21 0
22 17
0 222 22 3
222 207 22 5
207 231 22 4
231 250 22 4
250 70 22 5
70 128 22 4
128 201 22 5
201 212 22 4
212 202 22 5
202 259 22 5
259 3 22 4
3 273 22 4
273 122 22 5
122 229 22 4
229 153 22 5
153 213 22 4
213 0 22 0
23 19
0 222 23 4
222 108 23 3
108 43 23 4
43 143 23 3
143 61 23 4
61 182 23 5
182 177 23 3
177 275 23 5
275 215 23 5
215 242 23 5
242 38 23 4
38 223 23 3
223 133 23 4
133 203 23 5
203 257 23 4
257 276 23 5
276 123 23 4
123 255 23 5
255 0 23 0
24 14
0 281 24 4
281 121 24 3
121 286 24 3
286 211 24 3
211 83 24 3
83 294 24 3
294 89 24 4
89 225 24 3
225 228 24 4
228 238 24 4
238 69 24 3
69 234 24 3
234 246 24 4
246 0 24 0
25 15
0 209 25 4
209 245 25 3
245 106 25 4
106 136 25 3
136 86 25 4
86 50 25 4
50 239 25 3
239 30 25 5
30 295 25 3
295 175 25 5
175 29 25 3
29 146 25 3
146 214 25 5
214 206 25 4
206 0 25 0
26 11
0 209 26 5
209 245 26 5
245 247 26 3
247 155 26 3
155 233 26 4
233 59 26 3
59 279 26 5
279 223 26 4
223 28 26 3
28 263 26 3
263 0 26 0
27 9
0 261 27 4
261 19 27 3
19 183 27 4
183 221 27 3
221 148 27 4
148 208 27 3
208 52 27 4
52 251 27 4
251 0 27 0
28 14
0 271 28 5
271 26 28 3
26 116 28 5
116 14 28 5
14 20 28 3
20 63 28 5
63 190 28 3
190 144 28 5
144 253 28 5
253 154 28 5
154 224 28 5
224 287 28 3
287 226 28 3
226 0 28 0
29 9
0 293 29 4
293 249 29 4
249 236 29 4
236 240 29 4
240 244 29 5
244 15 29 4
15 268 29 5
268 101 29 4
101 0 29 0
30 6
0 200 30 3
200 249 30 3
249 236 30 5
236 240 30 5
240 243 30 3
243 0 30 0
31 16
0 199 31 5
199 49 31 5
49 230 31 4
230 216 31 4
216 232 31 4
232 237 31 4
237 47 31 4
47 217 31 4
217 205 31 5
205 266 31 5
266 254 31 4
254 290 31 4
290 220 31 4
220 157 31 5
157 88 31 5
88 0 31 0
32 16
0 189 32 3
189 8 32 5
8 230 32 5
230 216 32 3
216 232 32 3
232 237 32 3
237 184 32 5
184 298 32 3
298 285 32 4
285 217 32 5
217 205 32 3
205 288 32 5
288 300 32 4
300 39 32 4
39 35 32 4
35 0 32 0
33 11
0 241 33 4
241 7 33 3
7 97 33 4
97 227 33 4
227 219 33 5
219 262 33 3
262 220 33 5
220 99 33 5
99 111 33 5
111 213 33 5
213 0 33 0
34 2
0 198 34 4
198 0 34 0
35 8
0 241 35 5
241 218 35 3
218 235 35 3
235 96 35 5
96 248 35 3
248 289 35 3
289 243 35 5
243 0 35 0
36 8
0 247 36 5
247 233 36 5
233 297 36 3
297 239 36 5
239 141 36 4
141 270 36 4
270 258 36 4
258 0 36 0
37 6
0 163 37 5
163 218 37 4
218 235 37 4
235 278 37 4
278 248 37 4
248 0 37 0
38 9
0 299 38 5
299 260 38 5
260 124 38 3
124 292 38 5
292 41 38 5
41 140 38 5
140 162 38 3
162 191 38 3
191 0 38 0
39 11
0 221 39 5
221 256 39 5
256 84 39 4
84 208 39 5
208 9 39 5
9 85 39 3
85 224 39 4
224 147 39 4
147 226 39 5
226 169 39 4
169 0 39 0
