# Solution for ../instances-HHCRSP/InstanzVNS_HCSRP_100_3.txt
# Cost = 790 Dist = 2355.76 Tard = 8.95705 TMax = 5.28011
# <vehicle> <route length>
# <origin node> <dest node> <vehicle> <service type>
0 12
0 40 0 1
40 33 0 0
33 9 0 1
9 6 0 0
6 90 0 1
90 87 0 0
87 17 0 0
17 67 0 1
67 5 0 0
5 60 0 0
60 54 0 1
54 0 0 0
1 7
0 96 1 0
96 34 1 0
34 22 1 0
22 59 1 0
59 94 1 0
94 86 1 0
86 0 1 0
2 9
0 88 2 1
88 92 2 1
92 91 2 2
91 69 2 2
69 29 2 2
29 64 2 2
64 21 2 1
21 65 2 1
65 0 2 0
3 9
0 26 3 1
26 20 3 1
20 62 3 1
62 4 3 1
4 41 3 1
41 63 3 1
63 93 3 1
93 3 3 0
3 0 3 0
4 9
0 35 4 2
35 98 4 2
98 50 4 2
50 43 4 2
43 45 4 2
45 47 4 2
47 31 4 2
31 99 4 2
99 0 4 0
5 11
0 23 5 1
23 61 5 2
61 2 5 2
2 1 5 2
1 100 5 1
100 10 5 1
10 89 5 1
89 95 5 0
95 38 5 0
38 97 5 2
97 0 5 0
6 2
0 68 6 0
68 0 6 0
7 2
0 37 7 3
37 0 7 0
8 7
0 16 8 4
16 88 8 5
88 73 8 4
73 46 8 4
46 48 8 5
48 77 8 4
77 0 8 0
9 7
0 27 9 5
27 28 9 5
28 100 9 3
100 95 9 5
95 81 9 4
81 39 9 3
39 0 9 0
10 9
0 15 10 3
15 36 10 3
36 71 10 3
71 74 10 3
74 90 10 3
90 94 10 5
94 86 10 5
86 99 10 5
99 0 10 0
11 6
0 42 11 5
42 83 11 5
83 91 11 5
91 79 11 5
79 30 11 5
30 0 11 0
12 12
0 98 12 4
98 55 12 3
55 44 12 4
44 71 12 4
71 74 12 4
74 12 12 4
12 8 12 4
8 87 12 3
87 82 12 3
82 52 12 3
52 78 12 4
78 0 12 0
13 11
0 7 13 3
7 80 13 3
80 32 13 5
32 85 13 3
85 75 13 5
75 84 13 3
84 57 13 3
57 51 13 3
51 82 13 5
82 11 13 3
11 0 13 0
14 8
0 49 14 4
49 80 14 4
80 85 14 5
85 75 14 4
75 84 14 4
84 66 14 3
66 78 14 5
78 0 14 0
15 7
0 83 15 4
83 92 15 4
92 79 15 3
79 73 15 5
73 97 15 4
97 53 15 3
53 0 15 0
16 7
0 96 16 5
96 70 16 5
70 93 16 4
93 76 16 4
76 14 16 4
14 72 16 4
72 0 16 0
17 5
0 24 17 5
24 89 17 3
89 81 17 5
81 77 17 3
77 0 17 0
18 6
0 13 18 5
13 18 18 3
18 19 18 4
19 76 18 5
76 72 18 5
72 0 18 0
19 4
0 56 19 4
56 58 19 4
58 25 19 4
25 0 19 0
