# Solution for ../instances-HHCRSP/InstanzVNS_HCSRP_300_1.txt
# Cost = 1928.02 Dist = 5758.29 Tard = 21.2534 TMax = 4.51775
# <vehicle> <route length>
# <origin node> <dest node> <vehicle> <service type>
0 13
0 104 0 1
104 273 0 1
273 299 0 0
299 175 0 0
175 62 0 1
62 71 0 1
71 283 0 0
283 77 0 0
77 48 0 0
48 184 0 0
184 11 0 1
11 196 0 0
196 0 0 0
1 6
0 260 1 2
260 169 1 2
169 274 1 2
274 277 1 2
277 93 1 2
93 0 1 0
2 6
0 5 2 2
5 176 2 2
176 59 2 2
59 295 2 2
295 269 2 2
269 0 2 0
3 10
0 81 3 2
81 264 3 2
264 294 3 1
294 56 3 1
56 78 3 1
78 275 3 1
275 259 3 2
259 57 3 2
57 110 3 1
110 0 3 0
4 8
0 151 4 2
151 70 4 2
70 292 4 2
292 267 4 2
267 252 4 2
252 22 4 2
22 129 4 2
129 0 4 0
5 7
0 182 5 2
182 123 5 2
123 17 5 2
17 131 5 2
131 21 5 2
21 192 5 2
192 0 5 0
6 2
0 40 6 2
40 0 6 0
7 10
0 262 7 0
262 189 7 0
189 139 7 0
139 61 7 0
61 101 7 0
101 75 7 0
75 100 7 0
100 38 7 0
38 92 7 0
92 0 7 0
8 13
0 279 8 0
279 280 8 1
280 289 8 0
289 253 8 1
253 281 8 0
281 258 8 1
258 3 8 1
3 90 8 0
90 106 8 0
106 298 8 1
298 276 8 1
276 147 8 1
147 0 8 0
9 17
0 181 9 0
181 255 9 0
255 120 9 1
120 251 9 0
251 125 9 0
125 296 9 0
296 287 9 2
287 297 9 1
297 128 9 1
128 137 9 2
137 191 9 1
191 25 9 2
25 164 9 1
164 7 9 2
7 257 9 1
257 58 9 1
58 0 9 0
10 2
0 266 10 2
266 0 10 0
11 5
0 31 11 1
31 43 11 1
43 98 11 1
98 73 11 1
73 0 11 0
12 16
0 33 12 0
33 291 12 2
291 300 12 1
300 268 12 2
268 60 12 2
60 160 12 1
160 142 12 2
142 15 12 0
15 97 12 1
97 254 12 2
254 261 12 2
261 53 12 2
53 158 12 2
158 30 12 2
30 99 12 2
99 0 12 0
13 12
0 134 13 1
134 42 13 2
42 12 13 1
12 256 13 1
256 13 13 1
13 150 13 1
150 67 13 2
67 290 13 1
290 284 13 1
284 89 13 1
89 133 13 2
133 0 13 0
14 13
0 288 14 0
288 263 14 1
263 47 14 0
47 272 14 0
272 193 14 0
193 278 14 0
278 41 14 1
41 265 14 0
265 270 14 1
270 171 14 1
171 103 14 0
103 66 14 0
66 0 14 0
15 4
0 84 15 0
84 286 15 0
286 105 15 0
105 0 15 0
16 7
0 18 16 0
18 82 16 0
82 19 16 0
19 293 16 0
293 107 16 0
107 46 16 0
46 0 16 0
17 13
0 148 17 1
148 180 17 0
180 282 17 1
282 166 17 0
166 174 17 1
174 168 17 0
168 111 17 1
111 197 17 1
197 285 17 1
285 55 17 0
55 157 17 1
157 271 17 0
271 0 17 0
18 17
0 8 18 4
8 260 18 3
260 91 18 3
91 159 18 5
159 37 18 3
37 45 18 3
45 205 18 3
205 211 18 5
211 217 18 3
217 223 18 5
223 36 18 3
36 179 18 5
179 200 18 4
200 274 18 4
274 228 18 5
228 245 18 3
245 0 18 0
19 14
0 215 19 4
215 232 19 3
232 291 19 3
291 205 19 4
205 211 19 4
211 217 19 4
217 223 19 3
223 201 19 3
201 187 19 4
187 242 19 3
242 277 19 4
277 228 19 3
228 245 19 4
245 0 19 0
20 18
0 202 20 3
202 279 20 3
279 247 20 4
247 234 20 3
234 65 20 4
65 227 20 3
227 6 20 4
6 23 20 4
23 63 20 4
63 207 20 3
207 230 20 3
230 64 20 3
64 226 20 3
226 1 20 3
1 213 20 3
213 210 20 4
210 225 20 3
225 0 20 0
21 16
0 202 21 4
202 190 21 3
190 138 21 3
138 16 21 4
16 79 21 3
79 221 21 3
221 235 21 3
235 204 21 4
204 209 21 4
209 283 21 3
283 261 21 4
261 126 21 4
126 224 21 4
224 167 21 3
167 29 21 3
29 0 21 0
22 20
0 215 22 5
215 232 22 5
232 170 22 5
170 299 22 5
299 140 22 4
140 102 22 4
102 135 22 3
135 94 22 4
94 39 22 3
39 165 22 5
165 204 22 5
204 209 22 5
209 188 22 3
188 69 22 5
69 242 22 4
242 153 22 5
153 233 22 4
233 298 22 5
298 231 22 3
231 0 22 0
23 7
0 86 23 5
86 280 23 5
280 265 23 4
265 270 23 5
270 156 23 3
156 276 23 4
276 0 23 0
24 18
0 117 24 5
117 273 24 4
273 198 24 5
198 247 24 5
247 234 24 5
234 253 24 5
253 119 24 4
119 227 24 5
227 207 24 5
207 230 24 5
230 226 24 4
226 295 24 5
295 96 24 5
96 269 24 5
269 213 24 4
213 210 24 5
210 225 24 5
225 0 24 0
25 11
0 208 25 3
208 109 25 3
109 162 25 4
162 278 25 4
278 275 25 3
275 2 25 4
2 214 25 4
214 44 25 3
44 152 25 4
152 285 25 3
285 0 25 0
26 16
0 208 26 4
208 154 26 5
154 49 26 4
49 27 26 4
27 249 26 3
249 244 26 3
244 146 26 4
146 68 26 4
68 282 26 5
282 238 26 3
238 246 26 3
246 229 26 3
229 248 26 3
248 266 26 3
266 143 26 3
143 0 26 0
27 14
0 262 27 4
262 219 27 4
219 222 27 4
222 50 27 5
50 10 27 4
10 206 27 3
206 216 27 4
216 237 27 4
237 26 27 5
26 141 27 4
141 72 27 4
72 163 27 3
163 240 27 4
240 0 27 0
28 11
0 203 28 4
203 239 28 5
239 219 28 5
219 222 28 5
222 88 28 5
88 206 28 5
206 216 28 5
216 237 28 5
237 252 28 5
252 124 28 4
124 0 28 0
29 16
0 203 29 3
203 239 29 3
239 255 29 5
255 251 29 4
251 296 29 5
296 297 29 3
297 178 29 3
178 145 29 5
145 194 29 5
194 218 29 3
218 241 29 3
241 220 29 3
220 116 29 4
116 199 29 5
199 271 29 3
271 0 29 0
30 5
0 122 30 5
122 95 30 5
95 256 30 4
256 240 30 5
240 0 30 0
31 11
0 115 31 3
115 264 31 5
264 20 31 5
20 289 31 3
289 268 31 5
268 221 31 5
221 235 31 5
235 254 31 5
254 224 31 3
224 233 31 5
233 0 31 0
32 13
0 294 32 5
294 14 32 3
14 118 32 5
118 272 32 3
272 281 32 3
281 258 32 4
258 114 32 5
114 144 32 4
144 218 32 4
218 241 32 5
241 220 32 4
220 231 32 5
231 0 32 0
33 9
0 177 33 4
177 52 33 3
52 161 33 5
161 155 33 3
155 290 33 4
290 284 33 3
284 32 33 4
32 212 33 3
212 0 33 0
34 15
0 288 34 4
288 127 34 3
127 24 34 5
24 300 34 3
300 54 34 3
54 172 34 4
172 136 34 4
136 76 34 3
76 201 34 4
201 112 34 4
112 195 34 5
195 80 34 5
80 28 34 5
28 257 34 5
257 0 34 0
35 15
0 149 35 4
149 263 35 3
263 186 35 5
186 249 35 5
249 244 35 5
244 287 35 3
287 113 35 5
113 132 35 3
132 214 35 5
214 35 35 5
35 130 35 5
130 293 35 4
293 121 35 4
121 212 35 5
212 0 35 0
36 5
0 85 36 3
85 246 36 4
246 229 36 4
229 259 36 3
259 0 36 0
37 10
0 108 37 3
108 292 37 4
292 267 37 5
267 238 37 4
238 183 37 5
183 34 37 4
34 185 37 4
185 4 37 3
4 248 37 5
248 0 37 0
38 8
0 286 38 5
286 83 38 5
83 236 38 5
236 87 38 5
87 250 38 5
250 243 38 3
243 51 38 4
51 0 38 0
39 7
0 236 39 3
236 9 39 4
9 74 39 4
74 173 39 4
173 250 39 3
250 243 39 4
243 0 39 0
