# Solution for ../instances-HHCRSP/InstanzVNS_HCSRP_300_6.txt
# Cost = 1789.58 Dist = 5351.6 Tard = 12.9101 TMax = 4.21954
# <vehicle> <route length>
# <origin node> <dest node> <vehicle> <service type>
0 12
0 66 0 0
66 4 0 0
4 258 0 0
258 173 0 0
173 256 0 1
256 158 0 1
158 174 0 1
174 262 0 0
262 268 0 1
268 191 0 1
191 289 0 1
289 0 0 0
1 10
0 43 1 1
43 183 1 1
183 19 1 1
19 104 1 1
104 15 1 1
15 126 1 1
126 278 1 1
278 58 1 1
58 1 1 1
1 0 1 0
2 16
0 60 2 2
60 13 2 0
13 198 2 0
198 134 2 0
134 20 2 2
20 188 2 1
188 252 2 1
252 292 2 1
292 61 2 1
61 288 2 1
288 172 2 1
172 114 2 0
114 12 2 2
12 73 2 2
73 113 2 0
113 0 2 0
3 11
0 139 3 2
139 143 3 2
143 299 3 2
299 36 3 1
36 255 3 2
255 265 3 2
265 273 3 1
273 129 3 2
129 177 3 1
177 270 3 1
270 0 3 0
4 14
0 16 4 0
16 283 4 0
283 284 4 0
284 285 4 1
285 2 4 0
2 18 4 0
18 78 4 0
78 77 4 0
77 136 4 0
136 72 4 0
72 261 4 1
261 257 4 1
257 76 4 1
76 0 4 0
5 16
0 131 5 0
131 5 5 1
5 151 5 0
151 157 5 0
157 275 5 1
275 271 5 0
271 190 5 0
190 127 5 1
127 53 5 1
53 94 5 0
94 80 5 1
80 24 5 1
24 297 5 1
297 253 5 1
253 109 5 0
109 0 5 0
6 13
0 67 6 2
67 282 6 2
282 25 6 2
25 82 6 2
82 97 6 2
97 184 6 2
184 40 6 2
40 128 6 2
128 296 6 2
296 99 6 2
99 180 6 2
180 79 6 2
79 0 6 0
7 12
0 51 7 2
51 144 7 2
144 3 7 2
3 47 7 2
47 276 7 2
276 287 7 2
287 251 7 2
251 267 7 2
267 168 7 2
168 266 7 2
266 150 7 2
150 0 7 0
8 4
0 159 8 1
159 281 8 1
281 298 8 1
298 0 8 0
9 13
0 290 9 0
290 22 9 2
22 124 9 2
124 90 9 0
90 260 9 0
260 293 9 1
293 133 9 2
133 274 9 1
274 187 9 2
187 156 9 2
156 132 9 0
132 294 9 2
294 0 9 0
10 4
0 41 10 0
41 142 10 0
142 85 10 1
85 0 10 0
11 6
0 31 11 2
31 197 11 2
197 119 11 2
119 64 11 2
64 98 11 2
98 0 11 0
12 9
0 30 12 2
30 92 12 2
92 59 12 1
59 116 12 2
116 112 12 1
112 300 12 2
300 263 12 1
263 181 12 2
181 0 12 0
13 12
0 165 13 0
165 279 13 1
279 95 13 1
95 33 13 0
33 103 13 0
103 295 13 0
295 277 13 1
277 189 13 0
189 23 13 1
23 106 13 1
106 254 13 0
254 0 13 0
14 9
0 44 14 0
44 291 14 0
291 26 14 0
26 280 14 0
280 286 14 0
286 199 14 0
199 259 14 0
259 272 14 0
272 0 14 0
15 7
0 122 15 1
122 269 15 1
269 182 15 1
182 264 15 1
264 193 15 1
193 147 15 1
147 0 15 0
16 3
0 111 16 1
111 121 16 1
121 0 16 0
17 2
0 161 17 0
161 0 17 0
18 18
0 238 18 3
238 215 18 4
215 228 18 3
228 204 18 4
204 207 18 3
207 17 18 5
17 275 18 5
275 153 18 5
153 100 18 4
100 248 18 4
248 108 18 4
108 28 18 5
28 102 18 5
102 230 18 3
230 206 18 4
206 229 18 3
229 135 18 4
135 0 18 0
19 15
0 238 19 4
238 215 19 5
215 228 19 5
228 204 19 5
204 207 19 5
207 138 19 3
138 89 19 4
89 84 19 5
84 292 19 3
292 241 19 3
241 87 19 5
87 262 19 3
262 268 19 3
268 289 19 4
289 0 19 0
20 17
0 35 20 5
35 7 20 5
7 148 20 4
148 137 20 5
137 243 20 3
243 194 20 5
194 162 20 5
162 91 20 4
91 185 20 5
185 235 20 3
235 170 20 5
170 69 20 3
69 175 20 3
175 226 20 3
226 201 20 3
201 96 20 3
96 0 20 0
21 12
0 290 21 5
290 45 21 5
45 6 21 5
6 243 21 4
243 291 21 3
291 280 21 4
280 120 21 5
120 235 21 4
235 296 21 5
296 123 21 3
123 226 21 4
226 0 21 0
22 12
0 56 22 5
56 283 22 5
283 284 22 5
284 250 22 3
250 285 22 4
285 255 22 3
255 221 22 3
221 118 22 4
118 213 22 4
213 42 22 4
42 70 22 3
70 0 22 0
23 17
0 88 23 4
88 282 23 5
282 93 23 5
93 65 23 3
65 216 23 4
216 276 23 3
276 242 23 3
242 287 23 5
287 248 23 5
248 239 23 4
239 155 23 5
155 163 23 5
163 267 23 4
267 110 23 3
110 229 23 4
229 254 23 3
254 0 23 0
24 14
0 208 24 3
208 209 24 3
209 250 24 4
250 55 24 4
55 8 24 4
8 71 24 5
71 21 24 3
21 265 24 3
265 273 24 3
273 169 24 4
169 257 24 4
257 115 24 5
115 14 24 3
14 0 24 0
25 11
0 208 25 5
208 209 25 5
209 202 25 3
202 154 25 3
154 140 25 5
140 223 25 4
223 232 25 3
232 221 25 5
221 213 25 5
213 270 25 5
270 0 25 0
26 11
0 50 26 3
50 54 26 3
54 299 26 3
299 233 26 4
233 34 26 5
34 240 26 3
240 217 26 4
217 245 26 3
245 300 26 4
300 263 26 4
263 0 26 0
27 11
0 231 27 3
231 214 27 3
214 145 27 3
145 52 27 3
52 271 27 5
271 244 27 3
244 241 27 4
241 278 27 4
278 29 27 3
29 266 27 5
266 0 27 0
28 12
0 231 28 5
231 214 28 5
214 62 28 4
62 269 28 4
269 264 28 3
264 9 28 4
9 295 28 4
295 277 28 5
277 230 28 4
230 206 28 5
206 166 28 5
166 0 28 0
29 10
0 202 29 4
202 223 29 5
223 232 29 4
232 105 29 5
105 32 29 4
32 130 29 3
130 227 29 5
227 225 29 3
225 224 29 5
224 0 29 0
30 13
0 171 30 5
171 195 30 4
195 48 30 4
48 216 30 5
216 242 30 5
242 46 30 4
46 244 30 4
244 239 30 5
239 251 30 3
251 297 30 3
297 247 30 3
247 253 30 4
253 0 30 0
31 11
0 160 31 5
160 39 31 5
39 49 31 4
49 37 31 4
37 293 31 4
293 274 31 5
274 286 31 5
286 259 31 5
259 272 31 4
272 201 31 4
201 0 31 0
32 16
0 27 32 4
27 249 32 3
249 11 32 4
11 74 32 5
74 258 32 3
258 107 32 4
107 256 32 5
256 219 32 3
219 211 32 3
211 288 32 4
288 101 32 3
101 218 32 3
218 38 32 5
38 236 32 3
236 247 32 4
247 0 32 0
33 13
0 249 33 5
249 141 33 5
141 152 33 5
152 192 33 3
192 186 33 5
186 252 33 5
252 219 33 4
219 211 33 5
211 218 33 4
218 196 33 4
196 236 33 5
236 176 33 5
176 0 33 0
34 7
0 234 34 4
234 63 34 3
63 233 34 5
233 240 34 4
240 217 34 5
217 245 34 4
245 0 34 0
35 8
0 234 35 5
234 205 35 5
205 237 35 5
237 246 35 5
246 212 35 5
212 164 35 3
164 10 35 5
10 0 35 0
36 10
0 167 36 4
167 205 36 4
205 237 36 4
237 246 36 3
246 212 36 4
212 57 36 3
57 227 36 4
227 225 36 4
225 224 36 3
224 0 36 0
37 8
0 178 37 4
178 279 37 3
279 200 37 4
200 149 37 4
149 261 37 4
261 117 37 4
117 125 37 3
125 0 37 0
38 12
0 86 38 5
86 146 38 3
146 210 38 3
210 68 38 5
68 260 38 3
260 220 38 4
220 298 38 3
298 222 38 3
222 203 38 4
203 75 38 4
75 294 38 3
294 0 38 0
39 9
0 281 39 5
281 83 39 4
83 210 39 4
210 220 39 5
220 222 39 5
222 203 39 5
203 81 39 4
81 179 39 5
179 0 39 0
