# Solution for ../instances-HHCRSP/InstanzVNS_HCSRP_100_10.txt
# Cost = 842.289 Dist = 2526.87 Tard = 0 TMax = 0
# <vehicle> <route length>
# <origin node> <dest node> <vehicle> <service type>
0 14
0 2 0 0
2 4 0 0
4 61 0 2
61 33 0 0
33 34 0 2
34 16 0 0
16 62 0 0
62 44 0 0
44 31 0 2
31 47 0 0
47 99 0 2
99 14 0 0
14 66 0 0
66 0 0 0
1 7
0 100 1 1
100 87 1 1
87 18 1 1
18 97 1 1
97 98 1 1
98 40 1 1
40 0 1 0
2 6
0 70 2 2
70 57 2 2
57 63 2 2
63 96 2 2
96 59 2 2
59 0 2 0
3 5
0 94 3 2
94 29 3 2
29 92 3 2
92 28 3 2
28 0 3 0
4 12
0 50 4 1
50 35 4 1
35 32 4 2
32 24 4 2
24 90 4 1
90 91 4 2
91 88 4 1
88 27 4 2
27 42 4 1
42 43 4 2
43 30 4 2
30 0 4 0
5 8
0 89 5 0
89 58 5 0
58 86 5 0
86 19 5 1
19 95 5 0
95 60 5 0
60 48 5 0
48 0 5 0
6 8
0 22 6 1
22 64 6 1
64 11 6 1
11 7 6 1
7 26 6 1
26 93 6 1
93 36 6 1
36 0 6 0
7 8
0 78 7 3
78 38 7 4
38 93 7 4
93 9 7 3
9 74 7 3
74 79 7 4
79 81 7 3
81 0 7 0
8 7
0 49 8 5
49 85 8 3
85 12 8 5
12 95 8 5
95 79 8 3
79 81 8 5
81 0 8 0
9 12
0 78 9 4
78 39 9 3
39 3 9 3
3 6 9 4
6 8 9 4
8 1 9 3
1 23 9 3
23 10 9 4
10 21 9 5
21 75 9 4
75 77 9 4
77 0 9 0
10 12
0 5 10 4
5 20 10 4
20 37 10 4
37 86 10 3
86 96 10 3
96 56 10 5
56 74 10 4
74 69 10 5
69 13 10 3
13 75 10 5
75 77 10 5
77 0 10 0
11 5
0 100 11 4
100 53 11 3
53 87 11 4
87 55 11 5
55 0 11 0
12 12
0 73 12 3
73 94 12 4
94 80 12 3
80 71 12 4
71 65 12 4
65 84 12 3
84 76 12 3
76 17 12 4
17 97 12 3
97 92 12 3
92 82 12 3
82 0 12 0
13 9
0 89 13 5
89 71 13 5
71 41 13 5
41 25 13 5
25 46 13 5
46 99 13 5
99 72 13 5
72 54 13 5
54 0 13 0
14 11
0 73 14 4
73 80 14 5
80 83 14 3
83 90 14 5
90 91 14 4
91 52 14 5
52 88 14 3
88 51 14 5
51 67 14 4
67 72 14 3
72 0 14 0
15 1
0 0 15 0
16 10
0 85 16 4
85 45 16 4
45 68 16 5
68 15 16 3
15 83 16 4
83 84 16 4
84 76 16 4
76 98 16 5
98 82 16 4
82 0 16 0
17 1
0 0 17 0
18 1
0 0 18 0
19 1
0 0 19 0
