# Solution for ../instances-HHCRSP/InstanzCPLEX_HCSRP_50_9.txt
# Cost = 552.5 Dist = 1634.2 Tard = 11.6515 TMax = 11.6515
# <vehicle> <route length>
# <origin node> <dest node> <vehicle> <service type>
0 13
0 47 0 2
47 4 0 1
4 11 0 2
11 50 0 1
50 27 0 0
27 8 0 0
8 48 0 1
48 20 0 0
20 26 0 0
26 28 0 2
28 44 0 0
44 31 0 0
31 0 0 0
1 8
0 43 1 2
43 23 1 2
23 1 1 1
1 30 1 1
30 45 1 1
45 18 1 2
18 21 1 1
21 0 1 0
2 9
0 49 2 0
49 9 2 1
9 35 2 2
35 33 2 0
33 16 2 2
16 46 2 2
46 32 2 0
32 10 2 1
10 0 2 0
3 11
0 42 3 3
42 36 3 5
36 50 3 3
50 19 3 5
19 6 3 3
6 15 3 5
15 38 3 3
38 37 3 3
37 29 3 3
29 40 3 3
40 0 3 0
4 8
0 42 4 4
42 22 4 4
22 36 4 4
36 12 4 4
12 24 4 4
24 45 4 3
45 40 4 5
40 0 4 0
5 5
0 25 5 5
25 7 5 5
7 46 5 3
46 14 5 4
14 0 5 0
6 10
0 34 6 4
34 5 6 5
5 47 6 3
47 2 6 4
2 17 6 5
17 48 6 5
48 38 6 4
38 37 6 5
37 13 6 4
13 0 6 0
7 5
0 49 7 5
49 39 7 3
39 3 7 4
3 41 7 3
41 0 7 0
8 4
0 43 8 5
43 39 8 4
39 44 8 5
44 0 8 0
9 2
0 41 9 5
41 0 9 0
