# Solution for ../instances-HHCRSP/InstanzVNS_HCSRP_200_5.txt
# Cost = 1385.38 Dist = 4127.62 Tard = 23.2029 TMax = 5.31782
# <vehicle> <route length>
# <origin node> <dest node> <vehicle> <service type>
0 17
0 199 0 0
199 9 0 2
9 46 0 2
46 184 0 1
184 17 0 0
17 186 0 2
186 200 0 2
200 69 0 2
69 39 0 1
39 27 0 2
27 97 0 1
97 4 0 2
4 25 0 1
25 106 0 1
106 88 0 0
88 116 0 0
116 0 0 0
1 5
0 81 1 1
81 175 1 1
175 84 1 1
84 90 1 1
90 0 1 0
2 2
0 32 2 2
32 0 2 0
3 11
0 182 3 0
182 115 3 0
115 70 3 0
70 126 3 0
126 23 3 0
23 85 3 0
85 74 3 0
74 41 3 0
41 114 3 0
114 193 3 0
193 0 3 0
4 12
0 196 4 2
196 64 4 2
64 180 4 2
180 121 4 1
121 3 4 2
3 36 4 2
36 100 4 2
100 102 4 1
102 197 4 1
197 176 4 1
176 75 4 1
75 0 4 0
5 19
0 93 5 0
93 14 5 0
14 99 5 0
99 172 5 1
172 77 5 1
77 131 5 0
131 118 5 1
118 87 5 0
87 183 5 1
183 91 5 1
91 185 5 1
185 31 5 1
31 119 5 1
119 177 5 0
177 178 5 0
178 5 5 0
5 35 5 1
35 137 5 0
137 0 5 0
6 12
0 15 6 2
15 195 6 2
195 135 6 2
135 124 6 2
124 117 6 2
117 187 6 2
187 171 6 2
171 30 6 2
30 108 6 2
108 140 6 2
140 173 6 2
173 0 6 0
7 9
0 179 7 0
179 181 7 0
181 43 7 0
43 190 7 0
190 191 7 0
191 21 7 0
21 56 7 0
56 104 7 0
104 0 7 0
8 9
0 174 8 1
174 194 8 1
194 192 8 1
192 82 8 1
82 76 8 1
76 40 8 1
40 13 8 1
13 96 8 1
96 0 8 0
9 11
0 71 9 1
71 188 9 2
188 34 9 1
34 198 9 2
198 51 9 1
51 86 9 1
86 18 9 1
18 33 9 1
33 189 9 2
189 24 9 2
24 0 9 0
10 10
0 199 10 3
199 54 10 5
54 166 10 3
166 28 10 3
28 188 10 5
188 29 10 3
29 170 10 3
170 151 10 5
151 62 10 3
62 0 10 0
11 14
0 167 11 3
167 50 11 3
50 182 11 4
182 8 11 5
8 20 11 3
20 58 11 4
58 128 11 3
128 143 11 3
143 79 11 3
79 132 11 4
132 65 11 4
65 136 11 5
136 145 11 3
145 0 11 0
12 7
0 167 12 4
167 195 12 3
195 143 12 5
143 141 12 4
141 73 12 4
73 57 12 5
57 0 12 0
13 18
0 154 13 3
154 133 13 3
133 163 13 3
163 80 13 5
80 165 13 3
165 164 13 3
164 66 13 3
66 155 13 3
155 72 13 4
72 47 13 4
47 185 13 3
185 157 13 5
157 158 13 5
158 103 13 4
103 112 13 5
112 178 13 4
178 107 13 5
107 0 13 0
14 16
0 154 14 5
154 163 14 5
163 165 14 4
165 164 14 4
164 11 14 5
11 184 14 4
184 142 14 4
142 83 14 4
83 130 14 4
130 144 14 4
144 168 14 4
168 68 14 5
68 159 14 4
159 7 14 4
7 189 14 4
189 0 14 0
15 10
0 152 15 4
152 111 15 4
111 38 15 3
38 55 15 5
55 180 15 3
180 147 15 4
147 94 15 3
94 109 15 4
109 1 15 5
1 0 15 0
16 9
0 152 16 5
152 98 16 3
98 190 16 3
190 191 16 3
191 129 16 3
129 156 16 5
156 148 16 3
148 176 16 3
176 0 16 0
17 14
0 196 17 4
196 166 17 5
166 174 17 4
174 194 17 3
194 192 17 4
192 12 17 3
12 161 17 3
161 120 17 4
120 19 17 5
19 187 17 3
187 171 17 5
171 95 17 4
95 145 17 5
145 0 17 0
18 13
0 16 18 4
16 139 18 3
139 172 18 5
172 155 18 4
155 183 18 5
183 125 18 4
125 149 18 5
149 170 18 5
170 156 18 4
156 105 18 4
105 197 18 4
197 148 18 5
148 0 18 0
19 15
0 153 19 3
153 78 19 4
78 142 19 3
142 53 19 4
53 63 19 3
63 149 19 3
149 157 19 3
157 158 19 4
158 162 19 3
162 146 19 3
146 123 19 4
123 92 19 3
92 150 19 3
150 26 19 4
26 0 19 0
20 15
0 153 20 5
153 122 20 4
122 10 20 3
10 2 20 4
2 127 20 5
127 186 20 5
186 200 20 3
200 67 20 3
67 168 20 5
168 113 20 3
113 48 20 4
48 159 20 5
159 89 20 3
89 61 20 5
61 0 20 0
21 12
0 160 21 3
160 42 21 5
42 49 21 5
49 60 21 5
60 6 21 5
6 59 21 3
59 22 21 5
22 161 21 4
161 151 21 4
151 37 21 4
37 173 21 4
173 0 21 0
22 12
0 160 22 5
160 45 22 3
45 52 22 5
52 147 22 5
147 198 22 4
198 144 22 5
144 134 22 3
134 177 22 3
177 162 22 5
162 146 22 4
146 150 22 4
150 0 22 0
23 2
0 101 23 5
101 0 23 0
24 4
0 138 24 5
138 169 24 3
169 179 24 5
179 0 24 0
25 2
0 169 25 5
169 0 25 0
26 2
0 44 26 3
44 0 26 0
27 6
0 175 27 4
175 181 27 5
181 110 27 5
110 141 27 5
141 193 27 4
193 0 27 0
28 1
0 0 28 0
29 1
0 0 29 0
