# Solution for ../instances-HHCRSP/InstanzCPLEX_HCSRP_75_6.txt
# Cost = 745.019 Dist = 2218.19 Tard = 13.1804 TMax = 3.68169
# <vehicle> <route length>
# <origin node> <dest node> <vehicle> <service type>
0 11
0 5 0 1
5 36 0 1
36 43 0 1
43 31 0 2
31 64 0 1
64 26 0 0
26 72 0 2
72 71 0 0
71 69 0 2
69 75 0 1
75 0 0 0
1 6
0 25 1 2
25 51 1 2
51 3 1 2
3 47 1 2
47 12 1 2
12 0 1 0
2 9
0 16 2 0
16 66 2 2
66 20 2 2
20 18 2 0
18 2 2 0
2 44 2 0
44 41 2 0
41 70 2 0
70 0 2 0
3 4
0 30 3 2
30 22 3 2
22 68 3 2
68 0 3 0
4 14
0 67 4 1
67 65 4 1
65 4 4 0
4 13 4 0
13 74 4 0
74 33 4 0
33 19 4 1
19 40 4 2
40 15 4 1
15 23 4 1
23 24 4 1
24 73 4 1
73 1 4 1
1 0 4 0
5 7
0 35 5 5
35 67 5 3
67 62 5 5
62 66 5 3
66 17 5 5
17 58 5 3
58 0 5 0
6 10
0 62 6 4
62 8 6 4
8 55 6 3
55 9 6 4
9 21 6 3
21 72 6 4
72 71 6 4
71 69 6 4
69 14 6 3
14 0 6 0
7 12
0 60 7 4
60 65 7 5
65 27 7 4
27 55 7 4
55 52 7 3
52 46 7 4
46 53 7 3
53 61 7 4
61 29 7 3
29 28 7 5
28 58 7 5
58 0 7 0
8 9
0 60 8 5
60 48 8 4
48 11 8 4
11 74 8 3
74 53 8 4
53 61 8 5
61 73 8 4
73 38 8 5
38 0 8 0
9 7
0 45 9 5
45 50 9 3
50 6 9 5
6 32 9 4
32 64 9 3
64 10 9 5
10 0 9 0
10 6
0 54 10 4
54 63 10 4
63 59 10 4
59 57 10 3
57 42 10 4
42 0 10 0
11 3
0 56 11 4
56 75 11 4
75 0 11 0
12 7
0 54 12 5
54 7 12 5
7 39 12 5
39 63 12 5
63 59 12 5
59 68 12 5
68 0 12 0
13 2
0 56 13 5
56 0 13 0
14 6
0 49 14 4
49 37 14 4
37 34 14 5
34 57 14 5
57 70 14 5
70 0 14 0
