# Solution for ../instances-HHCRSP/InstanzCPLEX_HCSRP_75_3.txt
# Cost = 644.268 Dist = 1862.44 Tard = 46.8239 TMax = 23.5393
# <vehicle> <route length>
# <origin node> <dest node> <vehicle> <service type>
0 17
0 35 0 2
35 50 0 2
50 33 0 0
33 9 0 1
9 71 0 0
71 74 0 2
74 6 0 0
6 22 0 0
22 47 0 2
47 45 0 2
45 67 0 0
67 43 0 2
43 17 0 0
17 66 0 2
66 5 0 0
5 31 0 2
31 0 0 0
1 4
0 10 1 1
10 75 1 1
75 38 1 0
38 0 1 0
2 10
0 23 2 1
23 1 2 2
1 2 2 2
2 29 2 2
29 69 2 2
69 68 2 2
68 65 2 2
65 73 2 2
73 72 2 2
72 0 2 0
3 4
0 70 3 0
70 34 3 0
34 3 3 0
3 0 3 0
4 8
0 20 4 1
20 40 4 1
40 26 4 1
26 4 4 1
4 41 4 1
41 64 4 1
64 21 4 1
21 0 4 0
5 12
0 49 5 4
49 61 5 4
61 42 5 5
42 24 5 5
24 16 5 4
16 69 5 5
69 46 5 4
46 53 5 3
53 48 5 5
48 30 5 5
30 37 5 3
37 0 5 0
6 6
0 61 6 5
61 39 6 3
39 65 6 5
65 14 6 4
14 25 6 4
25 0 6 0
7 16
0 55 7 3
55 44 7 4
44 7 7 3
7 74 7 5
74 59 7 3
59 32 7 5
32 8 7 4
8 12 7 4
12 52 7 3
52 51 7 3
51 57 7 5
57 60 7 3
60 66 7 4
66 11 7 3
11 54 7 3
54 0 7 0
8 8
0 55 8 4
55 71 8 4
71 59 8 4
59 67 8 4
67 57 8 4
57 60 8 4
60 54 8 4
54 0 8 0
9 8
0 63 9 3
63 36 9 3
36 56 9 4
56 62 9 4
62 18 9 3
18 19 9 4
19 58 9 3
58 0 9 0
10 8
0 63 10 4
63 70 10 5
70 56 10 5
56 62 10 5
62 13 10 5
13 64 10 5
64 72 10 4
72 0 10 0
11 7
0 15 11 3
15 27 11 5
27 28 11 5
28 75 11 4
75 53 11 4
53 73 11 5
73 0 11 0
12 3
0 68 12 4
68 58 12 4
58 0 12 0
13 1
0 0 13 0
14 1
0 0 14 0
