# Solution for ../instances-HHCRSP/InstanzVNS_HCSRP_100_5.txt
# Cost = 823.747 Dist = 2470.74 Tard = 0.24881 TMax = 0.24881
# <vehicle> <route length>
# <origin node> <dest node> <vehicle> <service type>
0 15
0 93 0 0
93 14 0 0
14 99 0 0
99 17 0 0
17 91 0 0
91 31 0 1
31 87 0 0
87 39 0 1
39 25 0 1
25 33 0 1
33 5 0 0
5 97 0 0
97 92 0 1
92 4 0 2
4 0 0 0
1 3
0 30 1 2
30 32 1 2
32 0 1 0
2 2
0 15 2 2
15 0 2 0
3 9
0 98 3 1
98 70 3 0
70 41 3 0
41 43 3 0
43 90 3 0
90 96 3 1
96 40 3 1
40 13 3 1
13 0 3 0
4 7
0 51 4 1
51 34 4 1
34 18 4 1
18 64 4 2
64 35 4 1
35 95 4 1
95 0 4 0
5 10
0 21 5 0
21 3 5 2
3 23 5 0
23 36 5 2
36 56 5 0
56 94 5 2
94 86 5 0
86 88 5 0
88 24 5 2
24 0 5 0
6 7
0 9 6 2
9 46 6 2
46 100 6 2
100 27 6 2
27 69 6 2
69 89 6 2
89 0 6 0
7 8
0 71 7 3
71 20 7 3
20 8 7 5
8 19 7 5
19 76 7 3
76 94 7 3
94 82 7 5
82 0 7 0
8 8
0 93 8 4
93 77 8 5
77 78 8 4
78 80 8 4
80 87 8 4
87 7 8 4
7 85 8 5
85 0 8 0
9 9
0 98 9 4
98 71 9 4
71 55 9 5
55 74 9 4
74 76 9 4
76 82 9 4
82 37 9 4
37 95 9 4
95 0 9 0
10 16
0 54 10 5
54 77 10 3
77 78 10 5
78 80 10 5
80 67 10 3
67 72 10 3
72 91 10 5
91 2 10 4
2 66 10 3
66 47 10 4
47 68 10 5
68 83 10 4
83 62 10 3
62 86 10 4
86 88 10 3
88 0 10 0
11 10
0 42 11 5
42 45 11 3
45 11 11 5
11 99 11 4
99 72 11 5
72 100 11 5
100 10 11 3
10 53 11 4
53 85 11 3
85 0 11 0
12 15
0 38 12 3
38 6 12 5
6 52 12 5
52 59 12 3
59 29 12 3
29 22 12 5
22 63 12 3
63 83 12 5
83 48 12 4
48 61 12 5
61 89 12 5
89 97 12 5
97 26 12 4
26 92 12 5
92 0 12 0
13 2
0 81 13 4
81 0 13 0
14 4
0 81 14 5
81 90 14 5
90 57 14 5
57 0 14 0
15 4
0 84 15 3
84 79 15 3
79 75 15 3
75 0 15 0
16 5
0 84 16 4
84 79 16 4
79 65 16 4
65 75 16 4
75 0 16 0
17 11
0 50 17 3
50 16 17 4
16 60 17 5
60 49 17 5
49 28 17 3
28 12 17 3
12 74 17 3
74 1 17 5
1 96 17 5
96 44 17 3
44 0 17 0
18 3
0 58 18 4
58 73 18 3
73 0 18 0
19 2
0 73 19 4
73 0 19 0
