# Solution for ../instances-HHCRSP/InstanzVNS_HCSRP_100_10.txt
# Cost = 861.341 Dist = 2583.59 Tard = 0.21514 TMax = 0.21514
# <vehicle> <route length>
# <origin node> <dest node> <vehicle> <service type>
0 13
0 2 0 0
2 4 0 0
4 61 0 2
61 33 0 0
33 34 0 2
34 16 0 0
16 62 0 0
62 91 0 2
91 27 0 2
27 43 0 2
43 30 0 2
30 47 0 0
47 0 0 0
1 6
0 100 1 1
100 87 1 1
87 18 1 1
18 97 1 1
97 98 1 1
98 0 1 0
2 8
0 63 2 2
63 57 2 2
57 70 2 2
70 32 2 2
32 24 2 2
24 96 2 2
96 59 2 2
59 0 2 0
3 3
0 92 3 2
92 28 3 2
28 0 3 0
4 8
0 50 4 1
50 94 4 2
94 29 4 2
29 35 4 1
35 99 4 2
99 31 4 2
31 40 4 1
40 0 4 0
5 14
0 89 5 0
89 86 5 0
86 26 5 1
26 93 5 1
93 44 5 0
44 58 5 0
58 19 5 1
19 36 5 1
36 95 5 0
95 60 5 0
60 48 5 0
48 14 5 0
14 66 5 0
66 0 5 0
6 8
0 22 6 1
22 7 6 1
7 11 6 1
11 64 6 1
64 90 6 1
90 88 6 1
88 42 6 1
42 0 6 0
7 10
0 100 7 4
100 53 7 3
53 87 7 4
87 71 7 4
71 76 7 3
76 17 7 4
17 97 7 3
97 92 7 3
92 82 7 3
82 0 7 0
8 13
0 73 8 3
73 80 8 3
80 83 8 3
83 15 8 3
15 68 8 5
68 51 8 5
51 52 8 5
52 88 8 3
88 69 8 5
69 13 8 3
13 75 8 5
75 77 8 5
77 0 8 0
9 10
0 73 9 4
73 94 9 4
94 80 9 5
80 83 9 4
83 90 9 5
90 91 9 4
91 67 9 4
67 72 9 3
72 54 9 5
54 0 9 0
10 10
0 12 10 5
12 20 10 4
20 37 10 4
37 96 10 3
96 56 10 5
56 74 10 3
74 79 10 3
79 81 10 5
81 95 10 5
95 0 10 0
11 9
0 89 11 5
89 85 11 3
85 65 11 4
65 71 11 5
71 46 11 5
46 25 11 5
25 41 11 5
41 55 11 5
55 0 11 0
12 9
0 78 12 3
78 86 12 3
86 93 12 4
93 9 12 3
9 38 12 4
38 74 12 4
74 79 12 4
79 81 12 3
81 0 12 0
13 1
0 0 13 0
14 12
0 78 14 4
78 39 14 3
39 3 14 3
3 6 14 4
6 8 14 4
8 1 14 3
1 23 14 3
23 10 14 4
10 21 14 5
21 75 14 4
75 77 14 4
77 0 14 0
15 1
0 0 15 0
16 7
0 5 16 4
5 49 16 5
49 45 16 4
45 84 16 3
84 99 16 5
99 72 16 5
72 0 16 0
17 6
0 85 17 4
85 76 17 4
76 84 17 4
84 98 17 5
98 82 17 4
82 0 17 0
18 1
0 0 18 0
19 1
0 0 19 0
