# Solution for ../instances-HHCRSP/InstanzVNS_HCSRP_100_8.txt
# Cost = 759.886 Dist = 2271.09 Tard = 6.34679 TMax = 2.22248
# <vehicle> <route length>
# <origin node> <dest node> <vehicle> <service type>
0 9
0 40 0 0
40 97 0 0
97 45 0 2
45 55 0 0
55 95 0 0
95 62 0 0
62 13 0 2
13 46 0 2
46 0 0 0
1 17
0 57 1 1
57 91 1 2
91 86 1 2
86 92 1 1
92 21 1 0
21 17 1 0
17 23 1 2
23 36 1 1
36 94 1 0
94 56 1 2
56 58 1 2
58 32 1 1
32 4 1 1
4 98 1 2
98 99 1 0
99 88 1 1
88 0 1 0
2 4
0 11 2 0
11 5 2 0
5 16 2 0
16 0 2 0
3 6
0 54 3 1
54 66 3 1
66 96 3 1
96 27 3 1
27 18 3 1
18 0 3 0
4 4
0 87 4 2
87 60 4 2
60 93 4 2
93 0 4 0
5 5
0 68 5 2
68 12 5 2
12 6 5 2
6 90 5 2
90 0 5 0
6 12
0 10 6 0
10 42 6 0
42 65 6 0
65 33 6 1
33 53 6 1
53 22 6 1
22 44 6 1
44 100 6 1
100 89 6 0
89 48 6 1
48 51 6 0
51 0 6 0
7 12
0 49 7 5
49 7 7 3
7 8 7 5
8 82 7 3
82 75 7 3
75 83 7 3
83 34 7 5
34 47 7 4
47 39 7 4
39 99 7 3
99 88 7 3
88 0 7 0
8 11
0 50 8 4
50 26 8 3
26 14 8 5
14 20 8 3
20 78 8 4
78 63 8 5
63 15 8 4
15 52 8 4
52 2 8 4
2 67 8 5
67 0 8 0
9 10
0 91 9 5
91 86 9 5
86 92 9 5
92 78 9 5
78 94 9 3
94 19 9 3
19 90 9 3
90 30 9 5
30 29 9 3
29 0 9 0
10 5
0 59 10 3
59 84 10 3
84 74 10 3
74 85 10 4
85 0 10 0
11 3
0 87 11 4
87 77 11 4
77 0 11 0
12 9
0 82 12 5
82 75 12 4
75 83 12 4
83 100 12 3
100 89 12 4
89 72 12 3
72 35 12 4
35 79 12 3
79 0 12 0
13 8
0 25 13 5
25 24 13 4
24 64 13 3
64 95 13 5
95 81 13 3
81 31 13 5
31 93 13 5
93 0 13 0
14 7
0 97 14 4
97 1 14 4
1 76 14 4
76 98 14 4
98 80 14 4
80 71 14 4
71 0 14 0
15 5
0 84 15 5
84 74 15 5
74 85 15 5
85 9 15 5
9 0 15 0
16 8
0 61 16 4
61 70 16 5
70 73 16 3
73 76 16 3
76 80 16 5
80 71 16 3
71 28 16 3
28 0 16 0
17 7
0 43 17 4
43 37 17 5
37 73 17 5
73 69 17 3
69 72 17 4
72 3 17 4
3 0 17 0
18 7
0 77 18 3
77 96 18 3
96 41 18 5
41 38 18 4
38 81 18 5
81 79 18 4
79 0 18 0
19 1
0 0 19 0
