# Solution for ../instances-HHCRSP/InstanzVNS_HCSRP_100_3.txt
# Cost = 807.864 Dist = 2420.57 Tard = 2.0146 TMax = 1.0073
# <vehicle> <route length>
# <origin node> <dest node> <vehicle> <service type>
0 8
0 88 0 1
88 10 0 1
10 100 0 1
100 89 0 1
89 95 0 0
95 38 0 0
38 21 0 1
21 0 0 0
1 6
0 22 1 0
22 59 1 0
59 6 1 0
6 94 1 0
94 86 1 0
86 0 1 0
2 13
0 35 2 2
35 98 2 2
98 9 2 1
9 90 2 1
90 26 2 1
26 62 2 1
62 4 2 1
4 29 2 2
29 92 2 1
92 65 2 1
65 64 2 2
64 99 2 2
99 0 2 0
3 8
0 23 3 1
23 96 3 0
96 63 3 1
63 41 3 1
41 34 3 0
34 93 3 1
93 3 3 0
3 0 3 0
4 7
0 61 4 2
61 2 4 2
2 1 4 2
1 91 4 2
91 69 4 2
69 97 4 2
97 0 4 0
5 15
0 20 5 1
20 50 5 2
50 33 5 0
33 40 5 1
40 47 5 2
47 45 5 2
45 17 5 0
17 43 5 2
43 67 5 1
67 5 5 0
5 31 5 2
31 87 5 0
87 60 5 0
60 54 5 1
54 0 5 0
6 2
0 68 6 0
68 0 6 0
7 4
0 74 7 3
74 71 7 3
71 90 7 3
90 0 7 0
8 12
0 74 8 4
74 98 8 4
98 44 8 4
44 55 8 3
55 71 8 4
71 12 8 4
12 8 8 4
8 82 8 3
82 52 8 3
52 87 8 3
87 11 8 3
11 0 8 0
9 7
0 16 9 4
16 88 9 5
88 46 9 4
46 73 9 4
73 97 9 4
97 53 9 3
53 0 9 0
10 7
0 27 10 5
27 28 10 5
28 100 10 3
100 95 10 5
95 81 10 5
81 39 10 3
39 0 10 0
11 6
0 42 11 5
42 83 11 5
83 91 11 5
91 79 11 5
79 30 11 5
30 0 11 0
12 6
0 49 12 4
49 24 12 5
24 89 12 3
89 81 12 4
81 77 12 3
77 0 12 0
13 11
0 7 13 3
7 80 13 3
80 32 13 5
32 85 13 3
85 75 13 5
75 84 13 3
84 51 13 3
51 82 13 5
82 57 13 3
57 78 13 5
78 0 13 0
14 7
0 83 14 4
83 92 14 4
92 79 14 3
79 73 14 5
73 48 14 5
48 77 14 4
77 0 14 0
15 7
0 80 15 4
80 85 15 5
85 75 15 4
75 84 15 4
84 66 15 3
66 78 15 4
78 0 15 0
16 7
0 96 16 5
96 70 16 5
70 93 16 4
93 76 16 4
76 14 16 4
14 72 16 4
72 0 16 0
17 6
0 13 17 5
13 18 17 3
18 94 17 5
94 86 17 5
86 99 17 5
99 0 17 0
18 8
0 15 18 3
15 36 18 3
36 56 18 4
56 58 18 4
58 19 18 4
19 76 18 5
76 72 18 5
72 0 18 0
19 3
0 37 19 3
37 25 19 4
25 0 19 0
