# Solution for ../instances-HHCRSP/InstanzCPLEX_HCSRP_25_1.txt
# Cost = 428.097 Dist = 1253.02 Tard = 21.6865 TMax = 9.5883
# <vehicle> <route length>
# <origin node> <dest node> <vehicle> <service type>
0 4
0 24 0 0
24 15 0 0
15 25 0 0
25 0 0 0
1 10
0 12 1 1
12 13 1 1
13 17 1 2
17 23 1 1
23 3 1 1
3 5 1 2
5 22 1 1
22 7 1 2
7 11 1 1
11 0 1 0
2 6
0 8 2 4
8 18 2 4
18 9 2 4
9 19 2 4
19 21 2 4
21 0 2 0
3 6
0 20 3 3
20 6 3 4
6 23 3 5
23 16 3 4
16 25 3 3
25 0 3 0
4 12
0 20 4 5
20 24 4 3
24 14 4 3
14 18 4 5
18 10 4 4
10 2 4 4
2 1 4 3
1 19 4 5
19 4 4 3
4 22 4 3
22 21 4 5
21 0 4 0
