# Solution for ../instances-HHCRSP/InstanzVNS_HCSRP_200_4.txt
# Cost = 1140.73 Dist = 3417.02 Tard = 3.34523 TMax = 1.81223
# <vehicle> <route length>
# <origin node> <dest node> <vehicle> <service type>
0 17
0 13 0 2
13 20 0 0
20 196 0 2
196 183 0 2
183 191 0 2
191 88 0 2
88 194 0 2
194 128 0 2
128 62 0 0
62 171 0 0
171 41 0 0
41 192 0 2
192 200 0 2
200 56 0 2
56 64 0 0
64 11 0 2
11 0 0 0
1 14
0 47 1 2
47 94 1 1
94 33 1 0
33 130 1 0
130 14 1 2
14 98 1 2
98 185 1 2
185 127 1 0
127 10 1 1
10 132 1 1
132 112 1 2
112 120 1 0
120 109 1 1
109 0 1 0
2 14
0 177 2 1
177 190 2 0
190 139 2 1
139 40 2 1
40 181 2 0
181 54 2 0
54 108 2 0
108 184 2 0
184 24 2 1
24 9 2 0
9 36 2 1
36 17 2 1
17 95 2 1
95 0 2 0
3 12
0 69 3 0
69 92 3 1
92 39 3 0
39 16 3 0
16 113 3 2
113 188 3 2
188 102 3 0
102 100 3 0
100 140 3 1
140 18 3 0
18 65 3 1
65 0 3 0
4 15
0 122 4 2
122 186 4 2
186 15 4 2
15 77 4 1
77 50 4 0
50 84 4 2
84 44 4 0
44 180 4 2
180 187 4 1
187 172 4 1
172 86 4 2
86 182 4 0
182 63 4 0
63 137 4 1
137 0 4 0
5 7
0 106 5 2
106 175 5 2
175 189 5 2
189 199 5 2
199 12 5 2
12 34 5 2
34 0 5 0
6 12
0 105 6 0
105 174 6 0
174 179 6 2
179 1 6 2
1 198 6 2
198 123 6 2
123 197 6 2
197 121 6 0
121 85 6 0
85 72 6 2
72 178 6 0
178 0 6 0
7 7
0 55 7 1
55 71 7 1
71 90 7 1
90 99 7 1
99 135 7 1
135 81 7 1
81 0 7 0
8 11
0 51 8 2
51 7 8 1
7 173 8 1
173 76 8 2
76 176 8 2
176 25 8 1
25 87 8 2
87 89 8 2
89 125 8 2
125 111 8 1
111 0 8 0
9 3
0 195 9 2
195 193 9 2
193 0 9 0
10 8
0 157 10 5
157 52 10 5
52 153 10 3
153 43 10 5
43 21 10 5
21 188 10 3
188 53 10 5
53 0 10 0
11 15
0 97 11 4
97 157 11 4
157 126 11 4
126 116 11 3
116 181 11 5
181 147 11 3
147 165 11 4
165 107 11 3
107 184 11 3
184 4 11 4
4 154 11 3
154 79 11 4
79 8 11 4
8 2 11 4
2 0 11 0
12 15
0 177 12 5
177 190 12 4
190 134 12 3
134 196 12 5
196 198 12 5
198 73 12 3
73 150 12 3
150 156 12 5
156 68 12 3
68 35 12 3
35 118 12 3
118 78 12 3
78 110 12 5
110 159 12 5
159 0 12 0
13 15
0 163 13 3
163 23 13 4
23 143 13 3
143 114 13 5
114 191 13 3
191 83 13 5
83 194 13 4
194 119 13 3
119 96 13 3
96 104 13 4
104 192 13 5
192 200 13 4
200 129 13 5
129 142 13 3
142 0 13 0
14 11
0 163 14 5
163 143 14 4
143 45 14 3
45 179 14 4
179 197 14 5
197 60 14 4
60 169 14 3
169 3 14 3
3 61 14 4
61 142 14 4
142 0 14 0
15 14
0 82 15 3
82 30 15 5
30 42 15 4
42 155 15 3
155 19 15 4
19 153 15 5
153 46 15 4
46 5 15 3
5 185 15 5
185 101 15 4
101 154 15 4
154 37 15 4
37 26 15 3
26 0 15 0
16 8
0 160 16 4
160 170 16 3
170 164 16 3
164 152 16 3
152 155 16 5
155 80 16 5
80 133 16 3
133 0 16 0
17 11
0 160 17 5
160 170 17 5
170 164 17 5
164 152 17 4
152 173 17 5
173 176 17 4
176 70 17 5
70 124 17 5
124 199 17 4
199 167 17 5
167 0 17 0
18 12
0 144 18 3
144 186 18 5
186 59 18 4
59 48 18 5
48 149 18 3
149 148 18 3
148 162 18 4
162 29 18 5
29 146 18 3
146 172 18 3
172 138 18 4
138 0 18 0
19 8
0 144 19 5
144 131 19 4
131 58 19 3
58 149 19 5
149 148 19 5
148 162 19 5
162 182 19 3
182 0 19 0
20 6
0 6 20 3
6 183 20 3
183 158 20 5
158 93 20 4
93 195 20 3
195 0 20 0
21 14
0 32 21 3
32 74 21 5
74 66 21 3
66 174 21 3
174 49 21 4
49 31 21 4
31 147 21 4
147 165 21 5
165 169 21 4
169 178 21 5
178 57 21 4
57 167 21 3
167 136 21 3
136 0 21 0
22 7
0 168 22 4
168 27 22 3
27 166 22 3
166 180 22 4
180 187 22 4
187 141 22 4
141 0 22 0
23 9
0 161 23 3
161 103 23 4
103 158 23 4
158 150 23 4
150 156 23 4
156 117 23 3
117 171 23 4
171 159 23 4
159 0 23 0
24 3
0 168 24 5
168 193 24 5
193 0 24 0
25 3
0 161 25 5
161 115 25 4
115 0 25 0
26 8
0 145 26 3
145 28 26 3
28 175 26 3
175 189 26 3
189 151 26 5
151 91 26 5
91 67 26 3
67 0 26 0
27 4
0 145 27 4
145 151 27 4
151 22 27 5
22 0 27 0
28 4
0 38 28 5
38 166 28 4
166 146 28 5
146 0 28 0
29 3
0 75 29 3
75 141 29 3
141 0 29 0
