# Solution for ../instances-HHCRSP/InstanzCPLEX_HCSRP_75_3.txt
# Cost = 658.019 Dist = 1931.53 Tard = 22.3101 TMax = 20.2193
# <vehicle> <route length>
# <origin node> <dest node> <vehicle> <service type>
0 14
0 35 0 2
35 9 0 1
9 50 0 2
50 74 0 2
74 40 0 1
40 47 0 2
47 45 0 2
45 17 0 0
17 67 0 0
67 43 0 2
43 66 0 2
66 5 0 0
5 31 0 2
31 0 0 0
1 4
0 10 1 1
10 75 1 1
75 38 1 0
38 0 1 0
2 10
0 23 2 1
23 1 2 2
1 2 2 2
2 29 2 2
29 68 2 2
68 65 2 2
65 69 2 2
69 73 2 2
73 72 2 2
72 0 2 0
3 8
0 70 3 0
70 33 3 0
33 71 3 0
71 6 3 0
6 22 3 0
22 34 3 0
34 3 3 0
3 0 3 0
4 7
0 20 4 1
20 26 4 1
26 4 4 1
4 41 4 1
41 64 4 1
64 21 4 1
21 0 4 0
5 14
0 55 5 3
55 74 5 5
74 8 5 4
8 59 5 3
59 32 5 5
32 12 5 4
12 52 5 3
52 51 5 3
51 57 5 4
57 60 5 3
60 66 5 4
66 11 5 3
11 54 5 3
54 0 5 0
6 10
0 55 6 4
55 44 6 4
44 7 6 3
7 71 6 4
71 59 6 4
59 67 6 4
67 57 6 5
57 60 6 4
60 54 6 4
54 0 6 0
7 5
0 70 7 5
70 36 7 3
36 14 7 4
14 25 7 4
25 0 7 0
8 4
0 49 8 4
49 61 8 4
61 39 8 3
39 0 8 0
9 7
0 63 9 3
63 56 9 4
56 62 9 4
62 18 9 3
18 19 9 4
19 58 9 3
58 0 9 0
10 6
0 24 10 5
24 16 10 4
16 46 10 4
46 73 10 5
73 53 10 4
53 0 10 0
11 7
0 63 11 4
63 56 11 5
56 62 11 5
62 13 11 5
13 64 11 5
64 58 11 4
58 0 11 0
12 7
0 15 12 3
15 27 12 5
27 28 12 5
28 48 12 5
48 75 12 4
75 53 12 3
53 0 12 0
13 4
0 42 13 5
42 61 13 5
61 65 13 5
65 0 13 0
14 6
0 68 14 4
68 69 14 5
69 30 14 5
30 37 14 3
37 72 14 4
72 0 14 0
