# Solution for ../instances-HHCRSP/InstanzVNS_HCSRP_200_6.txt
# Cost = 1410.12 Dist = 4223.18 Tard = 5.19871 TMax = 1.99408
# <vehicle> <route length>
# <origin node> <dest node> <vehicle> <service type>
0 15
0 16 0 0
16 82 0 2
82 66 0 0
66 184 0 1
184 18 0 0
18 182 0 0
182 72 0 0
72 136 0 0
136 185 0 1
185 128 0 2
128 177 0 1
177 98 0 2
98 79 0 2
79 180 0 1
180 0 0 0
1 9
0 198 1 2
198 60 1 2
60 173 1 2
173 3 1 2
3 186 1 2
186 188 1 2
188 189 1 2
189 187 1 2
187 0 1 0
2 14
0 183 2 1
183 195 2 1
195 4 2 0
4 47 2 2
47 192 2 2
192 53 2 1
53 174 2 1
174 190 2 2
190 127 2 1
127 126 2 1
126 114 2 0
114 172 2 0
172 113 2 0
113 0 2 0
3 12
0 5 3 1
5 139 3 2
139 31 3 2
31 30 3 2
30 22 3 2
22 59 3 1
59 111 3 1
111 121 3 1
121 119 3 2
119 92 3 2
92 112 3 1
112 0 3 0
4 15
0 131 4 0
131 36 4 1
36 193 4 0
193 2 4 0
2 103 4 0
103 77 4 0
77 78 4 0
78 26 4 0
26 19 4 1
19 104 4 1
104 23 4 1
23 15 4 1
15 1 4 1
1 106 4 1
106 0 4 0
5 8
0 44 5 0
44 90 5 0
90 199 5 0
199 41 5 0
41 181 5 0
181 132 5 0
132 179 5 0
179 0 5 0
6 12
0 67 6 2
67 51 6 2
51 20 6 2
20 97 6 2
97 194 6 2
194 129 6 2
129 40 6 2
40 191 6 2
191 176 6 2
176 12 6 2
12 73 6 2
73 0 6 0
7 10
0 43 7 1
43 25 7 2
25 122 7 1
122 133 7 2
133 197 7 2
197 64 7 2
64 76 7 1
76 99 7 2
99 175 7 2
175 0 7 0
8 6
0 178 8 2
178 124 8 2
124 200 8 1
200 116 8 2
116 85 8 1
85 0 8 0
9 13
0 171 9 0
171 13 9 0
13 134 9 0
134 95 9 1
95 33 9 0
33 61 9 1
61 94 9 0
94 80 9 1
80 196 9 1
196 24 9 1
24 109 9 0
109 58 9 1
58 0 9 0
10 9
0 198 10 3
198 195 10 3
195 138 10 3
138 65 10 3
65 153 10 3
153 52 10 3
52 189 10 3
189 149 10 3
149 0 10 0
11 14
0 39 11 5
39 63 11 3
63 162 11 3
162 91 11 4
91 32 11 4
32 120 11 5
120 185 11 4
185 177 11 5
177 69 11 3
69 125 11 3
125 169 11 3
169 180 11 5
180 14 11 3
14 0 11 0
12 8
0 159 12 5
159 86 12 5
86 167 12 5
167 146 12 5
146 164 12 5
164 142 12 5
142 156 12 5
156 0 12 0
13 9
0 151 13 5
151 165 13 5
165 157 13 5
157 145 13 3
145 186 13 5
186 188 13 3
188 163 13 3
163 28 13 5
28 0 13 0
14 10
0 160 14 3
160 154 14 3
154 148 14 3
148 130 14 3
130 140 14 5
140 147 14 3
147 170 14 3
170 166 14 5
166 169 14 5
169 0 14 0
15 5
0 160 15 5
160 35 15 5
35 194 15 3
194 175 15 3
175 0 15 0
16 8
0 159 16 4
159 7 16 5
7 154 16 5
154 148 16 5
148 62 16 4
62 118 16 4
118 115 16 5
115 0 16 0
17 4
0 6 17 5
6 45 17 5
45 187 17 5
187 0 17 0
18 12
0 11 18 4
11 48 18 4
48 152 18 4
152 89 18 4
89 173 18 4
173 74 18 5
74 107 18 4
107 101 18 3
101 196 18 3
196 172 18 5
172 38 18 5
38 0 18 0
19 16
0 183 19 4
183 93 19 5
93 55 19 4
55 184 19 5
184 8 19 4
8 162 19 4
162 182 19 4
182 108 19 4
108 21 19 3
21 71 19 5
71 149 19 5
149 9 19 4
9 166 19 4
166 123 19 3
123 117 19 4
117 0 19 0
20 12
0 151 20 4
151 165 20 4
165 157 20 4
157 171 20 4
171 152 20 5
152 17 20 5
17 145 20 4
145 163 20 4
163 29 20 3
29 191 20 5
191 176 20 5
176 0 20 0
21 8
0 54 21 3
54 143 21 3
143 137 21 5
137 193 21 3
193 147 21 5
147 170 21 5
170 105 21 5
105 0 21 0
22 13
0 27 22 4
27 144 22 3
144 158 22 3
158 141 22 3
141 192 22 4
192 174 22 5
174 87 22 5
87 155 22 4
155 150 22 4
150 168 22 3
168 110 22 3
110 135 22 4
135 0 22 0
23 14
0 88 23 4
88 144 23 5
144 158 23 4
158 141 23 5
141 84 23 5
84 46 23 4
46 153 23 4
153 100 23 4
100 190 23 5
190 155 23 5
155 150 23 5
150 168 23 5
168 102 23 5
102 0 23 0
24 9
0 167 24 4
167 146 24 4
146 83 24 4
83 68 24 5
68 75 24 4
75 70 24 3
70 96 24 3
96 42 24 4
42 0 24 0
25 6
0 56 25 5
56 200 25 3
200 161 25 3
161 179 25 3
179 10 25 5
10 0 25 0
26 1
0 0 26 0
27 4
0 178 27 4
178 37 27 4
37 34 27 5
34 0 27 0
28 9
0 49 28 4
49 50 28 3
50 143 28 5
143 197 28 4
197 199 28 4
199 57 28 3
57 142 28 4
142 156 28 4
156 0 28 0
29 5
0 164 29 4
164 81 29 4
81 181 29 4
181 161 29 4
161 0 29 0
