# Solution for ../instances-HHCRSP/InstanzVNS_HCSRP_100_6.txt
# Cost = 811.867 Dist = 2435.6 Tard = 0 TMax = 0
# <vehicle> <route length>
# <origin node> <dest node> <vehicle> <service type>
0 10
0 93 0 2
93 4 0 0
4 60 0 2
60 13 0 0
13 89 0 0
89 47 0 2
47 33 0 0
33 40 0 2
40 41 0 0
41 0 0 0
1 6
0 22 1 2
22 90 1 2
90 100 1 2
100 92 1 2
92 64 1 2
64 0 1 0
2 7
0 43 2 1
43 86 2 0
86 16 2 0
16 91 2 1
91 99 2 0
99 98 2 1
98 0 2 0
3 11
0 88 3 2
88 67 3 2
67 51 3 2
51 20 3 2
20 97 3 1
97 19 3 1
19 53 3 1
53 24 3 1
24 12 3 2
12 58 3 1
58 0 3 0
4 7
0 31 4 2
31 25 4 2
25 2 4 0
2 26 4 0
26 44 4 0
44 96 4 0
96 0 4 0
5 12
0 36 5 1
36 66 5 0
66 18 5 0
18 95 5 2
95 3 5 2
3 61 5 1
61 94 5 2
94 87 5 1
87 15 5 1
15 23 5 1
23 1 5 1
1 0 5 0
6 4
0 5 6 1
5 30 6 2
30 59 6 1
59 0 6 0
7 7
0 49 7 4
49 86 7 4
86 90 7 3
90 100 7 3
100 85 7 3
85 75 7 4
75 0 7 0
8 10
0 93 8 5
93 65 8 3
65 74 8 5
74 89 8 3
89 84 8 5
84 94 8 3
94 73 8 5
73 38 8 5
38 80 8 3
80 0 8 0
9 8
0 48 9 4
48 11 9 4
11 74 9 4
74 46 9 4
46 71 9 3
71 72 9 4
72 14 9 3
14 0 9 0
10 9
0 6 10 5
6 45 10 5
45 39 10 5
39 92 10 3
92 63 10 3
63 70 10 3
70 85 10 5
85 75 10 5
75 0 10 0
11 11
0 88 11 3
88 82 11 3
82 55 11 4
55 95 11 5
95 52 11 3
52 17 11 5
17 84 11 4
84 73 11 4
73 87 11 5
87 80 11 4
80 0 11 0
12 10
0 82 12 5
82 27 12 4
27 97 12 4
97 8 12 4
8 62 12 4
62 78 12 4
78 32 12 4
32 99 12 5
99 98 12 5
98 0 12 0
13 10
0 7 13 5
7 91 13 3
91 77 13 3
77 21 13 3
21 9 13 4
9 71 13 5
71 72 13 5
72 28 13 5
28 29 13 3
29 0 13 0
14 4
0 37 14 4
37 57 14 3
57 42 14 4
42 0 14 0
15 4
0 34 15 5
34 76 15 5
76 79 15 5
79 0 15 0
16 8
0 54 16 3
54 35 16 5
35 77 16 4
77 78 16 5
78 69 16 3
69 76 16 4
76 79 16 3
79 0 16 0
17 8
0 50 17 3
50 56 17 5
56 83 17 3
83 68 17 5
68 81 17 5
81 10 17 5
10 96 17 3
96 0 17 0
18 3
0 83 18 4
83 81 18 4
81 0 18 0
19 1
0 0 19 0
