# Solution for ../instances-HHCRSP/InstanzVNS_HCSRP_200_4.txt
# Cost = 1137.39 Dist = 3409.54 Tard = 1.41672 TMax = 1.22131
# <vehicle> <route length>
# <origin node> <dest node> <vehicle> <service type>
0 13
0 190 0 0
190 196 0 2
196 198 0 2
198 194 0 2
194 88 0 2
88 128 0 2
128 62 0 0
62 171 0 0
171 41 0 0
41 192 0 2
192 200 0 2
200 56 0 2
56 0 0 0
1 11
0 92 1 1
92 39 1 0
39 16 1 0
16 113 1 2
113 188 1 2
188 102 1 0
102 100 1 0
100 140 1 1
140 18 1 0
18 65 1 1
65 0 1 0
2 18
0 71 2 1
71 55 2 1
55 105 2 0
105 20 2 0
20 139 2 1
139 40 2 1
40 54 2 0
54 173 2 1
173 7 2 1
7 108 2 0
108 181 2 0
181 184 2 0
184 25 2 1
25 36 2 1
36 17 2 1
17 95 2 1
95 9 2 0
9 0 2 0
3 16
0 122 3 2
122 186 3 2
186 15 3 2
15 77 3 1
77 69 3 0
69 50 3 0
50 84 3 2
84 44 3 0
44 180 3 2
180 187 3 1
187 172 3 1
172 86 3 2
86 182 3 0
182 63 3 0
63 137 3 1
137 0 3 0
4 14
0 51 4 2
51 94 4 1
94 33 4 0
33 130 4 0
130 14 4 2
14 127 4 0
127 185 4 2
185 98 4 2
98 10 4 1
10 132 4 1
132 112 4 2
112 120 4 0
120 109 4 1
109 0 4 0
5 7
0 47 5 2
47 76 5 2
76 176 5 2
176 87 5 2
87 12 5 2
12 34 5 2
34 0 5 0
6 14
0 13 6 2
13 174 6 0
174 179 6 2
179 1 6 2
1 197 6 2
197 123 6 2
123 125 6 2
125 89 6 2
89 178 6 0
178 85 6 0
85 121 6 0
121 64 6 0
64 11 6 2
11 0 6 0
7 4
0 24 7 1
24 135 7 1
135 81 7 1
81 0 7 0
8 9
0 106 8 2
106 90 8 1
90 177 8 1
177 183 8 2
183 191 8 2
191 99 8 1
99 72 8 2
72 111 8 1
111 0 8 0
9 6
0 189 9 2
189 175 9 2
175 199 9 2
199 195 9 2
195 193 9 2
193 0 9 0
10 7
0 144 10 3
144 186 10 5
186 38 10 5
38 166 10 3
166 146 10 3
146 172 10 3
172 0 10 0
11 14
0 190 11 4
190 196 11 5
196 198 11 5
198 194 11 4
194 119 11 3
119 73 11 3
73 35 11 3
35 68 11 3
68 150 11 3
150 156 11 4
156 118 11 3
118 78 11 3
78 159 11 4
159 0 11 0
12 10
0 144 12 5
144 131 12 4
131 58 12 3
58 149 12 3
149 148 12 3
148 162 12 4
162 29 12 5
29 146 12 5
146 138 12 4
138 0 12 0
13 6
0 28 13 3
28 152 13 3
152 155 13 3
155 80 13 5
80 133 13 3
133 0 13 0
14 10
0 42 14 4
42 30 14 5
30 82 14 3
82 48 14 5
48 59 14 4
59 149 14 5
149 148 14 5
148 162 14 5
162 182 14 3
182 0 14 0
15 15
0 74 15 5
74 32 15 3
32 66 15 3
66 174 15 3
174 179 15 4
179 45 15 3
45 197 15 5
197 60 15 4
60 169 15 3
169 165 15 4
165 178 15 5
178 61 15 4
61 3 15 3
3 142 15 3
142 0 15 0
16 8
0 152 16 4
152 155 16 5
155 153 16 3
153 43 16 5
43 21 16 5
21 188 16 3
188 53 16 5
53 0 16 0
17 4
0 168 17 4
168 22 17 5
22 151 17 4
151 0 17 0
18 3
0 168 18 5
168 193 18 5
193 0 18 0
19 15
0 170 19 3
170 97 19 4
97 157 19 4
157 52 19 5
52 19 19 4
19 153 19 5
153 46 19 4
46 5 19 3
5 185 19 5
185 101 19 4
101 154 19 3
154 37 19 4
37 26 19 3
26 70 19 5
70 0 19 0
20 14
0 170 20 5
170 157 20 5
157 126 20 4
126 116 20 3
116 147 20 3
147 181 20 5
181 107 20 3
107 184 20 3
184 4 20 4
4 154 20 4
154 79 20 4
79 8 20 4
8 2 20 4
2 0 20 0
21 15
0 161 21 3
161 163 21 3
163 143 21 3
143 49 21 4
49 177 21 5
177 183 21 3
183 134 21 3
134 31 21 4
31 147 21 4
147 169 21 4
169 165 21 5
165 57 21 4
57 167 21 3
167 136 21 3
136 0 21 0
22 16
0 161 22 5
161 163 22 5
163 143 22 4
143 23 22 4
23 114 22 5
114 191 22 3
191 83 22 5
83 117 22 3
117 171 22 4
171 96 22 3
96 104 22 4
104 192 22 5
192 200 22 4
200 129 22 5
129 142 22 4
142 0 22 0
23 7
0 160 23 4
160 27 23 3
27 166 23 4
166 180 23 4
180 187 23 4
187 141 23 4
141 0 23 0
24 9
0 160 24 5
160 145 24 4
145 164 24 3
164 173 24 5
173 176 24 4
176 124 24 5
124 199 24 4
199 167 24 5
167 0 24 0
25 7
0 103 25 4
103 158 25 4
158 110 25 5
110 150 25 4
150 156 25 5
156 159 25 5
159 0 25 0
26 9
0 6 26 3
6 145 26 3
145 164 26 5
164 189 26 3
189 151 26 5
151 175 26 3
175 91 26 5
91 67 26 3
67 0 26 0
27 2
0 115 27 4
115 0 27 0
28 4
0 158 28 5
158 93 28 4
93 195 28 3
195 0 28 0
29 3
0 75 29 3
75 141 29 3
141 0 29 0
