# Solution for ../instances-HHCRSP/InstanzVNS_HCSRP_300_8.txt
# Cost = 1601.82 Dist = 4788.58 Tard = 14.1628 TMax = 2.72331
# <vehicle> <route length>
# <origin node> <dest node> <vehicle> <service type>
0 15
0 286 0 1
286 168 0 1
168 125 0 0
125 65 0 0
65 274 0 1
274 22 0 1
22 55 0 0
55 262 0 1
262 107 0 1
107 98 0 0
98 259 0 1
259 27 0 1
27 158 0 0
158 16 0 0
16 0 0 0
1 13
0 110 1 1
110 17 1 0
17 21 1 0
21 139 1 0
139 295 1 1
295 78 1 0
78 283 1 2
283 90 1 0
90 270 1 0
270 258 1 2
258 129 1 0
129 113 1 2
113 0 1 0
2 14
0 45 2 2
45 117 2 2
117 188 2 0
188 145 2 0
145 135 2 0
135 275 2 2
275 277 2 2
277 291 2 0
291 62 2 0
62 296 2 2
296 280 2 0
280 120 2 0
120 72 2 0
72 0 2 0
3 11
0 293 3 2
293 272 3 2
272 91 3 2
91 179 3 2
179 102 3 2
102 23 3 2
23 159 3 2
159 6 3 2
6 12 3 2
12 287 3 2
287 0 3 0
4 10
0 299 4 1
299 54 4 1
54 260 4 2
260 66 4 1
66 156 4 1
156 273 4 1
273 18 4 1
18 127 4 2
127 150 4 2
150 0 4 0
5 17
0 126 5 1
126 161 5 1
161 57 5 1
57 197 5 1
197 68 5 2
68 282 5 2
282 58 5 2
58 151 5 2
151 178 5 1
178 279 5 2
279 32 5 1
32 252 5 1
252 257 5 1
257 77 5 2
77 276 5 1
276 255 5 1
255 0 5 0
6 7
0 284 6 0
284 10 6 0
10 130 6 0
130 95 6 0
95 292 6 0
292 81 6 0
81 0 6 0
7 9
0 60 7 2
60 278 7 2
278 104 7 2
104 186 7 2
186 298 7 2
298 187 7 2
187 13 7 2
13 105 7 2
105 0 7 0
8 19
0 281 8 0
281 195 8 1
195 33 8 1
33 53 8 1
53 75 8 1
75 132 8 0
132 294 8 2
294 164 8 2
164 44 8 1
44 267 8 1
267 166 8 1
166 167 8 2
167 73 8 0
73 76 8 0
76 265 8 1
265 71 8 1
71 263 8 0
263 93 8 2
93 0 8 0
9 9
0 87 9 1
87 56 9 2
56 256 9 2
256 115 9 1
115 192 9 2
192 253 9 2
253 172 9 1
172 264 9 2
264 0 9 0
10 8
0 112 10 0
112 268 10 0
268 74 10 0
74 297 10 0
297 94 10 0
94 173 10 0
173 109 10 0
109 0 10 0
11 3
0 170 11 2
170 289 11 2
289 0 11 0
12 1
0 0 12 0
13 20
0 42 13 0
42 134 13 0
134 40 13 0
40 185 13 1
185 285 13 2
285 266 13 2
266 254 13 1
254 119 13 0
119 288 13 2
288 290 13 1
290 196 13 2
196 174 13 0
174 149 13 0
149 300 13 1
300 48 13 1
48 51 13 0
51 46 13 2
46 181 13 1
181 103 13 2
103 0 13 0
14 5
0 271 14 0
271 92 14 1
92 36 14 1
36 251 14 0
251 0 14 0
15 10
0 261 15 1
261 11 15 0
11 100 15 0
100 269 15 0
269 4 15 1
4 5 15 0
5 131 15 1
131 138 15 1
138 160 15 0
160 0 15 0
16 1
0 0 16 0
17 1
0 0 17 0
18 19
0 232 18 3
232 286 18 3
286 211 18 3
211 204 18 3
204 25 18 5
25 193 18 3
193 34 18 5
34 237 18 3
237 83 18 3
83 294 18 3
294 89 18 4
89 225 18 3
225 267 18 3
267 238 18 3
238 152 18 4
152 265 18 3
265 229 18 3
229 165 18 5
165 0 18 0
19 17
0 232 19 4
232 211 19 5
211 204 19 4
204 137 19 4
137 194 19 4
194 1 19 4
1 237 19 4
237 24 19 4
24 291 19 5
291 114 19 5
114 296 19 3
296 238 19 4
238 228 19 4
228 234 19 3
234 280 19 4
280 246 19 3
246 0 19 0
20 17
0 199 20 5
199 281 20 4
281 230 20 4
230 216 20 3
216 219 20 4
219 274 20 5
274 171 20 5
171 290 20 4
290 262 20 3
262 220 20 4
220 227 20 4
227 3 20 4
3 259 20 5
259 213 20 4
213 79 20 3
79 80 20 5
80 0 20 0
21 14
0 245 21 3
245 50 21 4
50 86 21 4
86 136 21 3
136 106 21 4
106 239 21 3
239 175 21 5
175 142 21 4
142 283 21 3
283 30 21 5
30 214 21 4
214 206 21 3
206 264 21 3
264 0 21 0
22 17
0 245 22 5
245 155 22 3
155 268 22 5
268 233 22 4
233 282 22 5
282 279 22 5
279 223 22 4
223 133 22 4
133 203 22 3
203 67 22 5
67 2 22 4
2 257 22 4
257 276 22 5
276 123 22 4
123 255 22 5
255 210 22 3
210 0 22 0
23 14
0 299 23 5
299 271 23 5
271 84 23 4
84 208 23 5
208 63 23 5
63 190 23 3
190 183 23 4
183 154 23 5
154 224 23 5
224 85 23 3
85 9 23 5
9 251 23 4
251 52 23 4
52 0 23 0
24 10
0 293 24 4
293 209 24 4
209 26 24 3
26 208 24 3
208 148 24 4
148 224 24 4
224 287 24 3
287 226 24 3
226 169 24 4
169 0 24 0
25 14
0 284 25 5
284 43 25 4
43 61 25 4
61 182 25 5
182 143 25 3
143 59 25 3
59 233 25 5
233 297 25 3
297 295 25 3
295 239 25 5
239 141 25 4
141 270 25 4
270 258 25 4
258 0 25 0
26 18
0 230 26 5
230 216 26 4
216 219 26 5
219 82 26 4
82 217 26 4
217 285 26 4
285 205 26 3
205 266 26 5
266 254 26 4
254 118 26 5
118 47 26 4
47 225 26 5
225 180 26 4
180 69 26 3
69 228 26 5
228 234 26 5
234 246 26 4
246 0 26 0
27 12
0 7 27 3
7 97 27 4
97 121 27 3
121 64 27 3
64 201 27 3
201 212 27 3
212 202 27 4
202 298 27 3
298 35 27 4
35 39 27 4
39 300 27 4
300 0 27 0
28 13
0 49 28 5
49 189 28 3
189 184 28 5
184 8 28 5
8 217 28 5
217 205 28 5
205 288 28 5
288 220 28 5
220 227 28 3
227 99 28 5
99 157 28 5
157 88 28 5
88 0 28 0
29 6
0 247 29 5
247 222 29 4
222 244 29 5
244 15 29 4
15 221 29 5
221 0 29 0
30 10
0 247 30 3
247 222 30 3
222 108 30 3
108 242 30 5
242 177 30 3
177 223 30 3
223 203 30 5
203 28 30 3
28 263 30 3
263 0 30 0
31 17
0 241 31 4
241 231 31 4
231 207 31 5
207 250 31 4
250 70 31 5
70 215 31 4
215 128 31 4
128 201 31 5
201 212 31 4
212 202 31 5
202 273 31 4
273 122 31 5
122 111 31 5
111 213 31 5
213 153 31 5
153 229 31 4
229 0 31 0
32 16
0 241 32 5
241 231 32 3
231 207 32 3
207 250 32 3
250 215 32 5
215 275 32 5
275 277 32 3
277 37 32 5
37 242 32 4
242 269 32 4
269 38 32 4
38 252 32 3
252 176 32 5
176 31 32 5
31 210 32 4
210 0 32 0
33 7
0 209 33 5
209 116 33 5
116 14 33 5
14 20 33 3
20 147 33 4
147 226 33 5
226 0 33 0
34 6
0 278 34 4
278 235 34 4
235 218 34 4
218 248 34 4
248 198 34 4
198 0 34 0
35 7
0 235 35 3
235 218 35 3
218 140 35 5
140 162 35 3
162 191 35 3
191 41 35 5
41 0 35 0
36 14
0 249 36 3
249 272 36 5
272 261 36 4
261 256 36 5
256 221 36 3
221 19 36 3
19 101 36 4
101 253 36 5
253 144 36 5
144 29 36 3
29 146 36 3
146 214 36 5
214 206 36 4
206 0 36 0
37 5
0 249 37 4
249 240 37 4
240 236 37 4
236 243 37 5
243 0 37 0
38 9
0 163 38 5
163 260 38 5
260 124 38 3
124 292 38 5
292 96 38 5
96 248 38 3
248 289 38 3
289 243 38 3
243 0 38 0
39 5
0 200 39 3
200 240 39 5
240 244 39 3
244 236 39 5
236 0 39 0
