# Solution for ../instances-HHCRSP/InstanzCPLEX_HCSRP_25_6.txt
# Cost = 470.995 Dist = 977.481 Tard = 292.194 TMax = 143.311
# <vehicle> <route length>
# <origin node> <dest node> <vehicle> <service type>
0 14
0 16 0 0
16 25 0 1
25 5 0 1
5 22 0 0
22 2 0 0
2 3 0 2
3 4 0 0
4 13 0 0
13 23 0 2
23 15 0 1
15 24 0 2
24 12 0 2
12 1 0 1
1 0 0 0
1 1
0 0 1 0
2 9
0 11 2 4
11 17 2 5
17 20 2 4
20 18 2 3
18 19 2 3
19 21 2 4
21 23 2 3
23 24 2 5
24 0 2 0
3 6
0 6 3 5
6 25 3 3
25 20 3 5
20 19 3 5
19 14 3 3
14 0 3 0
4 8
0 22 4 4
22 7 4 5
7 8 4 4
8 18 4 4
18 9 4 4
9 21 4 5
21 10 4 5
10 0 4 0
