# Solution for ../instances-HHCRSP/InstanzVNS_HCSRP_100_4.txt
# Cost = 715.628 Dist = 2133.19 Tard = 8.56631 TMax = 5.12474
# <vehicle> <route length>
# <origin node> <dest node> <vehicle> <service type>
0 7
0 13 0 2
13 90 0 0
90 20 0 0
20 89 0 0
89 93 0 2
93 91 0 0
91 0 0 0
1 5
0 97 1 0
97 94 1 0
94 33 1 0
33 18 1 0
18 0 1 0
2 2
0 9 2 0
9 0 2 0
3 9
0 15 3 2
15 69 3 0
69 92 3 2
92 39 3 0
39 50 3 0
50 44 3 0
44 16 3 0
16 63 3 0
63 0 3 0
4 13
0 40 4 1
40 55 4 1
55 88 4 1
88 1 4 2
1 96 4 1
96 62 4 0
62 56 4 2
56 41 4 0
41 100 4 1
100 64 4 0
64 11 4 2
11 17 4 1
17 0 4 0
5 5
0 24 5 1
24 98 5 1
98 86 5 1
86 65 5 1
65 0 5 0
6 14
0 47 6 2
47 7 6 1
7 51 6 2
51 14 6 2
14 54 6 0
54 25 6 1
25 87 6 2
87 34 6 2
34 99 6 1
99 12 6 2
12 36 6 1
36 95 6 2
95 10 6 1
10 0 6 0
7 14
0 71 7 4
71 74 7 3
74 32 7 3
32 23 7 4
23 88 7 3
88 83 7 3
83 85 7 4
85 73 7 3
73 89 7 3
89 35 7 3
35 72 7 3
72 78 7 4
78 57 7 4
57 0 7 0
8 13
0 48 8 5
48 58 8 3
58 82 8 3
82 77 8 3
77 59 8 4
59 84 8 3
84 27 8 3
27 80 8 4
80 98 8 3
98 19 8 4
19 29 8 5
29 53 8 5
53 0 8 0
9 12
0 71 9 5
71 74 9 4
74 66 9 3
66 45 9 3
45 83 9 4
83 85 9 5
85 73 9 5
73 87 9 5
87 99 9 4
99 61 9 4
61 100 9 4
100 0 9 0
10 12
0 42 10 4
42 82 10 4
82 77 10 5
77 84 10 5
84 43 10 5
43 46 10 4
46 5 10 3
5 75 10 4
75 2 10 4
2 81 10 4
81 79 10 4
79 0 10 0
11 5
0 30 11 5
30 92 11 5
92 21 11 5
21 86 11 5
86 0 11 0
12 7
0 6 12 3
6 28 12 3
28 22 12 5
22 26 12 3
26 67 12 3
67 79 12 5
79 0 12 0
13 3
0 76 13 4
76 37 13 4
37 0 13 0
14 3
0 97 14 3
97 4 14 4
4 0 14 0
15 10
0 90 15 3
90 49 15 4
49 31 15 4
31 68 15 3
68 60 15 4
60 96 15 4
96 3 15 3
3 72 15 5
72 78 15 5
78 0 15 0
16 7
0 52 16 5
52 38 16 5
38 80 16 3
80 75 16 5
75 81 16 5
81 95 16 3
95 0 16 0
17 3
0 94 17 5
94 8 17 4
8 0 17 0
18 1
0 0 18 0
19 5
0 76 19 3
76 70 19 5
70 93 19 4
93 91 19 5
91 0 19 0
