# Solution for ../instances-HHCRSP/InstanzVNS_HCSRP_200_7.txt
# Cost = 1154.57 Dist = 3456.57 Tard = 4.18639 TMax = 2.96426
# <vehicle> <route length>
# <origin node> <dest node> <vehicle> <service type>
0 9
0 193 0 0
193 38 0 0
38 2 0 2
2 51 0 0
51 42 0 2
42 77 0 0
77 194 0 2
194 40 0 2
40 0 0 0
1 12
0 82 1 0
82 99 1 1
99 200 1 0
200 198 1 1
198 93 1 1
93 113 1 1
113 171 1 0
171 29 1 0
29 33 1 1
33 199 1 1
199 76 1 0
76 0 1 0
2 8
0 188 2 2
188 97 2 0
97 191 2 2
191 18 2 0
18 59 2 0
59 175 2 0
175 12 2 0
12 0 2 0
3 4
0 131 3 2
131 187 3 2
187 130 3 2
130 0 3 0
4 20
0 178 4 1
178 189 4 2
189 24 4 1
24 65 4 2
65 75 4 2
75 90 4 2
90 105 4 1
105 14 4 1
14 80 4 2
80 196 4 2
196 68 4 1
68 78 4 1
78 79 4 1
79 115 4 2
115 26 4 2
26 134 4 2
134 85 4 1
85 177 4 1
177 46 4 1
46 0 4 0
5 8
0 124 5 1
124 129 5 1
129 45 5 1
45 100 5 1
100 195 5 1
195 15 5 1
15 86 5 2
86 0 5 0
6 7
0 11 6 0
11 172 6 0
172 108 6 0
108 182 6 0
182 174 6 0
174 57 6 0
57 0 6 0
7 13
0 72 7 0
72 192 7 0
192 183 7 1
183 50 7 0
50 10 7 0
10 176 7 2
176 36 7 2
36 102 7 0
102 54 7 2
54 22 7 2
22 39 7 0
39 106 7 1
106 0 7 0
8 11
0 114 8 0
114 64 8 1
64 101 8 0
101 140 8 0
140 197 8 0
197 186 8 0
186 63 8 0
63 179 8 0
179 173 8 1
173 13 8 0
13 0 8 0
9 12
0 25 9 2
25 53 9 0
53 136 9 2
136 185 9 0
185 180 9 2
180 67 9 2
67 127 9 0
127 181 9 2
181 184 9 2
184 9 9 0
9 190 9 2
190 0 9 0
10 16
0 133 10 3
133 193 10 3
193 1 10 4
1 116 10 5
116 31 10 3
31 166 10 3
166 147 10 5
147 148 10 5
148 126 10 3
126 55 10 4
55 96 10 5
96 16 10 4
16 117 10 5
117 111 10 4
111 107 10 5
107 0 10 0
11 13
0 160 11 3
160 139 11 5
139 165 11 3
165 170 11 5
170 191 11 5
191 162 11 3
162 195 11 3
195 142 11 3
142 164 11 5
164 161 11 3
161 163 11 3
163 103 11 3
103 0 11 0
12 14
0 168 12 3
168 178 12 5
178 3 12 3
3 145 12 3
145 143 12 3
143 172 12 3
172 70 12 5
70 120 12 3
120 119 12 5
119 69 12 5
69 112 12 5
112 186 12 3
186 158 12 3
158 0 12 0
13 20
0 81 13 4
81 168 13 5
168 189 13 4
189 145 13 5
145 143 13 4
143 118 13 4
118 41 13 5
41 109 13 4
109 128 13 3
128 196 13 4
196 125 13 5
125 88 13 3
88 94 13 3
94 182 13 5
182 155 13 3
155 149 13 5
149 174 13 4
174 71 13 4
71 7 13 4
7 0 13 0
14 8
0 160 14 4
160 200 14 5
200 198 14 3
198 181 14 4
181 169 14 3
169 184 14 3
184 151 14 5
151 0 14 0
15 12
0 188 15 4
188 98 15 3
98 89 15 5
89 176 15 3
176 146 15 3
146 159 15 4
159 27 15 3
27 144 15 3
144 156 15 3
156 153 15 3
153 152 15 3
152 0 15 0
16 9
0 165 16 4
165 170 16 4
170 146 16 5
146 187 16 5
187 8 16 5
8 30 16 5
30 197 16 4
197 158 16 4
158 0 16 0
17 15
0 141 17 4
141 157 17 3
157 23 17 3
23 73 17 3
73 121 17 3
121 162 17 5
162 142 17 4
142 164 17 4
164 6 17 4
6 37 17 4
37 175 17 3
175 110 17 3
110 44 17 3
44 60 17 3
60 0 17 0
18 11
0 141 18 5
141 157 18 4
157 20 18 3
20 34 18 3
34 84 18 4
84 17 18 3
17 144 18 4
144 156 18 5
156 153 18 4
153 48 18 3
48 0 18 0
19 14
0 21 19 4
21 95 19 4
95 194 19 4
194 32 19 3
32 62 19 3
62 166 19 4
166 147 19 4
147 148 19 3
148 52 19 3
52 91 19 4
91 155 19 4
155 149 19 4
149 177 19 3
177 0 19 0
20 12
0 123 20 3
123 192 20 3
192 183 20 3
183 49 20 4
49 56 20 4
56 104 20 4
104 4 20 4
4 74 20 4
74 159 20 5
159 19 20 3
19 152 20 5
152 0 20 0
21 8
0 150 21 4
150 35 21 3
35 167 21 4
167 87 21 4
87 61 21 4
61 179 21 5
179 173 21 3
173 0 21 0
22 4
0 150 22 5
150 167 22 3
167 122 22 3
122 0 22 0
23 13
0 137 23 4
137 58 23 3
58 5 23 4
5 135 23 5
135 43 23 3
43 185 23 4
185 180 23 3
180 83 23 3
83 66 23 3
66 138 23 4
138 161 23 4
161 163 23 5
163 0 23 0
24 8
0 92 24 4
92 154 24 3
154 171 24 3
171 28 24 4
28 169 24 4
169 132 24 3
132 151 24 3
151 0 24 0
25 4
0 154 25 5
154 47 25 4
47 190 25 4
190 0 25 0
26 2
0 199 26 4
199 0 26 0
27 1
0 0 27 0
28 1
0 0 28 0
29 1
0 0 29 0
