# Solution for ../instances-HHCRSP/InstanzCPLEX_HCSRP_50_1.txt
# Cost = 969.49 Dist = 1729.48 Tard = 988.17 TMax = 190.818
# <vehicle> <route length>
# <origin node> <dest node> <vehicle> <service type>
0 16
0 47 0 1
47 49 0 1
49 33 0 0
33 50 0 1
50 45 0 0
45 3 0 1
3 12 0 1
12 18 0 0
18 31 0 1
31 13 0 1
13 46 0 0
46 19 0 0
19 44 0 1
44 15 0 0
15 11 0 1
11 0 0 0
1 6
0 43 1 2
43 5 1 2
5 48 1 2
48 30 1 2
30 25 1 2
25 0 1 0
2 5
0 17 2 2
17 7 2 2
7 22 2 2
22 21 2 2
21 0 2 0
3 13
0 42 3 4
42 43 3 3
43 14 3 3
14 20 3 5
20 24 3 5
24 50 3 3
50 6 3 4
6 41 3 4
41 39 3 4
39 16 3 4
16 29 3 3
29 36 3 4
36 0 3 0
4 5
0 42 4 5
42 8 4 4
8 32 4 4
32 38 4 4
38 0 4 0
5 8
0 47 5 5
47 27 5 4
27 37 5 4
37 45 5 4
45 48 5 4
48 39 5 5
39 36 5 5
36 0 5 0
6 5
0 26 6 5
26 10 6 4
10 35 6 5
35 44 6 4
44 0 6 0
7 3
0 46 7 5
46 28 7 5
28 0 7 0
8 11
0 49 8 4
49 23 8 4
23 37 8 5
37 41 8 5
41 1 8 3
1 2 8 4
2 34 8 4
34 4 8 3
4 40 8 3
40 38 8 3
38 0 8 0
9 3
0 9 9 4
9 40 9 5
40 0 9 0
