# Solution for ../instances-HHCRSP/InstanzCPLEX_HCSRP_25_4.txt
# Cost = 436.908 Dist = 1230.78 Tard = 50.4695 TMax = 29.4762
# <vehicle> <route length>
# <origin node> <dest node> <vehicle> <service type>
0 10
0 15 0 2
15 13 0 2
13 23 0 0
23 1 0 2
1 24 0 2
24 14 0 2
14 22 0 2
22 12 0 2
12 11 0 2
11 0 0 0
1 7
0 16 1 0
16 7 1 1
7 25 1 1
25 17 1 1
17 10 1 1
10 9 1 0
9 0 1 0
2 8
0 20 2 5
20 23 2 3
23 6 2 3
6 19 2 3
19 5 2 3
5 21 2 3
21 18 2 3
18 0 2 0
3 7
0 20 3 4
20 25 3 4
25 22 3 4
22 21 3 5
21 18 3 4
18 8 3 4
8 0 3 0
4 6
0 24 4 3
24 19 4 5
19 2 4 4
2 4 4 4
4 3 4 3
3 0 4 0
