# Solution for ../instances-HHCRSP/InstanzVNS_HCSRP_200_9.txt
# Cost = 1348.51 Dist = 4024.04 Tard = 12.153 TMax = 9.33144
# <vehicle> <route length>
# <origin node> <dest node> <vehicle> <service type>
0 8
0 73 0 0
73 43 0 0
43 71 0 0
71 194 0 0
194 189 0 0
189 171 0 0
171 172 0 0
172 0 0 0
1 12
0 64 1 2
64 11 1 2
11 173 1 2
173 195 1 2
195 84 1 2
84 175 1 2
175 18 1 2
18 176 1 2
176 112 1 2
112 57 1 2
57 111 1 2
111 0 1 0
2 13
0 179 2 1
179 50 2 1
50 192 2 0
192 177 2 0
177 30 2 1
30 182 2 0
182 123 2 0
123 1 2 1
1 186 2 1
186 61 2 0
61 85 2 1
85 55 2 0
55 0 2 0
3 13
0 117 3 1
117 89 3 1
89 81 3 0
81 9 3 1
9 4 3 1
4 83 3 0
83 56 3 0
56 78 3 1
78 134 3 1
134 138 3 1
138 74 3 1
74 69 3 0
69 0 3 0
4 13
0 82 4 1
82 54 4 1
54 98 4 1
98 101 4 1
101 10 4 1
10 197 4 0
197 181 4 1
181 198 4 1
198 140 4 0
140 31 4 0
31 135 4 1
135 53 4 0
53 0 4 0
5 14
0 59 5 2
59 42 5 2
42 47 5 2
47 35 5 2
35 124 5 2
124 87 5 2
87 33 5 0
33 90 5 0
90 187 5 2
187 80 5 0
80 45 5 2
45 190 5 0
190 188 5 0
188 0 5 0
6 3
0 180 6 0
180 32 6 0
32 0 6 0
7 11
0 185 7 2
185 16 7 2
16 58 7 2
58 26 7 0
26 20 7 0
20 28 7 2
28 127 7 2
127 174 7 2
174 126 7 2
126 93 7 2
93 0 7 0
8 18
0 116 8 2
116 79 8 0
79 36 8 2
36 27 8 0
27 196 8 2
196 178 8 0
178 95 8 2
95 8 8 0
8 139 8 2
139 77 8 2
77 72 8 2
72 21 8 1
21 200 8 0
200 193 8 1
193 86 8 1
86 137 8 1
137 191 8 1
191 0 8 0
9 12
0 23 9 2
23 97 9 1
97 96 9 1
96 199 9 2
199 184 9 2
184 122 9 1
122 105 9 1
105 125 9 1
125 183 9 2
183 44 9 2
44 60 9 2
60 0 9 0
10 10
0 179 10 4
179 22 10 4
22 147 10 4
147 166 10 5
166 67 10 5
67 162 10 5
162 63 10 4
63 15 10 5
15 167 10 4
167 0 10 0
11 14
0 164 11 4
164 113 11 3
113 177 11 5
177 5 11 5
5 182 11 5
182 76 11 3
76 163 11 3
163 48 11 5
48 186 11 3
186 152 11 3
152 148 11 4
148 40 11 5
40 188 11 5
188 0 11 0
12 15
0 164 12 5
164 147 12 3
147 166 12 3
166 162 12 3
162 6 12 3
6 144 12 3
144 195 12 3
195 129 12 5
129 115 12 3
115 187 12 3
187 29 12 3
29 152 12 5
152 148 12 5
148 190 12 3
190 0 12 0
13 16
0 66 13 3
66 107 13 5
107 192 13 5
192 106 13 3
106 68 13 4
68 110 13 3
110 173 13 5
173 158 13 3
158 88 13 4
88 160 13 3
160 62 13 3
62 131 13 5
131 24 13 4
24 167 13 3
167 136 13 3
136 0 13 0
14 8
0 156 14 4
156 34 14 4
34 145 14 4
145 2 14 4
2 163 14 4
163 169 14 4
169 159 14 4
159 0 14 0
15 3
0 120 15 4
120 114 15 4
114 0 15 0
16 13
0 156 16 5
156 145 16 5
145 154 16 3
154 128 16 5
128 199 16 5
199 109 16 3
109 184 16 4
184 103 16 5
103 102 16 3
102 169 16 3
169 159 16 3
159 174 16 3
174 0 16 0
17 3
0 143 17 5
143 180 17 5
180 0 17 0
18 5
0 143 18 4
143 108 18 5
108 41 18 4
41 157 18 5
157 0 18 0
19 5
0 91 19 3
91 154 19 4
154 121 19 4
121 157 19 3
157 0 19 0
20 11
0 185 20 5
185 39 20 3
39 142 20 3
142 46 20 5
46 194 20 5
194 3 20 4
3 13 20 4
13 141 20 3
141 94 20 4
94 149 20 3
149 0 20 0
21 17
0 49 21 5
49 52 21 4
52 146 21 3
146 150 21 3
150 161 21 3
161 168 21 4
168 196 21 5
196 155 21 3
155 12 21 4
12 132 21 3
132 158 21 5
158 19 21 5
19 160 21 5
160 200 21 5
200 193 21 5
193 191 21 3
191 0 21 0
22 14
0 146 22 4
146 150 22 5
150 161 22 5
161 168 22 5
168 178 22 5
178 155 22 5
155 119 22 3
119 75 22 5
75 70 22 5
70 175 22 4
175 92 22 4
92 176 22 3
176 51 22 4
51 0 22 0
23 10
0 165 23 3
165 151 23 3
151 99 23 4
99 7 23 5
7 142 23 4
142 181 23 5
181 198 23 4
198 14 23 4
14 149 23 4
149 0 23 0
24 5
0 170 24 5
170 133 24 3
133 153 24 5
153 197 24 5
197 0 24 0
25 5
0 165 25 4
165 151 25 4
151 25 25 5
25 100 25 5
100 0 25 0
26 9
0 170 26 4
170 130 26 4
130 104 26 4
104 144 26 4
144 37 26 5
37 38 26 3
38 17 26 5
17 118 26 3
118 0 26 0
27 8
0 153 27 4
153 189 27 5
189 141 27 4
141 183 27 3
183 65 27 5
65 171 27 4
171 172 27 4
172 0 27 0
28 1
0 0 28 0
29 1
0 0 29 0
