# Solution for ../instances-HHCRSP/InstanzCPLEX_HCSRP_50_2.txt
# Cost = 587.819 Dist = 1715.73 Tard = 35.5912 TMax = 12.1377
# <vehicle> <route length>
# <origin node> <dest node> <vehicle> <service type>
0 13
0 14 0 0
14 26 0 0
26 11 0 2
11 49 0 2
49 2 0 0
2 10 0 0
10 19 0 2
19 34 0 2
34 15 0 2
15 21 0 0
21 12 0 2
12 32 0 0
32 0 0 0
1 5
0 50 1 2
50 44 1 2
44 3 1 2
3 16 1 2
16 0 1 0
2 13
0 46 2 0
46 9 2 1
9 48 2 1
48 45 2 1
45 17 2 1
17 43 2 1
43 7 2 0
7 6 2 0
6 33 2 1
33 31 2 1
31 4 2 1
4 47 2 2
47 0 2 0
3 12
0 1 3 4
1 40 3 3
40 22 3 3
22 28 3 5
28 13 3 4
13 29 3 3
29 41 3 5
41 25 3 4
25 36 3 3
36 42 3 3
42 47 3 3
47 0 3 0
4 4
0 39 4 3
39 50 4 3
50 20 4 5
20 0 4 0
5 4
0 39 5 4
39 38 5 4
38 37 5 4
37 0 5 0
6 6
0 40 6 4
40 23 6 5
23 36 6 5
36 42 6 4
42 24 6 4
24 0 6 0
7 10
0 8 7 3
8 48 7 4
48 45 7 4
45 49 7 4
49 27 7 4
27 41 7 4
41 5 7 3
5 18 7 3
18 35 7 4
35 0 7 0
8 4
0 46 8 5
46 43 8 5
43 30 8 4
30 0 8 0
9 4
0 38 9 3
38 44 9 5
44 37 9 5
37 0 9 0
