# Solution for ../instances-HHCRSP/InstanzVNS_HCSRP_200_8.txt
# Cost = 1132.77 Dist = 3394.46 Tard = 2.02916 TMax = 1.83095
# <vehicle> <route length>
# <origin node> <dest node> <vehicle> <service type>
0 16
0 125 0 0
125 195 0 0
195 193 0 0
193 184 0 1
184 185 0 0
185 22 0 1
22 194 0 1
194 178 0 0
178 182 0 0
182 135 0 0
135 62 0 0
62 107 0 1
107 174 0 1
174 51 0 0
51 48 0 1
48 0 0 0
1 13
0 10 1 0
10 42 1 0
42 188 1 0
188 134 1 0
134 40 1 0
40 171 1 0
171 119 1 0
119 132 1 0
132 120 1 0
120 187 1 0
187 72 1 0
72 98 1 0
98 0 1 0
2 13
0 117 2 2
117 130 2 0
130 65 2 0
65 55 2 0
55 186 2 0
186 95 2 0
95 104 2 2
104 73 2 0
73 76 2 0
76 181 2 2
181 191 2 0
191 109 2 0
109 0 2 0
3 16
0 45 3 2
45 189 3 1
189 33 3 1
33 75 3 1
75 200 3 1
200 53 3 1
53 44 3 1
44 13 3 2
13 196 3 2
196 180 3 1
180 105 3 2
105 46 3 2
46 127 3 2
127 103 3 2
103 93 3 2
93 0 3 0
4 7
0 87 4 1
87 126 4 1
126 110 4 1
110 92 4 1
92 175 4 1
175 115 4 1
115 0 4 0
5 7
0 54 5 1
54 32 5 1
32 66 5 1
66 131 5 1
131 176 5 1
176 27 5 1
27 0 5 0
6 17
0 91 6 2
91 102 6 2
102 197 6 0
197 179 6 0
179 23 6 2
23 94 6 0
94 192 6 0
192 68 6 2
68 74 6 0
74 183 6 2
183 139 6 0
139 172 6 2
172 6 6 2
6 90 6 0
90 12 6 2
12 129 6 0
129 0 6 0
7 7
0 60 7 2
60 177 7 2
177 56 7 2
56 58 7 2
58 77 7 2
77 113 7 2
113 0 7 0
8 18
0 112 8 0
112 57 8 1
57 11 8 0
11 17 8 0
17 21 8 0
21 36 8 1
36 78 8 0
78 190 8 1
190 173 8 0
173 100 8 0
100 198 8 0
198 4 8 1
4 5 8 0
5 16 8 0
16 81 8 0
81 71 8 1
71 18 8 1
18 0 8 0
9 3
0 199 9 1
199 138 9 1
138 0 9 0
10 19
0 195 10 4
195 8 10 5
8 193 10 4
193 184 10 5
184 185 10 5
185 137 10 4
137 166 10 5
166 82 10 4
82 149 10 4
149 34 10 5
34 196 10 4
196 167 10 4
167 111 10 5
111 181 10 4
181 165 10 4
165 158 10 5
158 150 10 4
150 191 10 5
191 0 10 0
11 13
0 145 11 3
145 186 11 3
186 97 11 4
97 171 11 4
171 24 11 4
24 47 11 4
47 164 11 3
164 89 11 4
89 174 11 5
174 35 11 4
35 153 11 4
153 152 11 3
152 0 11 0
12 14
0 145 12 5
145 168 12 3
168 7 12 3
7 1 12 4
1 128 12 4
128 156 12 4
156 140 12 5
140 162 12 3
162 31 12 5
31 79 12 3
79 165 12 3
165 158 12 3
158 150 12 5
150 0 12 0
13 9
0 189 13 3
189 168 13 5
168 164 13 5
164 83 13 3
83 118 13 5
118 39 13 4
39 153 13 5
153 152 13 4
152 0 13 0
14 18
0 86 14 4
86 50 14 4
50 197 14 3
197 179 14 3
179 136 14 3
136 106 14 4
106 14 14 5
14 116 14 5
116 26 14 3
26 63 14 5
63 190 14 5
190 30 14 5
30 29 14 3
29 146 14 3
146 154 14 4
154 9 14 5
9 147 14 3
147 0 14 0
15 9
0 151 15 4
151 61 15 4
61 170 15 4
170 178 15 4
178 182 15 4
182 156 15 5
156 37 15 5
37 162 15 5
162 0 15 0
16 7
0 151 16 5
151 124 16 3
124 170 16 5
170 38 16 4
38 176 16 5
176 28 16 3
28 0 16 0
17 14
0 49 17 5
49 188 17 3
188 194 17 5
194 166 17 3
166 64 17 3
64 122 17 5
122 114 17 5
114 167 17 3
167 69 17 3
69 157 17 3
157 3 17 4
3 88 17 5
88 80 17 5
80 0 17 0
18 12
0 163 18 4
163 161 18 3
161 43 18 4
43 143 18 4
143 15 18 4
15 2 18 4
2 173 18 4
173 19 18 3
19 144 18 4
144 148 18 4
148 142 18 3
142 0 18 0
19 10
0 163 19 5
163 161 19 5
161 143 19 5
143 133 19 4
133 198 19 3
198 52 19 4
52 146 19 5
146 154 19 5
154 147 19 4
147 0 19 0
20 6
0 59 20 3
59 192 20 5
192 144 20 3
144 148 20 5
148 142 20 5
142 0 20 0
21 3
0 123 21 4
123 160 21 4
160 0 21 0
22 11
0 108 22 3
108 70 22 5
70 121 22 3
121 25 22 5
25 200 22 3
200 149 22 5
149 187 22 4
187 180 22 4
180 99 22 5
99 157 22 5
157 0 22 0
23 6
0 155 23 5
155 159 23 3
159 20 23 3
20 169 23 3
169 141 23 3
141 0 23 0
24 2
0 67 24 5
67 0 24 0
25 11
0 84 25 4
84 155 25 4
155 159 25 4
159 183 25 4
183 101 25 4
101 172 25 3
172 175 25 5
175 85 25 3
85 169 25 5
169 141 25 5
141 0 25 0
26 1
0 0 26 0
27 1
0 0 27 0
28 6
0 199 28 4
199 177 28 5
177 41 28 5
41 96 28 5
96 160 28 5
160 0 28 0
29 1
0 0 29 0
