# Solution for ../instances-HHCRSP/InstanzVNS_HCSRP_300_2.txt
# Cost = 1908.96 Dist = 5708.94 Tard = 13.6474 TMax = 4.2817
# <vehicle> <route length>
# <origin node> <dest node> <vehicle> <service type>
0 13
0 272 0 0
272 283 0 0
283 26 0 0
26 138 0 1
138 129 0 1
129 45 0 0
45 262 0 0
262 10 0 0
10 105 0 0
105 106 0 0
106 179 0 0
179 165 0 1
165 0 0 0
1 14
0 259 1 2
259 147 1 1
147 255 1 1
255 182 1 1
182 145 1 1
145 133 1 1
133 282 1 1
282 41 1 2
41 160 1 1
160 103 1 2
103 113 1 1
113 268 1 2
268 4 1 1
4 0 1 0
2 10
0 284 2 0
284 14 2 0
14 91 2 0
91 269 2 0
269 289 2 0
289 252 2 0
252 180 2 0
180 271 2 0
271 57 2 0
57 0 2 0
3 5
0 251 3 2
251 189 3 2
189 275 3 2
275 59 3 2
59 0 3 0
4 13
0 9 4 1
9 287 4 1
287 11 4 2
11 196 4 1
196 136 4 2
136 66 4 2
66 34 4 2
34 31 4 1
31 286 4 2
286 270 4 1
270 149 4 1
149 65 4 2
65 0 4 0
5 16
0 96 5 1
96 290 5 0
290 177 5 1
177 46 5 0
46 83 5 0
83 293 5 0
293 295 5 1
295 117 5 1
117 17 5 1
17 44 5 1
44 191 5 1
191 288 5 0
288 82 5 1
82 256 5 1
256 128 5 1
128 0 5 0
6 14
0 258 6 1
258 263 6 2
263 132 6 1
132 172 6 2
172 2 6 0
2 257 6 1
257 261 6 0
261 114 6 0
114 158 6 1
158 140 6 1
140 167 6 2
167 292 6 1
292 15 6 2
15 0 6 0
7 4
0 121 7 2
121 100 7 2
100 90 7 2
90 0 7 0
8 2
0 115 8 0
115 0 8 0
9 2
0 175 9 0
175 0 9 0
10 1
0 0 10 0
11 17
0 71 11 1
71 297 11 1
297 108 11 1
108 61 11 2
61 266 11 2
266 173 11 2
173 168 11 2
168 274 11 2
274 80 11 1
80 159 11 2
159 19 11 2
19 285 11 1
285 281 11 2
281 280 11 2
280 97 11 2
97 291 11 1
291 0 11 0
12 6
0 154 12 2
154 162 12 2
162 36 12 2
36 40 12 2
40 296 12 2
296 0 12 0
13 12
0 299 13 1
299 199 13 0
199 123 13 1
123 3 13 2
3 38 13 1
38 92 13 1
92 43 13 2
43 260 13 2
260 116 13 0
116 300 13 2
300 273 13 1
273 0 13 0
14 6
0 39 14 1
39 120 14 1
120 278 14 1
278 298 14 1
298 166 14 1
166 0 14 0
15 17
0 254 15 2
254 161 15 0
161 198 15 2
198 146 15 1
146 276 15 2
276 294 15 2
294 267 15 1
267 56 15 1
56 197 15 2
197 33 15 1
33 6 15 0
6 32 15 0
32 279 15 1
279 7 15 0
7 185 15 0
185 264 15 2
264 0 15 0
16 12
0 193 16 1
193 54 16 1
54 72 16 2
72 131 16 1
131 67 16 0
67 277 16 1
277 265 16 0
265 12 16 2
12 21 16 0
21 253 16 0
253 42 16 1
42 0 16 0
17 3
0 157 17 2
157 16 17 2
16 0 17 0
18 19
0 272 18 5
272 283 18 3
283 259 18 3
259 203 18 3
203 94 18 5
94 171 18 4
171 222 18 3
222 234 18 3
234 75 18 5
75 216 18 4
216 29 18 3
29 292 18 4
292 262 18 5
262 74 18 4
74 213 18 3
213 109 18 5
109 205 18 3
205 202 18 4
202 0 18 0
19 21
0 225 19 3
225 287 19 5
287 77 19 4
77 243 19 3
243 212 19 4
212 151 19 3
151 263 19 5
263 244 19 3
244 218 19 3
218 13 19 4
13 125 19 4
125 267 19 5
267 101 19 3
101 238 19 4
238 37 19 3
37 288 19 5
288 224 19 3
224 201 19 3
201 256 19 5
256 245 19 3
245 0 19 0
20 19
0 225 20 5
225 118 20 4
118 243 20 4
243 212 20 5
212 244 20 5
244 144 20 5
144 156 20 5
156 257 20 3
257 261 20 5
261 250 20 3
250 229 20 3
229 88 20 3
88 285 20 5
285 232 20 3
232 139 20 3
139 24 20 4
24 178 20 5
178 223 20 3
223 0 20 0
21 15
0 104 21 3
104 284 21 4
284 227 21 3
227 240 21 3
240 135 21 5
135 269 21 4
269 58 21 4
58 148 21 3
148 265 21 4
265 226 21 4
226 237 21 4
237 217 21 4
217 268 21 3
268 235 21 4
235 0 21 0
22 16
0 8 22 3
8 258 22 3
258 255 22 4
255 73 22 3
73 239 22 3
239 204 22 3
204 188 22 3
188 134 22 4
134 250 22 4
250 18 22 3
18 153 22 3
153 286 22 3
286 270 22 3
270 35 22 4
35 202 22 5
202 0 22 0
23 11
0 251 23 5
251 200 23 5
200 221 23 5
221 28 23 5
28 276 23 5
276 294 23 5
294 119 23 5
119 70 23 5
70 279 23 5
279 223 23 5
223 0 23 0
24 16
0 290 24 3
290 190 24 4
190 93 24 3
93 293 24 4
293 152 24 3
152 51 24 5
51 295 24 4
295 194 24 5
194 98 24 4
98 95 24 3
95 169 24 5
169 233 24 3
233 273 24 4
273 219 24 4
219 20 24 5
20 0 24 0
25 14
0 53 25 4
53 227 25 4
227 240 25 5
240 181 25 5
181 289 25 4
289 48 25 3
48 274 25 3
274 252 25 5
252 55 25 5
55 111 25 4
111 150 25 4
150 79 25 3
79 235 25 5
235 0 25 0
26 17
0 89 26 5
89 297 26 4
297 221 26 4
221 174 26 3
174 218 26 5
218 266 26 4
266 122 26 3
122 25 26 4
25 22 26 3
22 271 26 4
271 85 26 4
85 99 26 4
99 76 26 3
76 232 26 5
232 47 26 4
47 291 26 3
291 0 26 0
27 11
0 210 27 4
210 299 27 4
299 50 27 5
50 126 27 5
126 220 27 4
220 248 27 4
248 52 27 4
52 249 27 4
249 164 27 5
164 245 27 4
245 0 27 0
28 12
0 210 28 5
210 60 28 5
60 298 28 4
298 102 28 3
102 249 28 3
249 64 28 3
64 69 28 4
69 86 28 3
86 63 28 4
63 143 28 4
143 192 28 4
192 0 28 0
29 9
0 211 29 4
211 228 29 3
228 186 29 4
186 107 29 4
107 236 29 3
236 195 29 3
195 277 29 5
277 247 29 5
247 0 29 0
30 9
0 211 30 5
211 228 30 4
228 62 30 4
62 236 30 4
236 238 30 5
238 296 30 3
296 224 30 5
224 201 30 4
201 0 30 0
31 15
0 1 31 4
1 206 31 4
206 231 31 3
231 214 31 3
214 242 31 3
242 208 31 3
208 239 31 4
239 204 31 5
204 187 31 5
187 229 31 4
229 176 31 4
176 281 31 5
281 280 31 4
280 155 31 4
155 0 31 0
32 14
0 230 32 3
230 241 32 4
241 137 32 3
137 275 32 4
275 110 32 5
110 163 32 5
163 127 32 5
127 141 32 4
141 112 32 5
112 260 32 4
260 300 32 5
300 142 32 4
142 87 32 4
87 0 32 0
33 11
0 207 33 4
207 203 33 4
203 282 33 3
282 84 33 4
84 5 33 3
5 246 33 3
246 209 33 3
209 213 33 4
213 78 33 3
78 205 33 4
205 0 33 0
34 3
0 278 34 3
278 247 34 3
247 0 34 0
35 9
0 230 35 5
230 241 35 5
241 220 35 5
220 248 35 3
248 30 35 4
30 233 35 4
233 219 35 5
219 264 35 5
264 0 35 0
36 16
0 206 36 5
206 231 36 4
231 214 36 5
214 242 36 4
242 208 36 4
208 49 36 4
49 27 36 4
27 124 36 4
124 68 36 4
68 170 36 3
170 246 36 4
246 209 36 4
209 130 36 3
130 253 36 3
253 184 36 5
184 0 36 0
37 12
0 254 37 5
254 207 37 5
207 81 37 3
81 222 37 4
222 234 37 5
234 216 37 5
216 183 37 3
183 226 37 5
226 237 37 5
237 217 37 5
217 23 37 5
23 0 37 0
38 2
0 215 38 3
215 0 38 0
39 2
0 215 39 5
215 0 39 0
