# Solution for ../instances-HHCRSP/InstanzCPLEX_HCSRP_50_8.txt
# Cost = 481.173 Dist = 1407.91 Tard = 26.5517 TMax = 9.05526
# <vehicle> <route length>
# <origin node> <dest node> <vehicle> <service type>
0 7
0 10 0 0
10 45 0 2
45 13 0 2
13 47 0 2
47 48 0 0
48 46 0 2
46 0 0 0
1 13
0 43 1 1
43 49 1 0
49 22 1 1
22 33 1 1
33 50 1 1
50 44 1 1
44 27 1 1
27 4 1 1
4 5 1 0
5 16 1 0
16 32 1 1
32 18 1 1
18 0 1 0
2 7
0 11 2 0
11 23 2 2
23 17 2 0
17 21 2 0
21 6 2 2
6 12 2 2
12 0 2 0
3 11
0 43 3 4
43 49 3 3
49 45 3 4
45 25 3 5
25 24 3 4
24 3 3 4
3 44 3 3
44 39 3 4
39 35 3 4
35 46 3 3
46 0 3 0
4 8
0 14 4 5
14 20 4 3
20 36 4 4
36 19 4 3
19 2 4 4
2 29 4 3
29 9 4 5
9 0 4 0
5 8
0 42 5 3
42 40 5 4
40 7 5 3
7 1 5 4
1 37 5 3
37 38 5 3
38 41 5 4
41 0 5 0
6 9
0 42 6 4
42 40 6 5
40 8 6 5
8 50 6 5
50 34 6 5
34 47 6 4
47 48 6 5
48 39 6 5
39 0 6 0
7 4
0 26 7 3
26 36 7 5
36 30 7 5
30 0 7 0
8 2
0 28 8 3
28 0 8 0
9 6
0 15 9 4
15 37 9 5
37 31 9 5
31 38 9 4
38 41 9 5
41 0 9 0
