# Solution for ../instances-HHCRSP/InstanzCPLEX_HCSRP_75_5.txt
# Cost = 708.105 Dist = 2120.44 Tard = 2.18797 TMax = 1.69089
# <vehicle> <route length>
# <origin node> <dest node> <vehicle> <service type>
0 17
0 14 0 0
14 46 0 2
46 17 0 0
17 66 0 0
66 72 0 1
72 67 0 0
67 9 0 2
9 68 0 0
68 39 0 1
39 69 0 1
69 31 0 1
31 27 0 2
27 75 0 1
75 5 0 0
5 4 0 2
4 24 0 2
24 0 0 0
1 3
0 15 1 2
15 30 1 2
30 0 1 0
2 12
0 71 2 1
71 64 2 1
64 34 2 1
34 51 2 1
51 65 2 1
65 18 2 1
18 33 2 1
33 25 2 1
25 35 2 1
35 40 2 1
40 13 2 1
13 0 2 0
3 7
0 23 3 0
23 21 3 0
21 70 3 0
70 43 3 0
43 73 3 0
73 41 3 0
41 0 3 0
4 5
0 36 4 2
36 3 4 2
3 74 4 2
74 32 4 2
32 0 4 0
5 7
0 11 5 5
11 63 5 3
63 62 5 3
62 53 5 5
53 75 5 3
75 61 5 3
61 0 5 0
6 14
0 42 6 5
42 22 6 5
22 63 6 5
63 66 6 4
66 2 6 4
2 72 6 3
72 10 6 3
10 67 6 3
67 47 6 4
47 68 6 4
68 26 6 4
26 69 6 3
69 61 6 5
61 0 6 0
7 11
0 50 7 3
50 38 7 3
38 54 7 3
54 59 7 3
59 60 7 3
60 52 7 5
52 12 7 3
12 19 7 5
19 20 7 3
20 57 7 3
57 0 7 0
8 8
0 54 8 5
54 49 8 5
49 60 8 5
60 28 8 3
28 55 8 5
55 70 8 3
70 56 8 3
56 0 8 0
9 12
0 16 9 4
16 6 9 5
6 45 9 3
45 59 9 4
59 64 9 4
64 29 9 3
29 62 9 4
62 48 9 4
48 53 9 4
53 7 9 4
7 37 9 4
37 0 9 0
10 5
0 71 10 4
71 55 10 4
55 56 10 5
56 74 10 4
74 0 10 0
11 7
0 58 11 3
58 8 11 5
8 1 11 5
1 65 11 4
65 73 11 5
73 57 11 5
57 0 11 0
12 1
0 0 12 0
13 3
0 58 13 5
58 44 13 3
44 0 13 0
14 1
0 0 14 0
