# Solution for ../instances-HHCRSP/InstanzVNS_HCSRP_200_6.txt
# Cost = 1352.44 Dist = 3992.59 Tard = 52.6981 TMax = 12.0288
# <vehicle> <route length>
# <origin node> <dest node> <vehicle> <service type>
0 12
0 103 0 0
103 97 0 2
97 66 0 0
66 182 0 0
182 72 0 0
72 136 0 0
136 185 0 1
185 128 0 2
128 177 0 1
177 180 0 1
180 98 0 2
98 0 0 0
1 11
0 67 1 2
67 60 1 2
60 20 1 2
20 188 1 2
188 3 1 2
3 186 1 2
186 12 1 2
12 73 1 2
73 176 1 2
176 191 1 2
191 0 1 0
2 16
0 4 2 0
4 198 2 2
198 195 2 1
195 13 2 0
13 173 2 2
173 134 2 0
134 61 2 1
61 24 2 1
24 94 2 0
94 80 2 1
80 196 2 1
196 109 2 0
109 58 2 1
58 1 2 1
1 106 2 1
106 0 2 0
3 14
0 43 3 1
43 36 3 1
36 31 3 2
31 139 3 2
139 22 3 2
22 30 3 2
30 111 3 1
111 59 3 1
59 112 3 1
112 92 3 2
92 119 3 2
119 121 3 1
121 79 3 2
79 0 3 0
4 15
0 183 4 1
183 171 4 0
171 184 4 1
184 18 4 0
18 95 4 1
95 33 4 0
33 19 4 1
19 104 4 1
104 127 4 1
127 126 4 1
126 174 4 1
174 113 4 0
113 114 4 0
114 172 4 0
172 0 4 0
5 8
0 90 5 0
90 44 5 0
44 199 5 0
199 41 5 0
41 181 5 0
181 132 5 0
132 179 5 0
179 0 5 0
6 10
0 178 6 2
178 133 6 2
133 197 6 2
197 64 6 2
64 194 6 2
194 40 6 2
40 129 6 2
129 99 6 2
99 175 6 2
175 0 6 0
7 6
0 124 7 2
124 200 7 1
200 187 7 2
187 116 7 2
116 85 7 1
85 0 7 0
8 11
0 25 8 2
25 82 8 2
82 51 8 2
51 192 8 2
192 47 8 2
47 53 8 1
53 190 8 2
190 189 8 2
189 23 8 1
23 15 8 1
15 0 8 0
9 11
0 16 9 0
16 131 9 0
131 5 9 1
5 122 9 1
122 193 9 0
193 26 9 0
26 2 9 0
2 78 9 0
78 77 9 0
77 76 9 1
76 0 9 0
10 8
0 160 10 3
160 154 10 3
154 148 10 3
148 193 10 3
193 147 10 3
147 170 10 3
170 123 10 3
123 0 10 0
11 13
0 159 11 4
159 7 11 5
7 137 11 5
137 91 11 4
91 162 11 3
162 21 11 3
21 71 11 5
71 9 11 4
9 147 11 5
147 170 11 5
170 105 11 5
105 118 11 4
118 0 11 0
12 8
0 159 12 5
159 56 12 5
56 146 12 5
146 167 12 5
167 164 12 5
164 142 12 5
142 156 12 5
156 0 12 0
13 15
0 93 13 5
93 65 13 3
65 198 13 3
198 195 13 3
195 138 13 3
138 17 13 5
17 153 13 3
153 52 13 3
52 189 13 3
189 102 13 5
102 155 13 5
155 150 13 5
150 168 13 3
168 110 13 3
110 0 13 0
14 8
0 160 14 5
160 154 14 5
154 148 14 5
148 130 14 3
130 140 14 5
140 194 14 3
194 175 14 3
175 0 14 0
15 10
0 165 15 5
165 157 15 5
157 152 15 5
152 188 15 3
188 145 15 3
145 163 15 3
163 29 15 3
29 176 15 5
176 191 15 5
191 0 15 0
16 15
0 27 16 4
27 11 16 4
11 144 16 5
144 141 16 5
141 158 16 4
158 84 16 5
84 192 16 4
192 190 16 5
190 87 16 5
87 38 16 5
38 174 16 5
174 155 16 4
155 150 16 4
150 168 16 5
168 0 16 0
17 3
0 151 17 5
151 115 17 5
115 0 17 0
18 14
0 165 18 4
165 157 18 4
157 152 18 4
152 171 18 4
171 48 18 4
48 89 18 4
89 173 18 4
173 74 18 5
74 186 18 5
186 107 18 4
107 101 18 3
101 196 18 3
196 172 18 5
172 0 18 0
19 14
0 183 19 4
183 144 19 3
144 141 19 3
141 158 19 3
158 46 19 4
46 153 19 4
153 100 19 4
100 108 19 4
108 149 19 3
149 166 19 4
166 135 19 4
135 169 19 3
169 14 19 3
14 0 19 0
20 11
0 49 20 4
49 54 20 3
54 39 20 5
39 83 20 4
83 68 20 5
68 63 20 3
63 96 20 3
96 42 20 4
42 75 20 4
75 70 20 3
70 0 20 0
21 4
0 6 21 5
6 45 21 5
45 34 21 5
34 0 21 0
22 17
0 151 22 4
151 35 22 5
35 88 22 4
88 8 22 4
8 184 22 5
184 55 22 4
55 182 22 4
182 162 22 4
162 32 22 4
32 120 22 5
120 185 22 4
185 177 22 5
177 69 22 3
69 125 22 3
125 169 22 5
169 180 22 5
180 0 22 0
23 8
0 143 23 5
143 86 23 5
86 146 23 4
146 167 23 4
167 164 23 4
164 142 23 4
142 156 23 4
156 0 23 0
24 8
0 143 24 3
143 50 24 3
50 197 24 4
197 199 24 4
199 57 24 3
57 81 24 4
81 181 24 4
181 0 24 0
25 5
0 200 25 3
200 161 25 3
161 179 25 3
179 10 25 5
10 0 25 0
26 2
0 187 26 5
187 0 26 0
27 10
0 178 27 4
178 37 27 4
37 62 27 4
62 145 27 4
145 163 27 4
163 28 27 5
28 149 27 5
149 166 27 5
166 117 27 4
117 0 27 0
28 2
0 161 28 4
161 0 28 0
29 1
0 0 29 0
