# Solution for ../instances-HHCRSP/InstanzVNS_HCSRP_200_1.txt
# Cost = 1446.64 Dist = 4333.27 Tard = 4.22041 TMax = 2.43239
# <vehicle> <route length>
# <origin node> <dest node> <vehicle> <service type>
0 11
0 139 0 0
139 189 0 0
189 82 0 0
82 101 0 0
101 19 0 0
19 183 0 0
183 185 0 0
185 197 0 0
197 199 0 0
199 196 0 0
196 0 0 0
1 12
0 42 1 2
42 182 1 2
182 186 1 2
186 178 1 2
178 123 1 2
123 17 1 2
17 5 1 2
5 131 1 2
131 129 1 2
129 133 1 2
133 40 1 2
40 0 1 0
2 6
0 180 2 1
180 43 2 1
43 31 2 1
31 13 2 1
13 89 2 1
89 0 2 0
3 6
0 70 3 2
70 67 3 2
67 173 3 2
173 21 3 2
21 22 3 2
22 0 3 0
4 10
0 134 4 1
134 177 4 1
177 98 4 1
98 12 4 1
12 111 4 1
111 128 4 1
128 176 4 1
176 192 4 1
192 73 4 1
73 0 4 0
5 6
0 190 5 1
190 104 5 1
104 172 5 1
172 3 5 1
3 78 5 1
78 0 5 0
6 9
0 181 6 2
181 137 6 2
137 56 6 1
56 41 6 1
41 59 6 2
59 57 6 2
57 110 6 1
110 7 6 2
7 0 6 0
7 22
0 125 7 0
125 120 7 1
120 33 7 0
33 198 7 2
198 175 7 0
175 60 7 2
60 62 7 1
62 71 7 1
71 15 7 0
15 188 7 2
188 179 7 0
179 97 7 1
97 77 7 0
77 48 7 0
48 30 7 2
30 184 7 2
184 11 7 1
11 53 7 2
53 200 7 2
200 99 7 2
99 171 7 1
171 0 7 0
8 13
0 174 8 0
174 18 8 0
18 61 8 0
61 84 8 0
84 105 8 0
105 100 8 0
100 38 8 0
38 92 8 0
92 75 8 0
75 46 8 0
46 107 8 0
107 58 8 1
58 0 8 0
9 15
0 81 9 2
81 47 9 0
47 194 9 2
194 193 9 2
193 90 9 0
90 187 9 0
187 93 9 2
93 195 9 0
195 103 9 0
103 106 9 0
106 66 9 0
66 191 9 2
191 25 9 2
25 55 9 0
55 0 9 0
10 12
0 189 10 3
189 85 10 3
85 146 10 4
146 166 10 3
166 26 10 5
26 109 10 3
109 152 10 3
152 163 10 3
163 130 10 5
130 176 10 3
176 44 10 3
44 0 10 0
11 14
0 149 11 3
149 127 11 3
127 14 11 3
14 91 11 3
91 159 11 3
159 45 11 3
45 188 11 3
188 179 11 3
179 39 11 3
39 167 11 3
167 36 11 3
36 29 11 3
29 158 11 3
158 0 11 0
12 12
0 170 12 5
170 138 12 3
138 198 12 5
198 169 12 3
169 79 12 3
79 135 12 3
135 167 12 5
167 69 12 5
69 153 12 3
153 156 12 3
156 196 12 5
196 0 12 0
13 13
0 170 13 4
170 102 13 4
102 24 13 5
24 175 13 5
175 169 13 4
169 23 13 4
23 144 13 4
144 112 13 4
112 187 13 4
187 147 13 4
147 1 13 3
1 80 13 5
80 0 13 0
14 9
0 8 14 4
8 151 14 4
151 161 14 4
161 155 14 4
155 51 14 4
51 32 14 4
32 74 14 4
74 143 14 4
143 0 14 0
15 10
0 180 15 4
180 65 15 4
65 6 15 4
6 160 15 4
160 172 15 4
172 142 15 3
142 126 15 4
126 165 15 4
165 200 15 3
200 0 15 0
16 9
0 146 16 5
146 166 16 4
166 178 16 5
178 35 16 5
35 72 16 4
72 185 16 4
185 197 16 5
197 143 16 5
143 0 16 0
17 9
0 149 17 5
149 182 17 4
182 186 17 4
186 86 17 5
86 49 17 4
49 144 17 5
144 147 17 5
147 96 17 5
96 0 17 0
18 5
0 83 18 5
83 151 18 3
151 87 18 5
87 150 18 3
150 0 18 0
19 5
0 88 19 5
88 174 19 3
174 157 19 5
157 141 19 5
141 0 19 0
20 15
0 117 20 5
117 20 20 5
20 190 20 5
190 37 20 3
37 160 20 5
160 136 20 4
136 63 20 4
63 119 20 4
119 114 20 5
114 145 20 4
145 113 20 5
113 191 20 3
191 164 20 3
164 28 20 5
28 0 20 0
21 5
0 177 21 5
177 52 21 3
52 161 21 5
161 155 21 5
155 0 21 0
22 10
0 181 22 4
181 27 22 4
27 118 22 5
118 145 22 5
145 64 22 3
64 76 22 3
76 153 22 5
153 156 22 4
156 171 22 5
171 0 22 0
23 9
0 10 23 4
10 148 23 3
148 162 23 3
162 68 23 4
68 168 23 3
168 183 23 4
183 34 23 4
34 164 23 4
164 0 23 0
24 12
0 108 24 3
108 148 24 4
148 162 24 4
162 168 24 5
168 152 24 5
152 163 24 4
163 124 24 4
124 4 24 3
4 173 24 4
173 121 24 4
121 192 24 3
192 0 24 0
25 12
0 115 25 3
115 154 25 3
154 159 25 5
159 140 25 4
140 54 25 3
54 94 25 4
94 16 25 4
16 142 25 4
142 165 25 5
165 184 25 5
184 158 25 5
158 0 25 0
26 9
0 154 26 5
154 194 26 3
194 193 26 5
193 2 26 4
2 132 26 3
132 116 26 4
116 195 26 4
195 199 26 4
199 0 26 0
27 5
0 95 27 5
95 122 27 5
122 150 27 5
150 9 27 4
9 0 27 0
28 4
0 50 28 5
50 157 28 4
157 141 28 4
141 0 28 0
29 1
0 0 29 0
