# Solution for ../instances-HHCRSP/InstanzVNS_HCSRP_200_1.txt
# Cost = 1424.7 Dist = 4274.09 Tard = 0 TMax = 0
# <vehicle> <route length>
# <origin node> <dest node> <vehicle> <service type>
0 12
0 189 0 0
189 139 0 0
139 84 0 0
84 19 0 0
19 101 0 0
101 82 0 0
82 105 0 0
105 100 0 0
100 38 0 0
38 92 0 0
92 75 0 0
75 0 0 0
1 14
0 81 1 2
81 182 1 2
182 186 1 2
186 123 1 2
123 17 1 2
17 178 1 2
178 193 1 2
193 194 1 2
194 137 1 2
137 25 1 2
25 191 1 2
191 7 1 2
7 21 1 2
21 0 1 0
2 8
0 180 2 1
180 78 2 1
78 56 2 1
56 128 2 1
128 176 2 1
176 192 2 1
192 73 2 1
73 0 2 0
3 9
0 42 3 2
42 70 3 2
70 67 3 2
67 22 3 2
22 173 3 2
173 129 3 2
129 133 3 2
133 40 3 2
40 0 3 0
4 6
0 134 4 1
134 177 4 1
177 98 4 1
98 12 4 1
12 111 4 1
111 0 4 0
5 5
0 43 5 1
43 31 5 1
31 13 5 1
13 89 5 1
89 0 5 0
6 12
0 181 6 2
181 190 6 1
190 172 6 1
172 184 6 2
184 97 6 1
97 30 6 2
30 11 6 1
11 53 6 2
53 200 6 2
200 99 6 2
99 171 6 1
171 0 6 0
7 18
0 125 7 0
125 33 7 0
33 198 7 2
198 175 7 0
175 60 7 2
60 62 7 1
62 71 7 1
71 48 7 0
48 77 7 0
77 188 7 2
188 15 7 0
15 179 7 0
179 93 7 2
93 103 7 0
103 106 7 0
106 196 7 0
196 55 7 0
55 0 7 0
8 15
0 47 8 0
47 120 8 1
120 104 8 1
104 3 8 1
3 41 8 1
41 90 8 0
90 187 8 0
187 195 8 0
195 199 8 0
199 110 8 1
110 66 8 0
66 107 8 0
107 46 8 0
46 58 8 1
58 0 8 0
9 11
0 18 9 0
18 61 9 0
61 174 9 0
174 183 9 0
183 5 9 2
5 59 9 2
59 57 9 2
57 131 9 2
131 185 9 0
185 197 9 0
197 0 9 0
10 15
0 27 10 4
27 65 10 4
65 37 10 3
37 136 10 4
136 160 10 4
160 6 10 4
6 63 10 4
63 119 10 4
119 76 10 3
76 187 10 4
187 144 10 5
144 112 10 4
112 147 10 5
147 96 10 5
96 0 10 0
11 10
0 108 11 3
108 166 11 3
166 189 11 3
189 85 11 3
85 109 11 3
109 152 11 3
152 168 11 3
168 163 11 3
163 4 11 3
4 0 11 0
12 15
0 24 12 5
24 170 12 5
170 198 12 5
198 138 12 3
138 175 12 5
175 54 12 3
54 142 12 3
142 165 12 5
165 184 12 5
184 39 12 3
39 167 12 3
167 36 12 3
36 158 12 3
158 200 12 3
200 0 12 0
13 17
0 182 13 4
182 166 13 4
166 186 13 4
186 49 13 4
49 86 13 5
86 178 13 5
178 193 13 5
193 194 13 3
194 2 13 4
2 132 13 3
132 1 13 3
1 195 13 4
195 199 13 4
199 116 13 4
116 80 13 5
80 44 13 3
44 0 13 0
14 8
0 140 14 4
140 170 14 4
170 102 14 4
102 169 14 4
169 23 14 4
23 144 14 4
144 147 14 4
147 0 14 0
15 10
0 180 15 4
180 115 15 3
115 149 15 3
149 146 15 4
146 68 15 4
68 162 15 3
162 176 15 3
176 34 15 4
34 164 15 3
164 0 15 0
16 9
0 149 16 5
149 146 16 5
146 162 16 4
162 130 16 5
130 183 16 4
183 152 16 5
152 168 16 5
168 163 16 4
163 0 16 0
17 7
0 83 17 5
83 151 17 4
151 161 17 4
161 155 17 4
155 51 17 4
51 143 17 4
143 0 17 0
18 15
0 127 18 3
127 154 18 3
154 91 18 3
91 159 18 3
159 45 18 3
45 169 18 3
169 79 18 3
79 135 18 3
135 188 18 3
188 69 18 5
69 179 18 3
179 167 18 5
167 29 18 3
29 158 18 5
158 0 18 0
19 12
0 148 19 3
148 154 19 5
154 159 19 5
159 14 19 3
14 118 19 5
118 145 19 5
145 114 19 5
114 64 19 3
64 153 19 3
153 156 19 3
156 196 19 5
196 0 19 0
20 14
0 181 20 4
181 190 20 5
190 20 20 5
20 172 20 4
172 160 20 5
160 142 20 4
142 94 20 4
94 16 20 4
16 165 20 4
165 126 20 4
126 153 20 5
153 156 20 4
156 171 20 5
171 0 20 0
21 5
0 122 21 5
122 151 21 3
151 87 21 5
87 150 21 3
150 0 21 0
22 8
0 8 22 4
8 177 22 5
177 52 22 3
52 161 22 5
161 155 22 5
155 74 22 4
74 32 22 4
32 0 22 0
23 9
0 148 23 4
148 124 23 4
124 26 23 5
26 35 23 5
35 72 23 4
72 185 23 4
185 197 23 5
197 143 23 5
143 0 23 0
24 8
0 50 24 5
50 117 24 5
117 145 24 4
145 113 24 5
113 191 24 3
191 164 24 4
164 28 24 5
28 0 24 0
25 5
0 10 25 4
10 174 25 3
174 157 25 4
157 141 25 4
141 0 25 0
26 4
0 88 26 5
88 157 26 5
157 141 26 5
141 0 26 0
27 4
0 95 27 5
95 9 27 4
9 150 27 5
150 0 27 0
28 4
0 173 28 4
173 121 28 4
121 192 28 3
192 0 28 0
29 1
0 0 29 0
