# Solution for ../instances-HHCRSP/InstanzVNS_HCSRP_300_3.txt
# Cost = 1514.23 Dist = 4520.97 Tard = 17.7182 TMax = 4
# <vehicle> <route length>
# <origin node> <dest node> <vehicle> <service type>
0 15
0 111 0 1
111 298 0 0
298 9 0 1
9 33 0 0
33 40 0 1
40 125 0 1
125 122 0 0
122 17 0 0
17 178 0 0
178 121 0 0
121 128 0 0
128 191 0 1
191 60 0 0
60 289 0 1
289 0 0 0
1 11
0 251 1 1
251 288 1 1
288 179 1 0
179 181 1 1
181 10 1 1
10 142 1 1
142 184 1 1
184 133 1 1
133 38 1 0
38 258 1 1
258 0 1 0
2 13
0 293 2 2
293 290 2 2
290 61 2 2
61 156 2 2
156 1 2 2
1 294 2 2
294 88 2 2
88 89 2 2
89 268 2 2
268 154 2 2
154 136 2 2
136 263 2 2
263 0 2 0
3 13
0 63 3 1
63 26 3 1
26 164 3 1
164 90 3 1
90 151 3 1
151 190 3 0
190 4 3 1
4 273 3 1
273 253 3 0
253 272 3 0
272 283 3 0
283 166 3 0
166 0 3 0
4 9
0 147 4 1
147 107 4 1
107 265 4 1
265 165 4 1
165 264 4 1
264 41 4 1
41 163 4 1
163 185 4 1
185 0 4 0
5 18
0 262 5 2
262 195 5 2
195 20 5 1
20 80 5 1
80 274 5 2
274 117 5 0
117 22 5 0
22 59 5 0
59 108 5 1
108 284 5 1
284 149 5 1
149 43 5 2
43 155 5 0
155 87 5 2
87 126 5 0
126 54 5 1
54 292 5 2
292 0 5 0
6 10
0 261 6 0
261 161 6 0
161 285 6 1
285 34 6 0
34 62 6 1
62 266 6 1
266 157 6 1
157 279 6 1
279 3 6 0
3 0 6 0
7 12
0 271 7 2
271 252 7 0
252 280 7 2
280 286 7 0
286 168 7 2
168 257 7 0
257 282 7 2
282 277 7 2
277 86 7 2
86 139 7 0
139 76 7 2
76 0 7 0
8 3
0 23 8 1
23 65 8 1
65 0 8 0
9 7
0 281 9 0
281 260 9 0
260 278 9 0
278 275 9 0
275 193 9 0
193 256 9 0
256 0 9 0
10 16
0 114 10 0
114 50 10 2
50 143 10 2
143 47 10 2
47 6 10 0
6 45 10 2
45 287 10 0
287 137 10 0
137 123 10 1
123 5 10 0
5 67 10 1
67 270 10 0
270 130 10 2
130 31 10 2
31 269 10 1
269 0 10 0
11 6
0 35 11 2
35 171 11 2
171 112 11 2
112 177 11 2
177 64 11 2
64 0 11 0
12 11
0 296 12 0
296 254 12 2
254 299 12 2
299 79 12 2
79 172 12 2
172 68 12 0
68 188 12 0
188 72 12 2
72 118 12 2
118 159 12 0
159 0 12 0
13 4
0 21 13 1
21 255 13 1
255 199 13 1
199 0 13 0
14 9
0 2 14 2
2 124 14 2
124 69 14 2
69 169 14 1
169 189 14 2
189 295 14 1
295 297 14 2
297 267 14 1
267 0 14 0
15 3
0 29 15 2
29 103 15 2
103 0 15 0
16 11
0 259 16 0
259 91 16 0
91 291 16 0
291 162 16 2
162 300 16 2
300 140 16 2
140 138 16 2
138 276 16 2
276 97 16 0
97 135 16 0
135 0 16 0
17 1
0 0 17 0
18 11
0 293 18 5
293 248 18 5
248 265 18 3
265 213 18 3
213 206 18 3
206 236 18 3
236 105 18 5
105 231 18 5
231 81 18 5
81 77 18 5
77 0 18 0
19 16
0 298 19 4
298 145 19 5
145 221 19 3
221 238 19 4
238 250 19 3
250 247 19 4
247 175 19 3
175 246 19 4
246 284 19 3
284 237 19 4
237 202 19 4
202 233 19 4
233 211 19 4
211 201 19 4
201 234 19 4
234 0 19 0
20 12
0 241 20 4
241 248 20 4
248 95 20 5
95 300 20 5
300 53 20 3
53 276 20 5
276 148 20 3
148 231 20 4
231 243 20 3
243 207 20 3
207 256 20 4
256 0 20 0
21 16
0 241 21 5
241 271 21 5
271 70 21 5
70 96 21 5
96 196 21 5
196 127 21 4
127 215 21 4
215 242 21 3
242 218 21 3
218 253 21 5
253 272 21 5
272 120 21 5
120 283 21 5
283 228 21 3
228 101 21 5
101 0 21 0
22 14
0 251 22 3
251 222 22 4
222 116 22 3
116 212 22 3
212 294 22 3
294 46 22 4
46 268 22 3
268 227 22 3
227 244 22 4
244 200 22 4
200 225 22 3
225 187 22 3
187 263 22 4
263 0 22 0
23 9
0 219 23 4
219 261 23 4
261 100 23 4
100 115 23 3
115 230 23 4
230 278 23 3
278 275 23 3
275 245 23 3
245 0 23 0
24 11
0 219 24 5
219 113 24 4
113 285 24 3
285 129 24 5
129 19 24 4
19 266 24 3
266 18 24 3
18 210 24 3
210 214 24 3
214 228 24 4
228 0 24 0
25 11
0 288 25 5
288 222 25 5
222 28 25 5
28 212 25 4
212 73 25 4
73 227 25 4
227 244 25 5
244 186 25 4
186 225 25 4
225 258 25 5
258 0 25 0
26 8
0 208 26 5
208 209 26 5
209 235 26 5
235 217 26 5
217 255 26 5
255 240 26 5
240 224 26 5
224 0 26 0
27 18
0 205 27 3
205 262 27 3
262 146 27 5
146 44 27 4
44 221 27 4
221 238 27 5
238 250 27 5
250 247 27 5
247 84 27 3
84 75 27 4
75 119 27 3
119 173 27 4
173 287 27 4
287 270 27 3
270 204 27 3
204 66 27 3
66 289 27 4
289 0 27 0
28 13
0 205 28 4
205 252 28 4
252 280 28 4
280 286 28 3
286 274 28 3
274 257 28 3
257 282 28 5
282 242 28 4
242 218 28 5
218 85 28 4
85 277 28 3
277 269 28 4
269 0 28 0
29 12
0 290 29 3
290 296 29 5
296 254 29 5
254 299 29 5
299 213 29 5
213 206 29 5
206 291 29 5
291 48 29 5
48 39 29 3
39 220 29 3
220 203 29 3
203 0 29 0
30 11
0 208 30 4
208 15 30 3
15 152 30 4
152 264 30 4
264 215 30 5
215 25 30 4
25 240 30 3
240 37 30 3
37 220 30 4
220 203 30 4
203 0 30 0
31 6
0 281 31 4
281 260 31 5
260 27 31 5
27 230 31 5
230 30 31 5
30 0 31 0
32 14
0 198 32 3
198 71 32 5
71 7 32 3
7 229 32 5
229 232 32 3
232 160 32 5
160 194 32 5
194 237 32 3
237 202 32 5
202 233 32 5
233 211 32 3
211 201 32 5
201 279 32 3
279 0 32 0
33 21
0 132 33 4
132 176 33 4
176 110 33 5
110 74 33 3
74 98 33 5
98 182 33 4
182 55 33 3
55 174 33 3
174 223 33 3
223 216 33 3
216 246 33 5
246 183 33 4
183 52 33 3
52 57 33 3
57 82 33 5
82 51 33 3
51 11 33 3
11 170 33 4
170 292 33 5
292 78 33 5
78 0 33 0
34 15
0 36 34 3
36 229 34 4
229 102 34 4
102 232 34 4
232 109 34 3
109 197 34 3
197 223 34 5
223 216 34 5
216 131 34 4
131 12 34 4
12 8 34 4
8 94 34 4
94 99 34 3
99 234 34 5
234 0 34 0
35 6
0 259 35 4
259 236 35 4
236 180 35 4
180 217 35 4
217 245 35 4
245 0 35 0
36 13
0 226 36 3
226 158 36 3
158 13 36 5
13 249 36 3
249 192 36 4
192 273 36 4
273 32 36 5
32 167 36 4
167 104 36 5
104 204 36 5
204 134 36 4
134 141 36 5
141 0 36 0
37 12
0 226 37 5
226 249 37 5
249 153 37 3
153 239 37 3
239 56 37 4
56 14 37 4
14 58 37 4
58 210 37 5
210 214 37 5
214 106 37 5
106 224 37 3
224 0 37 0
38 9
0 42 38 5
42 24 38 5
24 83 38 4
83 49 38 4
49 92 38 4
92 16 38 4
16 243 38 5
243 207 38 4
207 0 38 0
39 10
0 209 39 3
209 235 39 4
235 239 39 5
239 93 39 5
93 144 39 4
144 295 39 4
295 297 39 5
297 267 39 4
267 150 39 5
150 0 39 0
