# Solution for ../instances-HHCRSP/InstanzVNS_HCSRP_200_4.txt
# Cost = 1159.05 Dist = 3477.15 Tard = 0 TMax = 0
# <vehicle> <route length>
# <origin node> <dest node> <vehicle> <service type>
0 14
0 183 0 2
183 190 0 0
190 196 0 2
196 198 0 2
198 191 0 2
191 88 0 2
88 128 0 2
128 62 0 0
62 171 0 0
171 41 0 0
41 192 0 2
192 200 0 2
200 56 0 2
56 0 0 0
1 17
0 92 1 1
92 39 1 0
39 16 1 0
16 33 1 0
33 130 1 0
130 14 1 2
14 127 1 0
127 98 1 2
98 185 1 2
185 63 1 0
63 140 1 1
140 102 1 0
102 100 1 0
100 18 1 0
18 65 1 1
65 120 1 0
120 0 1 0
2 12
0 105 2 0
105 174 2 0
174 20 2 0
20 139 2 1
139 25 2 1
25 108 2 0
108 184 2 0
184 10 2 1
10 132 2 1
132 9 2 0
9 95 2 1
95 0 2 0
3 14
0 106 3 2
106 54 3 0
54 173 3 1
173 76 3 2
76 176 3 2
176 181 3 0
181 87 3 2
87 89 3 2
89 125 3 2
125 178 3 0
178 111 3 1
111 17 3 1
17 36 3 1
36 0 3 0
4 13
0 15 4 2
15 69 4 0
69 50 4 0
50 77 4 1
77 44 4 0
44 180 4 2
180 187 4 1
187 172 4 1
172 86 4 2
86 137 4 1
137 182 4 0
182 109 4 1
109 0 4 0
5 7
0 122 5 2
122 186 5 2
186 84 5 2
84 113 5 2
113 188 5 2
188 112 5 2
112 0 5 0
6 12
0 13 6 2
13 179 6 2
179 1 6 2
1 197 6 2
197 123 6 2
123 194 6 2
194 72 6 2
72 85 6 0
85 121 6 0
121 64 6 0
64 11 6 2
11 0 6 0
7 10
0 55 7 1
55 71 7 1
71 90 7 1
90 177 7 1
177 40 7 1
40 7 7 1
7 94 7 1
94 24 7 1
24 81 7 1
81 0 7 0
8 10
0 51 8 2
51 47 8 2
47 189 8 2
189 175 8 2
175 199 8 2
199 12 8 2
12 99 8 1
99 34 8 2
34 135 8 1
135 0 8 0
9 3
0 195 9 2
195 193 9 2
193 0 9 0
10 11
0 183 10 3
183 163 10 3
163 143 10 3
143 117 10 3
117 118 10 3
118 150 10 3
150 156 10 5
156 142 10 3
142 78 10 3
78 159 10 5
159 0 10 0
11 10
0 166 11 3
166 186 11 5
186 59 11 4
59 149 11 3
149 148 11 3
148 162 11 4
162 146 11 3
146 172 11 3
172 138 11 4
138 0 11 0
12 6
0 166 12 4
166 38 12 5
38 180 12 4
180 187 12 4
187 141 12 3
141 0 12 0
13 13
0 49 13 4
49 74 13 5
74 163 13 5
163 190 13 4
190 134 13 3
134 31 13 4
31 196 13 5
196 198 13 5
198 35 13 3
35 68 13 3
68 178 13 5
178 169 13 3
169 0 13 0
14 11
0 168 14 4
168 164 14 3
164 173 14 5
173 176 14 4
176 70 14 5
70 26 14 3
26 184 14 3
184 37 14 4
37 154 14 3
154 79 14 4
79 0 14 0
15 9
0 168 15 5
168 28 15 3
28 133 15 3
133 189 15 3
189 175 15 3
175 151 15 4
151 91 15 5
91 67 15 3
67 0 15 0
16 12
0 145 16 3
145 170 16 3
170 152 16 3
152 126 16 4
126 107 16 3
107 147 16 3
147 181 16 5
181 165 16 4
165 57 16 4
57 167 16 3
167 136 16 3
136 0 16 0
17 8
0 145 17 4
145 170 17 5
170 152 17 4
152 164 17 5
164 124 17 5
124 199 17 4
199 151 17 5
151 0 17 0
18 10
0 144 18 3
144 131 18 4
131 58 18 3
58 149 18 5
149 148 18 5
148 162 18 5
162 146 18 5
146 29 18 5
29 182 18 3
182 0 18 0
19 10
0 144 19 5
144 48 19 5
48 82 19 3
82 30 19 5
30 42 19 4
42 155 19 3
155 80 19 5
80 8 19 4
8 2 19 4
2 0 19 0
20 11
0 32 20 3
32 174 20 3
174 66 20 3
66 179 20 4
179 45 20 3
45 197 20 5
197 60 20 4
60 61 20 4
61 3 20 3
3 169 20 4
169 0 20 0
21 11
0 6 21 3
6 158 21 5
158 177 21 5
177 119 21 3
119 194 21 4
194 73 21 3
73 150 21 4
150 156 21 4
156 142 21 4
142 110 21 5
110 0 21 0
22 7
0 97 22 4
97 157 22 4
157 116 22 3
116 147 22 4
147 165 22 5
165 167 22 5
167 0 22 0
23 6
0 161 23 3
161 103 23 4
103 158 23 4
158 93 23 4
93 195 23 3
195 0 23 0
24 14
0 161 24 5
161 23 24 4
23 143 24 4
143 83 24 5
83 191 24 3
191 114 24 5
114 171 24 4
171 96 24 3
96 104 24 4
104 192 24 5
192 200 24 4
200 129 24 5
129 159 24 4
159 0 24 0
25 11
0 160 25 4
160 157 25 5
157 52 25 5
52 19 25 4
19 153 25 5
153 46 25 4
46 185 25 5
185 101 25 4
101 4 25 4
4 154 25 4
154 0 25 0
26 10
0 160 26 5
160 27 26 3
27 155 26 5
155 153 26 3
153 43 26 5
43 5 26 3
5 21 26 5
21 188 26 3
188 53 26 5
53 0 26 0
27 2
0 115 27 4
115 0 27 0
28 3
0 75 28 3
75 141 28 4
141 0 28 0
29 3
0 22 29 5
22 193 29 5
193 0 29 0
