# Solution for ../instances-HHCRSP/InstanzCPLEX_HCSRP_25_5.txt
# Cost = 372.161 Dist = 1055.26 Tard = 38.8916 TMax = 22.3275
# <vehicle> <route length>
# <origin node> <dest node> <vehicle> <service type>
0 5
0 14 0 0
14 17 0 0
17 22 0 0
22 5 0 0
5 0 0 0
1 9
0 15 1 2
15 3 1 2
3 23 1 2
23 9 1 2
9 25 1 1
25 4 1 2
4 24 1 2
24 13 1 1
13 0 1 0
2 6
0 20 2 5
20 8 2 5
8 18 2 5
18 21 2 5
21 19 2 5
19 0 2 0
3 10
0 16 3 4
16 6 3 5
6 11 3 5
11 2 3 4
2 22 3 3
22 12 3 3
12 1 3 5
1 21 3 4
21 19 3 3
19 0 3 0
4 8
0 20 4 4
20 23 4 4
23 18 4 4
18 10 4 3
10 25 4 4
25 7 4 4
7 24 4 4
24 0 4 0
