# Solution for ../instances-HHCRSP/InstanzVNS_HCSRP_300_5.txt
# Cost = 1784.78 Dist = 5287.99 Tard = 42.6859 TMax = 23.6491
# <vehicle> <route length>
# <origin node> <dest node> <vehicle> <service type>
0 15
0 93 0 0
93 131 0 0
131 255 0 0
255 99 0 0
99 296 0 0
296 17 0 0
17 91 0 1
91 186 0 1
186 285 0 1
285 300 0 0
300 251 0 0
251 275 0 1
275 106 0 1
106 33 0 1
33 0 0 0
1 3
0 297 1 1
297 287 1 1
287 0 1 0
2 15
0 293 2 2
293 174 2 1
174 64 2 2
64 36 2 2
36 253 2 2
253 3 2 2
3 34 2 1
34 86 2 1
86 277 2 2
277 289 2 2
289 273 2 1
273 76 2 1
76 197 2 1
197 24 2 2
24 0 2 0
3 3
0 126 3 0
126 274 3 0
274 0 3 0
4 4
0 135 4 2
135 32 4 2
32 30 4 2
30 0 4 0
5 6
0 259 5 0
259 195 5 0
195 43 5 0
43 114 5 0
114 267 5 0
267 0 5 0
6 12
0 256 6 1
256 268 6 1
268 77 6 1
77 178 6 1
178 119 6 1
119 39 6 1
39 31 6 1
31 162 6 1
162 97 6 1
97 25 6 1
25 263 6 1
263 0 6 0
7 14
0 115 7 0
115 276 7 2
276 182 7 2
182 288 7 2
288 124 7 2
124 70 7 0
70 295 7 2
295 100 7 2
100 265 7 2
265 21 7 0
21 281 7 0
281 298 7 0
298 282 7 0
282 0 7 0
8 6
0 15 8 2
15 167 8 2
167 181 8 2
181 179 8 2
179 258 8 2
258 0 8 0
9 3
0 252 9 2
252 193 9 2
193 0 9 0
10 16
0 262 10 0
262 272 10 2
272 165 10 0
165 46 10 2
46 164 10 0
164 9 10 2
9 299 10 2
299 183 10 2
183 284 10 2
284 27 10 2
27 294 10 0
294 69 10 2
69 158 10 2
158 146 10 0
146 4 10 2
4 0 10 0
11 20
0 260 11 1
260 286 11 2
286 14 11 0
14 291 11 2
291 118 11 1
118 87 11 0
87 283 11 1
283 144 11 1
144 147 11 1
147 85 11 0
85 254 11 2
254 18 11 1
18 104 11 0
104 35 11 1
35 156 11 1
156 82 11 1
82 264 11 0
264 40 11 1
40 140 11 2
140 0 11 0
12 7
0 154 12 1
154 121 12 1
121 161 12 1
161 279 12 1
279 71 12 1
71 13 12 1
13 0 12 0
13 4
0 169 13 1
169 175 13 1
175 90 13 1
90 0 13 0
14 12
0 261 14 0
261 292 14 0
292 51 14 1
51 102 14 1
102 170 14 1
170 88 14 0
88 280 14 0
280 5 14 0
5 116 14 0
116 271 14 0
271 270 14 0
270 0 14 0
15 15
0 269 15 0
269 192 15 2
192 257 15 2
257 180 15 0
180 188 15 0
188 23 15 0
23 117 15 2
117 278 15 0
278 74 15 0
74 56 15 0
56 171 15 2
171 137 15 0
137 41 15 0
41 290 15 2
290 0 15 0
16 3
0 145 16 2
145 108 16 2
108 0 16 0
17 6
0 81 17 1
81 266 17 1
266 84 17 1
84 96 17 1
96 75 17 1
75 0 17 0
18 6
0 111 18 4
111 276 18 4
276 246 18 4
246 190 18 4
190 247 18 4
247 0 18 0
19 12
0 293 19 5
293 239 19 4
239 199 19 4
199 55 19 5
55 120 19 4
120 295 19 4
295 109 19 4
109 19 19 5
19 228 19 4
228 265 19 4
265 273 19 5
273 0 19 0
20 18
0 163 20 3
163 122 20 4
122 255 20 5
255 216 20 3
216 200 20 4
200 72 20 4
72 127 20 5
127 67 20 3
67 226 20 3
226 185 20 3
185 224 20 3
224 294 20 5
294 275 20 4
275 26 20 4
26 214 20 3
214 159 20 4
159 242 20 3
242 0 20 0
21 14
0 239 21 3
239 38 21 3
38 194 21 4
194 253 21 3
253 94 21 3
94 228 21 5
228 129 21 3
129 238 21 4
238 211 21 3
211 203 21 3
203 287 21 5
287 44 21 3
44 73 21 4
73 0 21 0
22 16
0 6 22 5
6 52 22 5
52 133 22 3
133 250 22 3
250 206 22 3
206 240 22 4
240 237 22 4
237 233 22 4
233 249 22 3
249 230 22 4
230 225 22 4
225 208 22 4
208 105 22 4
105 234 22 3
234 136 22 5
136 0 22 0
23 17
0 218 23 3
218 256 23 5
256 78 23 4
78 80 23 5
80 291 23 4
291 66 23 3
66 10 23 3
10 2 23 4
2 155 23 3
155 285 23 3
285 300 23 3
300 47 23 4
47 123 23 4
123 92 23 3
92 251 23 5
251 242 23 5
242 0 23 0
24 22
0 218 24 5
218 60 24 5
60 45 24 3
45 260 24 4
260 286 24 5
286 217 24 3
217 212 24 4
212 63 24 3
63 283 24 3
283 157 24 5
157 103 24 4
103 125 24 4
125 7 24 4
7 149 24 4
149 254 24 3
254 113 24 3
113 112 24 5
112 221 24 3
221 107 24 5
107 205 24 3
205 263 24 5
263 0 24 0
25 11
0 235 25 3
235 138 25 5
138 297 25 3
297 210 25 3
210 236 25 3
236 244 25 3
244 215 25 3
215 252 25 4
252 267 25 3
267 57 25 5
57 0 25 0
26 10
0 235 26 4
235 210 26 5
210 236 26 5
236 244 26 4
244 215 26 4
215 110 26 5
110 141 26 4
141 128 26 3
128 290 26 5
290 0 26 0
27 7
0 259 27 5
259 202 27 3
202 1 27 5
1 207 27 3
207 258 27 4
258 231 27 3
231 0 27 0
28 13
0 8 28 5
8 222 28 3
222 209 28 5
209 28 28 3
28 166 28 3
166 279 28 5
279 12 28 3
12 278 28 5
278 274 28 5
274 176 28 5
176 234 28 5
234 264 28 5
264 0 28 0
29 18
0 229 29 3
229 59 29 3
59 245 29 4
245 153 29 4
153 11 29 5
11 296 29 4
296 216 29 5
216 142 29 5
142 284 29 4
284 62 29 3
62 220 29 4
220 213 29 4
213 134 29 3
134 61 29 5
61 89 29 3
89 221 29 4
221 214 29 4
214 0 29 0
30 15
0 229 30 5
229 262 30 3
262 268 30 3
268 172 30 3
172 184 30 3
184 241 30 3
241 299 30 5
299 233 30 5
233 249 30 5
249 230 30 3
230 225 30 3
225 208 30 3
208 232 30 3
232 173 30 3
173 0 30 0
31 21
0 219 31 3
219 16 31 4
16 42 31 5
42 22 31 5
22 130 31 4
130 217 31 5
217 212 31 5
212 241 31 5
241 168 31 3
168 226 31 5
226 68 31 5
68 223 31 4
223 83 31 4
83 220 31 5
220 213 31 5
213 189 31 5
189 280 31 4
280 271 31 5
271 243 31 3
243 270 31 4
270 0 31 0
32 12
0 219 32 4
219 245 32 5
245 272 32 4
272 53 32 4
53 177 32 5
177 48 32 4
48 223 32 5
223 224 32 4
224 150 32 5
150 205 32 4
205 243 32 4
243 0 32 0
33 15
0 160 33 5
160 261 33 3
261 139 33 3
139 49 33 5
49 292 33 3
292 250 33 5
250 206 33 4
206 240 33 5
240 237 33 5
237 204 33 3
204 227 33 4
227 37 33 4
37 187 33 3
187 281 33 3
281 0 33 0
34 16
0 98 34 3
98 269 34 4
269 54 34 5
54 222 34 5
222 209 34 4
209 257 34 4
257 198 34 5
198 151 34 3
151 29 34 3
29 204 34 5
204 227 34 5
227 277 34 3
277 289 34 4
289 232 34 4
232 148 34 4
148 0 34 0
35 12
0 248 35 3
248 152 35 5
152 50 35 3
50 65 35 4
65 191 35 3
191 132 35 4
132 238 35 5
238 211 35 5
211 203 35 5
203 298 35 3
298 282 35 5
282 0 35 0
36 1
0 0 36 0
37 5
0 248 37 5
248 288 37 3
288 201 37 3
201 95 37 4
95 0 37 0
38 8
0 58 38 4
58 266 38 4
266 143 38 3
143 202 38 4
202 207 38 5
207 101 38 5
101 231 38 4
231 0 38 0
39 7
0 246 39 5
246 20 39 3
20 79 39 3
79 196 39 3
196 201 39 5
201 247 39 5
247 0 39 0
