# Solution for ../instances-HHCRSP/InstanzVNS_HCSRP_300_2.txt
# Cost = 1867.72 Dist = 5569.55 Tard = 24.6496 TMax = 8.96778
# <vehicle> <route length>
# <origin node> <dest node> <vehicle> <service type>
0 15
0 67 0 0
67 284 0 0
284 54 0 1
54 289 0 0
289 145 0 1
145 252 0 0
252 180 0 0
180 56 0 1
56 33 0 1
33 57 0 0
57 6 0 0
6 32 0 0
32 291 0 1
291 279 0 1
279 0 0 0
1 12
0 254 1 2
254 193 1 1
193 259 1 2
259 147 1 1
147 133 1 1
133 282 1 1
282 41 1 2
41 160 1 1
160 103 1 2
103 113 1 1
113 268 1 2
268 0 1 0
2 4
0 199 2 0
199 7 2 0
7 185 2 0
185 0 2 0
3 5
0 189 3 2
189 275 3 2
275 59 3 2
59 264 3 2
264 0 3 0
4 13
0 96 4 1
96 146 4 1
146 287 4 1
287 276 4 2
276 198 4 2
198 294 4 2
294 44 4 1
44 40 4 2
40 131 4 1
131 267 4 1
267 4 4 1
4 42 4 1
42 0 4 0
5 17
0 258 5 1
258 272 5 0
272 283 5 0
283 26 5 0
26 255 5 1
255 182 5 1
182 45 5 0
45 129 5 1
129 138 5 1
138 262 5 0
262 10 5 0
10 105 5 0
105 292 5 1
292 179 5 0
179 165 5 1
165 106 5 0
106 0 5 0
6 19
0 251 6 2
251 293 6 0
293 290 6 0
290 46 6 0
46 177 6 1
177 83 6 0
83 295 6 1
295 117 6 1
117 17 6 1
17 271 6 0
271 197 6 2
197 36 6 2
36 191 6 1
191 296 6 2
296 288 6 0
288 82 6 1
82 256 6 1
256 128 6 1
128 0 6 0
7 2
0 154 7 2
154 0 7 0
8 2
0 115 8 0
115 0 8 0
9 2
0 175 9 0
175 0 9 0
10 1
0 0 10 0
11 20
0 297 11 1
297 108 11 1
108 168 11 2
168 132 11 1
132 263 11 2
263 173 11 2
173 61 11 2
61 274 11 2
274 266 11 2
266 158 11 1
158 140 11 1
140 167 11 2
167 80 11 1
80 159 11 2
159 19 11 2
19 280 11 2
280 285 11 1
285 281 11 2
281 97 11 2
97 0 11 0
12 4
0 121 12 2
121 100 12 2
100 90 12 2
90 0 12 0
13 14
0 71 13 1
71 161 13 0
161 9 13 1
9 162 13 2
162 14 13 0
14 91 13 0
91 269 13 0
269 72 13 2
72 265 13 0
265 277 13 1
277 253 13 0
253 21 13 0
21 12 13 2
12 0 13 0
14 6
0 39 14 1
39 120 14 1
120 278 14 1
278 298 14 1
298 166 14 1
166 0 14 0
15 11
0 299 15 1
299 123 15 1
123 3 15 2
3 38 15 1
38 92 15 1
92 43 15 2
43 260 15 2
260 116 15 0
116 300 15 2
300 273 15 1
273 0 15 0
16 17
0 11 16 2
11 172 16 2
172 136 16 2
136 2 16 0
2 257 16 1
257 261 16 0
261 66 16 2
66 196 16 1
196 34 16 2
34 31 16 1
31 114 16 0
114 286 16 2
286 270 16 1
270 149 16 1
149 65 16 2
65 15 16 2
15 0 16 0
17 3
0 157 17 2
157 16 17 2
16 0 17 0
18 15
0 254 18 5
254 240 18 3
240 8 18 3
8 259 18 3
259 282 18 3
282 246 18 3
246 5 18 3
5 209 18 3
209 109 18 5
109 78 18 3
78 213 18 3
213 202 18 4
202 292 18 4
292 74 18 4
74 0 18 0
19 19
0 240 19 5
240 135 19 5
135 227 19 3
227 284 19 4
284 222 19 3
222 81 19 3
81 183 19 3
183 265 19 4
265 277 19 5
277 247 19 3
247 23 19 5
23 37 19 3
37 238 19 4
238 195 19 3
195 237 19 4
237 235 19 4
235 226 19 4
226 253 19 3
253 0 19 0
20 19
0 225 20 3
225 1 20 4
1 118 20 4
118 287 20 5
287 276 20 5
276 200 20 5
200 28 20 5
28 274 20 3
274 13 20 4
13 266 20 4
266 218 20 3
218 48 20 3
48 216 20 4
216 234 20 3
234 58 20 4
58 237 20 5
237 226 20 5
226 217 20 4
217 0 20 0
21 15
0 225 21 5
225 110 21 5
110 275 21 4
275 163 21 5
163 127 21 5
127 248 21 3
248 51 21 5
51 295 21 4
295 194 21 5
194 95 21 3
95 119 21 5
119 98 21 4
98 70 21 5
70 201 21 3
201 0 21 0
22 17
0 104 22 3
104 227 22 4
227 181 22 5
181 269 22 4
269 289 22 4
289 218 22 5
218 125 22 4
125 267 22 5
267 76 22 3
76 101 22 3
101 238 22 5
238 296 22 3
296 224 22 3
224 288 22 5
288 256 22 5
256 245 22 3
245 0 22 0
23 3
0 210 23 5
210 60 23 5
60 0 23 0
24 14
0 210 24 4
210 241 24 4
241 126 24 5
126 248 24 4
248 152 24 3
152 52 24 4
52 220 24 4
220 219 24 4
219 30 24 4
30 169 24 5
169 233 24 3
233 279 24 5
279 223 24 3
223 0 24 0
25 14
0 251 25 5
251 186 25 4
186 236 25 3
236 107 25 4
107 294 25 5
294 99 25 4
99 22 25 3
22 271 25 4
271 85 25 4
85 291 25 3
291 24 25 4
24 178 25 5
178 223 25 5
223 0 25 0
26 15
0 230 26 3
230 293 26 4
293 290 26 3
290 137 26 3
137 93 26 3
93 190 26 4
190 141 26 4
141 112 26 5
112 260 26 4
260 300 26 5
300 142 26 4
142 87 26 4
87 273 26 4
273 20 26 5
20 0 26 0
27 9
0 230 27 5
230 241 27 5
241 299 27 4
299 50 27 5
50 220 27 5
220 219 27 5
219 264 27 5
264 233 27 4
233 0 27 0
28 15
0 231 28 3
231 258 28 3
258 242 28 3
242 94 28 5
94 171 28 4
171 222 28 4
222 75 28 5
75 29 28 3
29 216 28 5
216 234 28 5
234 209 28 4
209 205 28 3
205 148 28 3
148 217 28 5
217 0 28 0
29 15
0 231 29 4
231 272 29 5
272 283 29 3
283 242 29 4
242 49 29 4
49 27 29 4
27 124 29 4
124 68 29 4
68 170 29 3
170 246 29 4
246 84 29 4
84 205 29 4
205 130 29 3
130 184 29 5
184 0 29 0
30 21
0 297 30 4
297 212 30 4
212 243 30 3
243 77 30 4
77 221 30 4
221 263 30 5
263 244 30 3
244 151 30 3
151 144 30 5
144 156 30 5
156 257 30 3
257 261 30 5
261 18 30 3
18 153 30 3
153 250 30 3
250 155 30 4
155 280 30 4
280 232 30 3
232 139 30 3
139 47 30 4
47 0 30 0
31 13
0 212 31 5
212 243 31 4
243 221 31 5
221 25 31 4
25 122 31 3
122 252 31 5
252 55 31 5
55 111 31 4
111 150 31 4
150 79 31 3
79 235 31 5
235 268 31 3
268 0 31 0
32 20
0 207 32 4
207 203 32 3
203 214 32 3
214 206 32 4
206 208 32 3
208 255 32 4
255 73 32 3
73 229 32 3
229 204 32 3
204 239 32 3
239 187 32 5
187 188 32 3
188 134 32 4
134 250 32 4
250 286 32 3
286 35 32 4
35 270 32 3
270 176 32 4
176 281 32 5
281 0 32 0
33 14
0 53 33 4
53 236 33 4
236 62 33 4
62 211 33 4
211 228 33 3
228 249 33 3
249 102 33 3
102 69 33 4
69 86 33 3
86 63 33 4
63 143 33 4
143 192 33 4
192 64 33 3
64 0 33 0
34 2
0 298 34 4
298 0 34 0
35 17
0 207 35 5
207 203 35 4
203 214 35 5
214 206 35 5
206 208 35 4
208 174 35 3
174 244 35 5
244 88 35 3
88 229 35 4
229 204 35 5
204 239 35 4
239 262 35 5
262 213 35 4
213 202 35 5
202 285 35 5
285 232 35 5
232 0 35 0
36 8
0 89 36 5
89 278 36 3
278 211 36 5
211 228 36 4
228 249 36 4
249 164 36 5
164 245 36 4
245 0 36 0
37 4
0 247 37 5
247 224 37 5
224 201 37 4
201 0 37 0
38 2
0 215 38 3
215 0 38 0
39 2
0 215 39 5
215 0 39 0
