# Solution for ../instances-HHCRSP/InstanzVNS_HCSRP_100_5.txt
# Cost = 823.321 Dist = 2467.9 Tard = 1.03959 TMax = 1.02776
# <vehicle> <route length>
# <origin node> <dest node> <vehicle> <service type>
0 16
0 93 0 0
93 14 0 0
14 99 0 0
99 17 0 0
17 91 0 0
91 9 0 2
9 87 0 0
87 31 0 1
31 39 0 1
39 25 0 1
25 33 0 1
33 5 0 0
5 97 0 0
97 92 0 1
92 4 0 2
4 0 0 0
1 6
0 15 1 2
15 3 1 2
3 36 1 2
36 64 1 2
64 24 1 2
24 0 1 0
2 6
0 46 2 2
46 100 2 2
100 27 2 2
27 69 2 2
69 89 2 2
89 0 2 0
3 10
0 21 3 0
21 23 3 0
23 34 3 1
34 18 3 1
18 51 3 1
51 86 3 0
86 88 3 0
88 35 3 1
35 95 3 1
95 0 3 0
4 5
0 98 4 1
98 13 4 1
13 96 4 1
96 40 4 1
40 0 4 0
5 9
0 70 5 0
70 94 5 2
94 56 5 0
56 41 5 0
41 43 5 0
43 32 5 2
32 90 5 0
90 30 5 2
30 0 5 0
6 1
0 0 6 0
7 9
0 77 7 3
77 80 7 5
80 78 7 5
78 67 7 3
67 72 7 3
72 10 7 3
10 100 7 5
100 92 7 5
92 0 7 0
8 16
0 77 8 5
77 80 8 4
80 99 8 4
99 11 8 5
11 91 8 5
91 2 8 4
2 72 8 5
72 87 8 4
87 7 8 4
7 83 8 4
83 48 8 4
48 61 8 5
61 26 8 4
26 97 8 5
97 89 8 5
89 0 8 0
9 5
0 93 9 4
93 78 9 4
78 53 9 4
53 85 9 5
85 0 9 0
10 14
0 16 10 4
16 6 10 5
6 60 10 5
60 28 10 3
28 49 10 5
49 63 10 3
63 66 10 3
66 47 10 4
47 68 10 5
68 83 10 5
83 62 10 3
62 88 10 3
88 82 10 4
82 0 10 0
11 13
0 38 11 3
38 54 11 5
54 42 11 5
42 45 11 3
45 59 11 3
59 52 11 5
52 22 11 5
22 29 11 3
29 86 11 4
86 76 11 3
76 37 11 4
37 82 11 5
82 0 11 0
12 8
0 81 12 4
81 20 12 3
20 8 12 5
8 19 12 5
19 94 12 3
94 76 12 4
76 95 12 4
95 0 12 0
13 4
0 84 13 3
84 79 13 3
79 75 13 3
75 0 13 0
14 4
0 81 14 5
81 90 14 5
90 57 14 5
57 0 14 0
15 6
0 50 15 3
50 71 15 3
71 74 15 3
74 12 15 3
12 85 15 3
85 0 15 0
16 4
0 84 16 4
84 79 16 4
79 75 16 4
75 0 16 0
17 9
0 98 17 4
98 71 17 4
71 55 17 5
55 74 17 4
74 1 17 5
1 65 17 4
65 96 17 5
96 44 17 3
44 0 17 0
18 3
0 58 18 4
58 73 18 3
73 0 18 0
19 2
0 73 19 4
73 0 19 0
