# Solution for ../instances-HHCRSP/InstanzVNS_HCSRP_300_5.txt
# Cost = 1737.58 Dist = 5194.78 Tard = 13.2366 TMax = 4.7082
# <vehicle> <route length>
# <origin node> <dest node> <vehicle> <service type>
0 16
0 115 0 0
115 71 0 1
71 161 0 1
161 121 0 1
121 23 0 0
23 85 0 0
85 34 0 1
34 147 0 1
147 18 0 1
18 104 0 0
104 35 0 1
35 156 0 1
156 82 0 1
82 264 0 0
264 40 0 1
40 0 0 0
1 11
0 260 1 1
260 256 1 1
256 91 1 1
91 51 1 1
51 170 1 1
170 86 1 1
86 197 1 1
197 102 1 1
102 76 1 1
76 273 1 1
273 0 1 0
2 18
0 272 2 2
272 77 2 1
77 299 2 2
299 9 2 2
9 268 2 1
268 291 2 2
291 285 2 1
285 186 2 1
186 39 2 1
39 119 2 1
119 69 2 2
69 27 2 2
27 31 2 1
31 162 2 1
162 97 2 1
97 25 2 1
25 263 2 1
263 0 2 0
3 11
0 261 3 0
261 93 3 0
93 255 3 0
255 99 3 0
99 296 3 0
296 17 3 0
17 164 3 0
164 294 3 0
294 300 3 0
300 251 3 0
251 0 3 0
4 6
0 15 4 2
15 167 4 2
167 181 4 2
181 179 4 2
179 258 4 2
258 0 4 0
5 6
0 195 5 0
195 43 5 0
43 114 5 0
114 41 5 0
41 137 5 0
137 0 5 0
6 3
0 297 6 1
297 287 6 1
287 0 6 0
7 14
0 292 7 0
292 131 7 0
131 46 7 2
46 165 7 0
165 183 7 2
183 284 7 2
284 5 7 0
5 280 7 0
280 88 7 0
88 116 7 0
116 271 7 0
271 270 7 0
270 24 7 2
24 0 7 0
8 4
0 135 8 2
135 32 8 2
32 30 8 2
30 0 8 0
9 10
0 276 9 2
276 293 9 2
293 36 9 2
36 253 9 2
253 3 9 2
3 64 9 2
64 277 9 2
277 289 9 2
289 171 9 2
171 0 9 0
10 15
0 269 10 0
269 126 10 0
126 188 10 0
188 180 10 0
180 257 10 2
257 192 10 2
192 274 10 0
274 117 10 2
117 278 10 0
278 56 10 0
56 74 10 0
74 140 10 2
140 145 10 2
145 108 10 2
108 0 10 0
11 17
0 154 11 1
154 262 11 0
262 118 11 1
118 14 11 0
14 286 11 2
286 87 11 0
87 283 11 1
283 144 11 1
144 254 11 2
254 178 11 1
178 146 11 0
146 158 11 2
158 275 11 1
275 4 11 2
4 106 11 1
106 33 11 1
33 0 11 0
12 7
0 266 12 1
266 169 12 1
169 84 12 1
84 96 12 1
96 75 12 1
75 13 12 1
13 0 12 0
13 2
0 175 13 1
175 0 13 0
14 5
0 259 14 0
259 81 14 1
81 90 14 1
90 267 14 0
267 0 14 0
15 12
0 182 15 2
182 288 15 2
288 124 15 2
124 70 15 0
70 295 15 2
295 100 15 2
100 265 15 2
265 21 15 0
21 281 15 0
281 298 15 0
298 282 15 0
282 0 15 0
16 4
0 252 16 2
252 193 16 2
193 290 16 2
290 0 16 0
17 3
0 279 17 1
279 174 17 1
174 0 17 0
18 5
0 202 18 4
202 269 18 4
269 247 18 4
247 190 18 4
190 0 18 0
19 16
0 239 19 4
239 245 19 4
245 11 19 5
11 255 19 5
255 216 19 5
216 142 19 5
142 284 19 4
284 177 19 5
177 205 19 4
205 213 19 4
213 220 19 4
220 280 19 4
280 243 19 4
243 271 19 5
271 270 19 4
270 0 19 0
20 14
0 202 20 3
202 222 20 3
222 209 20 4
209 257 20 4
257 198 20 5
198 151 20 3
151 29 20 3
29 204 20 3
204 227 20 4
227 228 20 4
228 187 20 3
187 273 20 5
273 281 20 3
281 0 20 0
21 20
0 239 21 3
239 261 21 3
261 6 21 5
6 245 21 5
245 272 21 4
272 172 21 3
172 184 21 3
184 241 21 3
241 217 21 3
217 63 21 3
63 212 21 4
212 233 21 4
233 168 21 3
168 226 21 3
226 68 21 5
68 223 21 4
223 48 21 4
48 62 21 3
62 243 21 3
243 0 21 0
22 10
0 222 22 5
222 209 22 5
209 286 22 5
286 7 22 4
7 149 22 4
149 254 22 3
254 113 22 3
113 242 22 3
242 221 22 3
221 0 22 0
23 23
0 229 23 3
229 59 23 3
59 260 23 4
260 256 23 5
256 78 23 4
78 299 23 5
299 268 23 3
268 80 23 5
80 291 23 4
291 66 23 3
66 10 23 3
10 2 23 4
2 155 23 3
155 285 23 3
285 300 23 3
300 92 23 3
92 251 23 5
251 123 23 4
123 26 23 4
26 275 23 4
275 242 23 5
242 221 23 4
221 0 23 0
24 19
0 229 24 5
229 45 24 3
45 22 24 5
22 130 24 4
130 217 24 5
217 212 24 5
212 157 24 5
157 283 24 3
283 125 24 4
125 103 24 4
103 249 24 3
249 112 24 5
112 230 24 3
230 225 24 3
225 208 24 3
208 232 24 3
232 173 24 3
173 176 24 5
176 0 24 0
25 19
0 248 25 3
248 210 25 3
210 297 25 3
297 50 25 3
50 109 25 4
109 55 25 5
55 120 25 4
120 19 25 5
19 295 25 4
295 65 25 4
65 132 25 4
132 238 25 4
238 191 25 3
191 211 25 3
211 203 25 3
203 287 25 5
287 44 25 3
44 73 25 4
73 0 25 0
26 14
0 248 26 5
248 210 26 5
210 236 26 3
236 244 26 3
244 215 26 3
215 141 26 4
141 128 26 3
128 252 26 4
252 267 26 3
267 57 26 5
57 231 26 3
231 258 26 4
258 207 26 3
207 0 26 0
27 19
0 218 27 3
218 42 27 5
42 292 27 3
292 219 27 4
219 199 27 4
199 206 27 4
206 250 27 3
250 240 27 4
240 237 27 4
237 83 27 4
83 223 27 5
223 53 27 4
53 205 27 3
205 150 27 5
150 224 27 3
224 214 27 3
214 159 27 4
159 107 27 5
107 0 27 0
28 15
0 218 28 5
218 219 28 3
219 133 28 3
133 52 28 5
52 206 28 3
206 250 28 5
250 240 28 5
240 237 28 5
237 134 28 3
134 213 28 5
213 220 28 5
220 189 28 5
189 61 28 5
61 263 28 5
263 0 28 0
29 11
0 8 29 5
8 276 29 4
276 196 29 3
196 293 29 5
293 111 29 4
111 152 29 5
152 288 29 3
288 201 29 3
201 247 29 5
247 95 29 4
95 0 29 0
30 13
0 98 30 3
98 54 30 5
54 166 30 3
166 28 30 3
28 60 30 5
60 12 30 3
12 279 30 5
279 274 30 5
274 1 30 5
1 264 30 5
264 234 30 3
234 136 30 5
136 0 30 0
31 10
0 235 31 3
235 138 31 5
138 236 31 5
236 244 31 4
244 238 31 5
238 211 31 5
211 203 31 5
203 298 31 3
298 282 31 5
282 0 31 0
32 5
0 235 32 4
235 215 32 4
215 110 32 5
110 290 32 5
290 0 32 0
33 16
0 122 33 4
122 153 33 4
153 296 33 4
296 216 33 3
216 200 33 4
200 72 33 4
72 185 33 3
185 127 33 5
127 67 33 3
67 226 33 5
226 294 33 5
294 47 33 4
47 224 33 4
224 214 33 4
214 89 33 3
89 0 33 0
34 13
0 262 34 3
262 163 34 3
163 241 34 5
241 233 34 5
233 249 34 5
249 230 34 4
230 225 34 4
225 208 34 4
208 232 34 4
232 105 34 4
105 148 34 4
148 234 34 5
234 0 34 0
35 14
0 38 35 3
38 160 35 5
160 49 35 5
49 139 35 3
139 16 35 4
16 194 35 4
194 94 35 3
94 253 35 3
253 204 35 5
204 227 35 5
227 277 35 3
277 289 35 4
289 37 35 4
37 0 35 0
36 1
0 0 36 0
37 5
0 58 37 4
58 266 37 4
266 259 37 5
259 231 37 4
231 0 37 0
38 9
0 246 38 4
246 20 38 3
20 79 38 3
79 201 38 5
201 278 38 5
278 265 38 4
265 228 38 5
228 129 38 3
129 0 38 0
39 5
0 246 39 5
246 143 39 3
143 101 39 5
101 207 39 5
207 0 39 0
