# Solution for ../instances-HHCRSP/InstanzVNS_HCSRP_100_7.txt
# Cost = 730.118 Dist = 2181.84 Tard = 5.38216 TMax = 3.13595
# <vehicle> <route length>
# <origin node> <dest node> <vehicle> <service type>
0 9
0 99 0 2
99 100 0 1
100 53 0 0
53 25 0 2
25 45 0 1
45 67 0 2
67 9 0 0
9 86 0 1
86 0 0 0
1 16
0 38 1 0
38 11 1 0
11 95 1 2
95 65 1 2
65 24 1 1
24 90 1 0
90 64 1 1
64 51 1 0
51 91 1 0
91 68 1 1
68 96 1 0
96 94 1 1
94 26 1 2
26 46 1 1
46 57 1 0
57 0 1 0
2 9
0 50 2 0
50 10 2 0
10 98 2 1
98 13 2 0
13 39 2 0
39 15 2 1
15 33 2 1
33 12 2 0
12 0 2 0
3 5
0 89 3 2
89 54 3 2
54 36 3 2
36 22 3 2
22 0 3 0
4 6
0 2 4 2
2 42 4 2
42 40 4 2
40 88 4 2
88 14 4 1
14 0 4 0
5 2
0 92 5 2
92 0 5 0
6 8
0 18 6 0
18 97 6 2
97 93 6 0
93 59 6 0
59 29 6 0
29 87 6 2
87 63 6 0
63 0 6 0
7 9
0 99 7 3
99 43 7 3
43 100 7 4
100 73 7 5
73 66 7 3
66 83 7 5
83 37 7 4
37 86 7 3
86 0 7 0
8 13
0 3 8 3
3 21 8 4
21 95 8 3
95 62 8 3
62 70 8 5
70 80 8 3
80 96 8 5
96 85 8 5
85 94 8 5
94 16 8 4
16 61 8 4
61 76 8 4
76 0 8 0
9 11
0 34 9 3
34 82 9 3
82 20 9 3
20 56 9 4
56 31 9 3
31 91 9 4
91 80 9 4
80 85 9 4
85 55 9 4
55 71 9 3
71 0 9 0
10 7
0 82 10 4
82 97 10 5
97 28 10 4
28 93 10 3
93 6 10 4
6 47 10 4
47 0 10 0
11 11
0 49 11 4
49 4 11 4
4 35 11 3
35 90 11 3
90 32 11 3
32 77 11 3
77 78 11 4
78 79 11 3
79 52 11 3
52 88 11 4
88 0 11 0
12 7
0 72 12 3
72 23 12 3
23 5 12 4
5 58 12 3
58 73 12 3
73 83 12 3
83 0 12 0
13 8
0 81 13 5
81 75 13 5
75 69 13 5
69 8 13 5
8 74 13 3
74 87 13 5
87 76 13 3
76 0 13 0
14 8
0 72 14 4
72 98 14 4
98 89 14 3
89 17 14 3
17 19 14 3
19 48 14 3
48 74 14 4
74 0 14 0
15 5
0 84 15 3
84 92 15 3
92 60 15 3
60 44 15 3
44 0 15 0
16 2
0 27 16 3
27 0 16 0
17 11
0 81 17 4
81 75 17 4
75 1 17 4
1 41 17 5
41 77 17 4
77 78 17 5
78 79 17 4
79 7 17 4
7 71 17 4
71 30 17 5
30 0 17 0
18 2
0 84 18 4
84 0 18 0
19 1
0 0 19 0
