# Solution for ../instances-HHCRSP/InstanzVNS_HCSRP_200_8.txt
# Cost = 1171.79 Dist = 3502.58 Tard = 8.39371 TMax = 4.40122
# <vehicle> <route length>
# <origin node> <dest node> <vehicle> <service type>
0 14
0 92 0 1
92 197 0 0
197 179 0 0
179 57 0 1
57 17 0 0
17 21 0 0
21 11 0 0
11 78 0 0
78 36 0 1
36 190 0 1
190 173 0 0
173 90 0 0
90 129 0 0
129 0 0 0
1 12
0 10 1 0
10 188 1 0
188 134 1 0
134 186 1 0
186 95 1 0
95 178 1 0
178 182 1 0
182 135 1 0
135 76 1 0
76 73 1 0
73 98 1 0
98 0 1 0
2 19
0 45 2 2
45 40 2 0
40 125 2 0
125 193 2 0
193 65 2 0
65 117 2 2
117 130 2 0
130 55 2 0
55 62 2 0
62 171 2 0
171 119 2 0
119 13 2 2
13 196 2 2
196 105 2 2
105 46 2 2
46 127 2 2
127 103 2 2
103 93 2 2
93 0 2 0
3 12
0 60 3 2
60 194 3 1
194 104 3 2
104 58 3 2
58 131 3 1
131 66 3 1
66 176 3 1
176 4 3 1
4 71 3 1
71 18 3 1
18 181 3 2
181 0 3 0
4 6
0 33 4 1
33 189 4 1
189 174 4 1
174 107 4 1
107 27 4 1
27 0 4 0
5 7
0 87 5 1
87 126 5 1
126 110 5 1
110 175 5 1
175 115 5 1
115 138 5 1
138 0 5 0
6 18
0 68 6 2
68 91 6 2
91 102 6 2
102 23 6 2
23 139 6 0
139 94 6 0
94 192 6 0
192 74 6 0
74 56 6 2
56 100 6 0
100 198 6 0
198 77 6 2
77 5 6 0
5 81 6 0
81 16 6 0
16 191 6 0
191 109 6 0
109 0 6 0
7 7
0 177 7 2
177 183 7 2
183 172 7 2
172 6 7 2
6 12 7 2
12 113 7 2
113 0 7 0
8 18
0 112 8 0
112 42 8 0
42 195 8 0
195 200 8 1
200 75 8 1
75 184 8 1
184 185 8 0
185 22 8 1
22 53 8 1
53 132 8 0
132 187 8 0
187 180 8 1
180 120 8 0
120 44 8 1
44 72 8 0
72 51 8 0
51 48 8 1
48 0 8 0
9 4
0 199 9 1
199 54 9 1
54 32 9 1
32 0 9 0
10 11
0 161 10 5
161 43 10 4
43 145 10 5
145 168 10 5
168 164 10 5
164 118 10 5
118 24 10 4
24 171 10 4
171 153 10 4
153 152 10 4
152 0 10 0
11 15
0 161 11 3
161 145 11 3
145 168 11 3
168 7 11 3
7 1 11 4
1 97 11 4
97 186 11 3
186 128 11 4
128 37 11 5
37 156 11 4
156 38 11 4
38 176 11 5
176 133 11 4
133 28 11 3
28 0 11 0
12 13
0 8 12 5
8 189 12 3
189 193 12 4
193 47 12 4
47 83 12 3
83 164 12 3
164 89 12 4
89 174 12 5
174 39 12 4
39 35 12 4
35 153 12 5
153 152 12 3
152 0 12 0
13 10
0 194 13 5
194 188 13 3
188 64 13 3
64 166 13 3
166 167 13 3
167 114 13 5
114 122 13 5
122 111 13 5
111 181 13 4
181 0 13 0
14 18
0 49 14 5
49 70 14 5
70 121 14 3
121 137 14 4
137 25 14 5
25 184 14 5
184 185 14 5
185 82 14 4
82 149 14 4
149 187 14 4
187 180 14 4
180 196 14 4
196 69 14 3
69 157 14 3
157 3 14 4
3 88 14 5
88 80 14 5
80 0 14 0
15 2
0 67 15 5
67 0 15 0
16 16
0 197 16 3
197 179 16 3
179 136 16 3
136 106 16 4
106 14 16 5
14 116 16 5
116 63 16 5
63 26 16 3
26 190 16 5
190 30 16 5
30 29 16 3
29 146 16 3
146 154 16 4
154 9 16 5
9 147 16 3
147 0 16 0
17 11
0 108 17 3
108 199 17 4
199 195 17 4
195 200 17 3
200 149 17 5
149 34 17 5
34 166 17 5
166 167 17 4
167 157 17 5
157 99 17 5
99 0 17 0
18 12
0 163 18 4
163 170 18 4
170 61 18 4
61 143 18 4
143 2 18 4
2 19 18 3
19 173 18 4
173 52 18 4
52 146 18 5
146 154 18 5
154 147 18 4
147 0 18 0
19 13
0 163 19 5
163 170 19 5
170 178 19 4
178 182 19 4
182 156 19 5
156 140 19 5
140 162 19 3
162 79 19 3
79 165 19 4
165 158 19 3
158 191 19 5
191 150 19 4
150 0 19 0
20 9
0 151 20 5
151 143 20 5
143 198 20 3
198 162 20 5
162 31 20 5
31 165 20 3
165 158 20 5
158 150 20 5
150 0 20 0
21 7
0 151 21 4
151 124 21 3
124 15 21 4
15 148 21 4
148 144 21 4
144 142 21 3
142 0 21 0
22 11
0 84 22 4
84 155 22 4
155 159 22 3
159 183 22 4
183 101 22 4
101 172 22 3
172 175 22 5
175 85 22 3
85 169 22 3
169 141 22 3
141 0 22 0
23 6
0 59 23 3
59 192 23 5
192 148 23 5
148 144 23 3
144 142 23 5
142 0 23 0
24 5
0 177 24 5
177 41 24 5
41 96 24 5
96 160 24 5
160 0 24 0
25 8
0 50 25 4
50 86 25 4
86 155 25 5
155 159 25 4
159 20 25 3
20 169 25 5
169 141 25 5
141 0 25 0
26 1
0 0 26 0
27 1
0 0 27 0
28 3
0 160 28 4
160 123 28 4
123 0 28 0
29 1
0 0 29 0
