# Solution for ../instances-HHCRSP/InstanzVNS_HCSRP_300_2.txt
# Cost = 1972.62 Dist = 5908.99 Tard = 6.63132 TMax = 2.24264
# <vehicle> <route length>
# <origin node> <dest node> <vehicle> <service type>
0 10
0 299 0 1
299 123 0 1
123 199 0 0
199 278 0 1
278 115 0 0
115 277 0 1
277 288 0 0
288 256 0 1
256 128 0 1
128 0 0 0
1 20
0 254 1 2
254 297 1 1
297 61 1 2
61 147 1 1
147 259 1 2
259 255 1 1
255 182 1 1
182 145 1 1
145 133 1 1
133 41 1 2
41 103 1 2
103 160 1 1
160 282 1 1
282 15 1 2
15 65 1 2
65 292 1 1
292 165 1 1
165 12 1 2
12 42 1 1
42 0 1 0
2 9
0 91 2 0
91 289 2 0
289 14 2 0
14 284 2 0
284 269 2 0
269 265 2 0
265 253 2 0
253 21 2 0
21 0 2 0
3 7
0 172 3 2
172 263 3 2
263 168 3 2
168 19 3 2
19 281 3 2
281 280 3 2
280 0 3 0
4 10
0 193 4 1
193 72 4 2
72 54 4 1
54 113 4 1
113 267 4 1
267 268 4 2
268 4 4 1
4 296 4 2
296 82 4 1
82 0 4 0
5 7
0 293 5 0
293 117 5 1
117 17 5 1
17 271 5 0
271 295 5 1
295 7 5 0
7 0 5 0
6 12
0 287 6 1
287 198 6 2
198 161 6 0
161 276 6 2
276 294 6 2
294 252 6 0
252 159 6 2
159 180 6 0
180 56 6 1
56 97 6 2
97 291 6 1
291 0 6 0
7 2
0 154 7 2
154 0 7 0
8 9
0 272 8 0
272 26 8 0
26 45 8 0
45 262 8 0
262 10 8 0
10 105 8 0
105 106 8 0
106 179 8 0
179 0 8 0
9 2
0 175 9 0
175 0 9 0
10 1
0 0 10 0
11 17
0 9 11 1
9 146 11 1
146 108 11 1
108 132 11 1
132 173 11 2
173 274 11 2
274 266 11 2
266 80 11 1
80 167 11 2
167 129 11 1
129 66 11 2
66 34 11 2
34 31 11 1
31 286 11 2
286 270 11 1
270 149 11 1
149 0 11 0
12 4
0 121 12 2
121 100 12 2
100 90 12 2
90 0 12 0
13 14
0 258 13 1
258 11 13 2
11 283 13 0
283 138 13 1
138 196 13 1
196 136 13 2
136 261 13 0
261 257 13 1
257 2 13 0
2 114 13 0
114 158 13 1
158 140 13 1
140 285 13 1
285 0 13 0
14 5
0 120 14 1
120 39 14 1
39 298 14 1
298 166 14 1
166 0 14 0
15 19
0 96 15 1
96 290 15 0
290 46 15 0
46 275 15 2
275 177 15 1
177 83 15 0
83 189 15 2
189 59 15 2
59 3 15 2
3 38 15 1
38 43 15 2
43 260 15 2
260 92 15 1
92 116 15 0
116 300 15 2
300 273 15 1
273 264 15 2
264 185 15 0
185 0 15 0
16 16
0 251 16 2
251 162 16 2
162 67 16 0
67 71 16 1
71 131 16 1
131 44 16 1
44 191 16 1
191 40 16 2
40 36 16 2
36 57 16 0
57 33 16 1
33 197 16 2
197 32 16 0
32 6 16 0
6 279 16 1
279 0 16 0
17 3
0 157 17 2
157 16 17 2
16 0 17 0
18 20
0 242 18 3
242 212 18 4
212 221 18 4
221 28 18 5
28 274 18 3
274 13 18 4
13 266 18 4
266 218 18 5
218 122 18 3
122 25 18 4
25 252 18 5
252 125 18 4
125 267 18 5
267 150 18 4
150 111 18 4
111 232 18 3
232 139 18 3
139 47 18 4
47 291 18 3
291 0 18 0
19 17
0 242 19 4
242 212 19 5
212 221 19 5
221 243 19 3
243 151 19 3
151 244 19 3
244 144 19 5
144 156 19 5
156 261 19 5
261 257 19 3
257 18 19 3
18 153 19 3
153 250 19 3
250 281 19 5
281 280 19 4
280 155 19 4
155 0 19 0
20 20
0 299 20 4
299 293 20 4
293 248 20 3
248 126 20 5
126 62 20 4
62 236 20 3
236 107 20 4
107 186 20 4
186 247 20 3
247 277 20 5
277 23 20 5
23 195 20 3
195 238 20 4
238 37 20 3
37 224 20 3
224 201 20 3
201 288 20 5
288 256 20 5
256 245 20 3
245 0 20 0
21 20
0 227 21 3
227 207 21 4
207 240 21 3
240 289 21 4
289 135 21 5
135 284 21 4
284 183 21 3
183 81 21 3
81 222 21 3
222 234 21 3
234 75 21 5
75 216 21 4
216 29 21 3
29 109 21 5
109 213 21 3
213 262 21 5
262 202 21 4
202 292 21 4
292 74 21 4
74 0 21 0
22 20
0 227 22 4
227 207 22 5
207 240 22 5
240 181 22 5
181 259 22 3
259 203 22 3
203 94 22 5
94 255 22 4
255 73 22 3
73 229 22 3
229 204 22 3
204 239 22 3
239 187 22 5
187 188 22 3
188 134 22 4
134 250 22 4
250 286 22 3
286 270 22 3
270 35 22 4
35 0 22 0
23 10
0 254 23 5
254 225 23 5
225 287 23 5
287 200 23 5
200 232 23 5
232 55 23 5
55 235 23 5
235 226 23 5
226 217 23 5
217 0 23 0
24 15
0 297 24 4
297 77 24 4
77 243 24 4
243 263 24 5
263 244 24 5
244 88 24 3
88 229 24 4
229 204 24 5
204 239 24 4
239 78 24 3
78 213 24 4
213 202 24 5
202 176 24 4
176 285 24 5
285 0 24 0
25 15
0 60 25 5
60 210 25 4
210 241 25 4
241 248 25 4
248 51 25 5
51 194 25 5
194 119 25 5
119 98 25 4
98 95 25 3
95 295 25 4
295 169 25 5
169 233 25 3
233 219 25 4
219 264 25 5
264 0 25 0
26 16
0 225 26 3
225 1 26 4
1 276 26 5
276 118 26 4
118 294 26 5
294 99 26 4
99 271 26 4
271 22 26 3
22 85 26 4
85 76 26 3
76 101 26 3
101 24 26 4
24 178 26 5
178 223 26 3
223 279 26 5
279 0 26 0
27 9
0 210 27 5
210 241 27 5
241 50 27 5
50 220 27 4
220 63 27 4
63 249 27 4
249 164 27 5
164 245 27 4
245 0 27 0
28 17
0 206 28 4
206 208 28 3
208 214 28 3
214 231 28 3
231 203 28 4
203 171 28 4
171 222 28 4
222 234 28 5
234 216 28 5
216 130 28 3
130 237 28 5
237 148 28 3
148 184 28 5
184 253 28 3
253 226 28 4
226 217 28 4
217 0 28 0
29 10
0 206 29 5
206 208 29 4
208 214 29 5
214 231 29 4
231 246 29 3
246 5 29 3
5 282 29 3
282 209 29 3
209 205 29 3
205 0 29 0
30 13
0 272 30 5
272 258 30 3
258 283 30 3
283 49 30 4
49 27 30 4
27 124 30 4
124 68 30 4
68 170 30 3
170 246 30 4
246 84 30 4
84 209 30 4
209 205 30 4
205 0 30 0
31 18
0 230 31 3
230 93 31 3
93 190 31 4
190 290 31 3
290 275 31 4
275 137 31 3
137 110 31 5
110 163 31 5
163 127 31 5
127 141 31 4
141 112 31 5
112 260 31 4
260 300 31 5
300 142 31 4
142 87 31 4
87 273 31 4
273 20 31 5
20 0 31 0
32 10
0 230 32 5
230 251 32 5
251 236 32 4
236 211 32 4
211 228 32 3
228 220 32 5
220 30 32 4
30 233 32 4
233 219 32 5
219 0 32 0
33 13
0 104 33 3
104 8 33 3
8 174 33 3
174 218 33 3
218 48 33 3
48 269 33 4
269 58 33 4
58 265 33 4
265 237 33 4
237 268 33 3
268 235 33 4
235 79 33 3
79 0 33 0
34 9
0 298 34 4
298 102 34 3
102 249 34 3
249 64 34 3
64 192 34 4
192 69 34 4
69 86 34 3
86 143 34 4
143 0 34 0
35 13
0 89 35 5
89 278 35 3
278 211 35 5
211 228 35 4
228 52 35 4
52 152 35 3
152 70 35 5
70 238 35 5
238 224 35 5
224 201 35 4
201 296 35 3
296 223 35 5
223 0 35 0
36 3
0 53 36 4
53 247 36 5
247 0 36 0
37 2
0 215 37 3
215 0 37 0
38 2
0 215 38 5
215 0 38 0
39 1
0 0 39 0
