# Solution for ../instances-HHCRSP/InstanzCPLEX_HCSRP_25_6.txt
# Cost = 472.572 Dist = 980.046 Tard = 294.49 TMax = 143.179
# <vehicle> <route length>
# <origin node> <dest node> <vehicle> <service type>
0 14
0 5 0 1
5 25 0 1
25 16 0 0
16 22 0 0
22 2 0 0
2 3 0 2
3 4 0 0
4 13 0 0
13 24 0 2
24 23 0 2
23 15 0 1
15 12 0 2
12 1 0 1
1 0 0 0
1 1
0 0 1 0
2 10
0 11 2 4
11 17 2 5
17 20 2 4
20 18 2 3
18 21 2 4
21 9 2 4
9 19 2 3
19 24 2 5
24 23 2 3
23 0 2 0
3 6
0 6 3 5
6 25 3 3
25 20 3 5
20 19 3 5
19 14 3 3
14 0 3 0
4 7
0 22 4 4
22 7 4 5
7 8 4 4
8 18 4 4
18 21 4 5
21 10 4 5
10 0 4 0
