# Solution for ../instances-HHCRSP/InstanzCPLEX_HCSRP_75_3.txt
# Cost = 649.105 Dist = 1864.25 Tard = 60.6113 TMax = 22.4554
# <vehicle> <route length>
# <origin node> <dest node> <vehicle> <service type>
0 15
0 35 0 2
35 9 0 1
9 33 0 0
33 50 0 2
50 74 0 2
74 40 0 1
40 47 0 2
47 45 0 2
45 17 0 0
17 67 0 0
67 43 0 2
43 66 0 2
66 5 0 0
5 31 0 2
31 0 0 0
1 4
0 10 1 1
10 75 1 1
75 38 1 0
38 0 1 0
2 10
0 23 2 1
23 1 2 2
1 2 2 2
2 29 2 2
29 68 2 2
68 69 2 2
69 73 2 2
73 65 2 2
65 72 2 2
72 0 2 0
3 7
0 70 3 0
70 71 3 0
71 6 3 0
6 22 3 0
22 34 3 0
34 3 3 0
3 0 3 0
4 7
0 20 4 1
20 26 4 1
26 4 4 1
4 41 4 1
41 64 4 1
64 21 4 1
21 0 4 0
5 12
0 7 5 3
7 55 5 3
55 44 5 4
44 51 5 3
51 52 5 3
52 57 5 4
57 67 5 4
67 11 5 3
11 66 5 4
66 60 5 3
60 54 5 3
54 0 5 0
6 5
0 16 6 4
16 69 6 5
69 30 6 5
30 37 6 3
37 0 6 0
7 7
0 15 7 3
15 27 7 5
27 28 7 5
28 75 7 4
75 53 7 3
53 48 7 5
48 0 7 0
8 8
0 36 8 3
36 62 8 4
62 71 8 4
71 59 8 3
59 18 8 3
18 14 8 4
14 25 8 4
25 0 8 0
9 5
0 63 9 3
63 56 9 4
56 58 9 3
58 19 9 4
19 0 9 0
10 11
0 70 10 5
70 55 10 4
55 74 10 5
74 59 10 4
59 32 10 5
32 8 10 4
8 12 10 4
12 57 10 5
57 60 10 4
60 54 10 4
54 0 10 0
11 8
0 63 11 4
63 62 11 5
62 56 11 5
56 58 11 4
58 13 11 5
13 64 11 5
64 72 11 4
72 0 11 0
12 8
0 49 12 4
49 61 12 4
61 42 12 5
42 24 12 5
24 46 12 4
46 73 12 5
73 53 12 4
53 0 12 0
13 4
0 61 13 5
61 39 13 3
39 65 13 5
65 0 13 0
14 2
0 68 14 4
68 0 14 0
