# Solution for ../instances-HHCRSP/InstanzCPLEX_HCSRP_75_5.txt
# Cost = 693.722 Dist = 2081.17 Tard = 0 TMax = 0
# <vehicle> <route length>
# <origin node> <dest node> <vehicle> <service type>
0 19
0 14 0 0
14 9 0 2
9 46 0 2
46 66 0 0
66 72 0 1
72 67 0 0
67 17 0 0
17 31 0 1
31 39 0 1
39 68 0 0
68 69 0 1
69 27 0 2
27 75 0 1
75 4 0 2
4 25 0 1
25 33 0 1
33 5 0 0
5 24 0 2
24 0 0 0
1 5
0 36 1 2
36 3 1 2
3 74 1 2
74 32 1 2
32 0 1 0
2 10
0 71 2 1
71 64 2 1
64 34 2 1
34 51 2 1
51 65 2 1
65 18 2 1
18 35 2 1
35 40 2 1
40 13 2 1
13 0 2 0
3 7
0 23 3 0
23 21 3 0
21 70 3 0
70 43 3 0
43 73 3 0
73 41 3 0
41 0 3 0
4 3
0 15 4 2
15 30 4 2
30 0 4 0
5 10
0 42 5 5
42 60 5 3
60 52 5 5
52 63 5 3
63 11 5 5
11 22 5 5
22 12 5 3
12 19 5 5
19 1 5 5
1 0 5 0
6 14
0 16 6 4
16 60 6 5
60 63 6 5
63 66 6 4
66 2 6 4
2 72 6 3
72 10 6 3
10 67 6 3
67 47 6 4
47 68 6 4
68 69 6 3
69 26 6 4
26 61 6 3
61 0 6 0
7 9
0 58 7 3
58 50 7 3
50 55 7 5
55 54 7 5
54 28 7 3
28 29 7 3
29 62 7 3
62 56 7 5
56 0 7 0
8 3
0 58 8 5
58 44 8 3
44 0 8 0
9 11
0 49 9 5
49 6 9 5
6 45 9 3
45 59 9 3
59 64 9 4
64 53 9 4
53 48 9 4
48 7 9 4
7 62 9 4
62 37 9 4
37 0 9 0
10 6
0 8 10 5
8 71 10 4
71 65 10 4
65 73 10 5
73 57 10 3
57 0 10 0
11 5
0 59 11 4
59 53 11 5
53 75 11 3
75 61 11 5
61 0 11 0
12 7
0 55 12 4
55 54 12 3
54 38 12 3
38 70 12 3
70 74 12 4
74 56 12 3
56 0 12 0
13 3
0 20 13 3
20 57 13 5
57 0 13 0
14 1
0 0 14 0
