# Solution for ../instances-HHCRSP/InstanzVNS_HCSRP_100_9.txt
# Cost = 937.151 Dist = 2805.72 Tard = 3.13069 TMax = 2.60189
# <vehicle> <route length>
# <origin node> <dest node> <vehicle> <service type>
0 14
0 47 0 2
47 35 0 2
35 36 0 2
36 11 0 2
11 95 0 1
95 8 0 0
8 88 0 2
88 18 0 2
18 86 0 2
86 21 0 1
21 45 0 2
45 69 0 0
69 57 0 2
57 0 0 0
1 3
0 91 1 1
91 10 1 1
10 0 1 0
2 7
0 89 2 0
89 90 2 0
90 26 2 0
26 61 2 0
61 55 2 0
55 31 2 0
31 0 2 0
3 3
0 99 3 0
99 32 3 0
32 0 3 0
4 9
0 42 4 2
42 64 4 2
64 23 4 2
23 59 4 2
59 43 4 0
43 98 4 2
98 96 4 2
96 94 4 0
94 0 4 0
5 14
0 97 5 2
97 16 5 2
16 33 5 0
33 1 5 1
1 87 5 0
87 58 5 2
58 30 5 1
30 28 5 2
28 20 5 0
20 44 5 2
44 53 5 0
53 60 5 2
60 93 5 1
93 0 5 0
6 9
0 54 6 1
54 9 6 1
9 56 6 0
56 4 6 1
4 50 6 1
50 27 6 0
27 100 6 1
100 92 6 0
92 0 6 0
7 11
0 81 7 5
81 67 7 5
67 75 7 3
75 79 7 3
79 95 7 5
95 84 7 5
84 76 7 3
76 37 7 5
37 29 7 3
29 40 7 5
40 0 7 0
8 13
0 81 8 4
81 22 8 4
22 75 8 4
75 79 8 4
79 12 8 4
12 83 8 4
83 77 8 4
77 70 8 5
70 72 8 4
72 86 8 5
86 24 8 4
24 92 8 4
92 0 8 0
9 10
0 73 9 3
73 71 9 3
71 39 9 3
39 85 9 3
85 90 9 5
90 38 9 3
38 80 9 5
80 78 9 3
78 74 9 5
74 0 9 0
10 13
0 97 10 4
97 66 10 3
66 89 10 4
89 63 10 4
63 6 10 3
6 83 10 3
83 100 10 3
100 77 10 5
77 62 10 3
62 88 10 5
88 15 10 5
15 51 10 4
51 0 10 0
11 1
0 0 11 0
12 6
0 73 12 5
73 49 12 5
49 85 12 4
85 3 12 4
3 14 12 4
14 0 12 0
13 6
0 82 13 5
82 71 13 5
71 91 13 3
91 98 13 3
98 7 13 5
7 0 13 0
14 10
0 82 14 4
82 34 14 4
34 2 14 4
2 48 14 5
48 17 14 5
17 87 14 3
87 76 14 5
76 80 14 4
80 13 14 4
13 0 14 0
15 9
0 52 15 4
52 5 15 5
5 68 15 4
68 84 15 4
84 19 15 5
19 72 15 3
72 78 15 4
78 74 15 4
74 0 15 0
16 4
0 25 16 5
25 99 16 4
99 93 16 4
93 0 16 0
17 1
0 0 17 0
18 6
0 46 18 5
46 96 18 5
96 41 18 4
41 94 18 5
94 65 18 5
65 0 18 0
19 1
0 0 19 0
