# Solution for ../instances-HHCRSP/InstanzCPLEX_HCSRP_50_7.txt
# Cost = 547.244 Dist = 1624.41 Tard = 10.5875 TMax = 6.73806
# <vehicle> <route length>
# <origin node> <dest node> <vehicle> <service type>
0 12
0 18 0 0
18 50 0 0
50 45 0 0
45 25 0 2
25 43 0 0
43 10 0 0
10 48 0 0
48 22 0 2
22 29 0 0
29 12 0 0
12 9 0 0
9 0 0 0
1 10
0 49 1 1
49 24 1 1
24 14 1 1
14 47 1 2
47 15 1 1
15 44 1 1
44 33 1 1
33 13 1 0
13 46 1 1
46 0 1 0
2 4
0 2 2 2
2 11 2 0
11 26 2 2
26 0 2 0
3 10
0 3 3 3
3 42 3 3
42 31 3 3
31 38 3 3
38 1 3 4
1 41 3 3
41 32 3 3
32 16 3 4
16 46 3 5
46 0 3 0
4 8
0 20 4 3
20 34 4 3
34 50 4 3
50 45 4 5
45 28 4 4
28 6 4 4
6 36 4 4
36 0 4 0
5 7
0 42 5 4
42 38 5 4
38 41 5 4
41 40 5 4
40 8 5 5
8 36 5 5
36 0 5 0
6 6
0 49 6 5
49 27 6 3
27 19 6 3
19 48 6 3
48 17 6 3
17 0 6 0
7 5
0 37 7 5
37 47 7 4
47 44 7 5
44 39 7 4
39 0 7 0
8 6
0 23 8 3
23 5 8 4
5 43 8 3
43 37 8 3
37 39 8 3
39 0 8 0
9 7
0 4 9 4
4 35 9 3
35 21 9 4
21 40 9 5
40 7 9 4
7 30 9 5
30 0 9 0
