# Solution for ../instances-HHCRSP/InstanzVNS_HCSRP_300_4.txt
# Cost = 1579.01 Dist = 4732.04 Tard = 3.21546 TMax = 1.76919
# <vehicle> <route length>
# <origin node> <dest node> <vehicle> <service type>
0 13
0 174 0 1
174 300 0 0
300 266 0 0
266 163 0 1
163 260 0 0
260 262 0 0
262 41 0 0
41 62 0 0
62 192 0 1
192 256 0 1
256 64 0 0
64 276 0 1
276 0 0 0
1 8
0 285 1 0
285 69 1 0
69 263 1 0
263 186 1 0
186 44 1 0
44 18 1 0
18 296 1 0
296 0 1 0
2 16
0 160 2 1
160 278 2 1
278 108 2 0
108 54 2 0
54 173 2 1
173 253 2 1
253 81 2 1
81 295 2 0
295 181 2 0
181 165 2 0
165 294 2 0
294 99 2 1
99 291 2 0
291 265 2 0
265 36 2 1
36 0 2 0
3 17
0 15 3 2
15 77 3 1
77 144 3 2
144 92 3 1
92 50 3 0
50 84 3 2
84 257 3 2
257 162 3 0
162 280 3 0
280 86 3 2
86 255 3 2
255 137 3 1
137 148 3 2
148 286 3 1
286 102 3 0
102 252 3 1
252 0 3 0
4 12
0 251 4 2
251 261 4 2
261 183 4 2
183 279 4 0
279 290 4 0
290 277 4 2
277 288 4 0
288 34 4 2
34 87 4 2
87 258 4 2
258 292 4 0
292 0 4 0
5 15
0 40 5 1
40 55 5 1
55 139 5 1
139 191 5 1
191 128 5 2
128 88 5 2
88 197 5 2
197 1 5 2
1 297 5 2
297 281 5 2
281 299 5 2
299 142 5 1
142 11 5 2
11 111 5 1
111 0 5 0
6 16
0 283 6 2
283 122 6 2
122 33 6 0
33 284 6 2
284 149 6 0
149 16 6 0
16 185 6 2
185 98 6 2
98 127 6 0
127 63 6 0
63 274 6 1
274 10 6 1
10 109 6 1
109 120 6 0
120 193 6 1
193 0 6 0
7 4
0 47 7 2
47 51 7 2
51 152 7 2
152 0 7 0
8 12
0 168 8 1
168 14 8 2
14 166 8 2
166 94 8 1
94 155 8 1
155 268 8 1
268 24 8 1
24 132 8 1
132 146 8 1
146 140 8 1
140 65 8 1
65 0 8 0
9 5
0 106 9 2
106 287 9 2
287 176 9 2
176 195 9 2
195 0 9 0
10 16
0 90 10 1
90 270 10 1
270 289 10 2
289 71 10 1
71 13 10 2
13 158 10 2
158 264 10 2
264 271 10 2
271 254 10 1
254 12 10 2
12 25 10 1
25 135 10 1
135 76 10 2
76 184 10 2
184 282 10 2
282 0 10 0
11 4
0 130 11 0
130 157 11 0
157 293 11 0
293 0 11 0
12 5
0 275 12 2
275 39 12 0
39 113 12 2
113 100 12 0
100 0 12 0
13 14
0 259 13 1
259 273 13 2
273 105 13 0
105 123 13 2
123 20 13 0
20 125 13 2
125 72 13 2
72 269 13 1
269 89 13 2
89 178 13 0
178 85 13 0
85 56 13 2
56 121 13 0
121 0 13 0
14 4
0 170 14 0
170 298 14 0
298 9 14 0
9 0 14 0
15 2
0 112 15 2
112 0 15 0
16 7
0 7 16 1
7 272 16 1
272 267 16 1
267 167 16 1
167 17 16 1
17 95 16 1
95 0 16 0
17 1
0 0 17 0
18 16
0 251 18 5
251 179 18 3
179 300 18 3
300 266 18 5
266 45 18 3
45 214 18 3
214 60 18 4
60 260 18 4
260 96 18 3
96 237 18 4
237 235 18 4
235 240 18 3
240 256 18 5
256 223 18 3
223 276 18 3
276 0 18 0
19 16
0 52 19 5
52 42 19 4
42 231 19 4
231 202 19 4
202 246 19 4
246 131 19 4
131 245 19 5
245 201 19 4
201 241 19 4
241 232 19 4
232 80 19 5
80 233 19 4
233 274 19 5
274 234 19 4
234 141 19 4
141 0 19 0
20 16
0 203 20 4
203 226 20 3
226 261 20 4
261 238 20 3
238 196 20 5
196 31 20 4
31 83 20 5
83 214 20 4
214 117 20 3
117 262 20 5
262 169 20 5
169 220 20 3
220 249 20 3
249 294 20 4
294 57 20 4
57 0 20 0
21 14
0 203 21 5
203 226 21 5
226 23 21 4
23 259 21 5
259 212 21 4
212 239 21 5
239 243 21 4
243 237 21 5
237 235 21 5
235 208 21 4
208 61 21 4
61 218 21 4
218 222 21 4
222 0 21 0
22 15
0 231 22 5
231 202 22 5
202 285 22 3
285 246 22 5
246 263 22 5
263 204 22 3
204 46 22 4
46 21 22 5
21 53 22 5
53 207 22 3
207 138 22 4
138 296 22 4
296 8 22 4
8 154 22 3
154 0 22 0
23 14
0 59 23 4
59 30 23 5
30 245 23 3
245 201 23 5
201 241 23 3
241 232 23 5
232 187 23 3
187 19 23 4
19 205 23 4
205 255 23 5
255 286 23 3
286 224 23 3
224 182 23 3
182 0 23 0
24 19
0 145 24 4
145 228 24 3
228 244 24 3
244 114 24 5
114 198 24 4
198 190 24 3
190 177 24 4
177 279 24 3
279 134 24 3
134 73 24 3
73 171 24 4
171 220 24 5
220 249 24 5
249 250 24 3
250 159 24 3
159 291 24 5
291 218 24 5
218 222 24 5
222 0 24 0
25 10
0 228 25 5
228 244 25 4
244 194 25 4
194 290 25 5
290 277 25 5
277 119 25 3
119 225 25 3
225 35 25 3
35 258 25 3
258 0 25 0
26 12
0 6 26 3
6 278 26 3
278 213 26 3
213 227 26 3
227 210 26 3
210 268 26 5
268 133 26 3
133 79 26 4
79 37 26 4
37 67 26 3
67 282 26 3
282 0 26 0
27 14
0 283 27 5
283 38 27 5
38 48 27 5
48 284 27 5
284 43 27 5
43 188 27 4
188 153 27 4
153 5 27 3
5 280 27 5
280 205 27 5
205 29 27 5
29 224 27 5
224 252 27 4
252 0 27 0
28 16
0 103 28 4
103 248 28 4
248 116 28 3
116 287 28 3
287 213 28 5
213 227 28 4
227 210 28 5
210 126 28 4
126 298 28 3
298 189 28 5
189 115 28 4
115 4 28 4
4 22 28 5
22 151 28 5
151 2 28 4
2 0 28 0
29 15
0 97 29 4
97 164 29 3
164 248 29 5
248 264 29 4
264 271 29 3
271 216 29 4
216 254 29 5
254 217 29 3
217 219 29 4
219 199 29 5
199 175 29 4
175 70 29 5
70 124 29 5
124 93 29 4
93 0 29 0
30 13
0 242 30 3
242 209 30 3
209 147 30 5
147 211 30 4
211 288 30 3
288 150 30 4
150 118 30 3
118 225 30 5
225 3 30 3
3 240 30 5
240 223 30 5
223 236 30 3
236 0 30 0
31 9
0 242 31 4
242 209 31 4
209 211 31 5
211 272 31 4
272 267 31 3
267 229 31 4
229 221 31 4
221 292 31 4
292 0 31 0
32 8
0 82 32 3
82 275 32 5
275 58 32 3
58 204 32 5
204 257 32 3
257 180 32 3
180 207 32 5
207 0 32 0
33 11
0 32 33 3
32 238 33 5
238 49 33 4
49 68 33 3
68 216 33 5
216 217 33 5
217 219 33 5
219 250 33 4
250 265 33 4
265 136 33 3
136 0 33 0
34 6
0 215 34 3
215 161 34 5
161 107 34 3
107 229 34 5
229 221 34 5
221 0 34 0
35 7
0 215 35 4
215 293 35 5
293 75 35 3
75 233 35 5
233 172 35 3
172 234 35 3
234 0 35 0
36 12
0 206 36 3
206 230 36 3
230 270 36 5
270 289 36 3
289 273 36 4
273 143 36 5
143 156 36 3
156 269 36 4
269 129 36 5
129 78 36 3
78 110 36 5
110 0 36 0
37 14
0 206 37 5
206 230 37 5
230 66 37 3
66 74 37 5
74 212 37 3
212 239 37 3
239 243 37 3
243 297 37 5
297 281 37 5
281 299 37 3
299 208 37 5
208 104 37 4
104 236 37 4
236 0 37 0
38 9
0 27 38 3
27 101 38 4
101 247 38 3
247 253 38 3
253 295 38 5
295 91 38 5
91 26 38 3
26 200 38 4
200 0 38 0
39 3
0 28 39 3
28 247 39 4
247 0 39 0
