# Solution for ../instances-HHCRSP/InstanzVNS_HCSRP_200_10.txt
# Cost = 1437.16 Dist = 4274.42 Tard = 31.2925 TMax = 5.78622
# <vehicle> <route length>
# <origin node> <dest node> <vehicle> <service type>
0 15
0 192 0 0
192 138 0 0
138 181 0 0
181 33 0 0
33 4 0 0
4 185 0 0
185 16 0 0
16 118 0 0
118 178 0 0
178 193 0 0
193 62 0 0
62 177 0 0
177 47 0 0
47 122 0 0
122 0 0 0
1 16
0 7 1 1
7 34 1 2
34 64 1 1
64 61 1 2
61 126 1 2
126 105 1 1
105 174 1 2
174 27 1 2
27 191 1 2
191 187 1 2
187 43 1 2
43 199 1 1
199 77 1 1
77 30 1 2
30 59 1 2
59 0 1 0
2 11
0 180 2 1
180 175 2 1
175 11 2 1
11 125 2 1
125 198 2 1
198 90 2 1
90 173 2 1
173 19 2 1
19 40 2 1
40 132 2 1
132 0 2 0
3 5
0 189 3 1
189 94 3 1
94 18 3 1
18 172 3 1
172 0 3 0
4 9
0 50 4 1
50 103 4 1
103 22 4 1
22 26 4 1
26 139 4 1
139 91 4 1
91 36 4 1
36 42 4 1
42 0 4 0
5 15
0 2 5 0
2 104 5 0
104 83 5 0
83 195 5 0
195 58 5 0
58 24 5 2
24 44 5 0
44 95 5 0
95 179 5 0
179 186 5 0
186 48 5 0
48 14 5 0
14 66 5 0
66 28 5 2
28 0 5 0
6 11
0 176 6 2
176 70 6 2
70 57 6 2
57 108 6 2
108 63 6 2
63 171 6 2
171 182 6 2
182 107 6 2
107 184 6 2
184 190 6 2
190 0 6 0
7 9
0 80 7 2
80 124 7 2
124 129 7 2
129 102 7 2
102 32 7 2
32 137 7 2
137 133 7 2
133 31 7 2
31 0 7 0
8 14
0 188 8 0
188 89 8 0
89 113 8 0
113 197 8 0
197 194 8 0
194 183 8 0
183 29 8 2
29 35 8 1
35 84 8 0
84 111 8 1
111 60 8 0
60 99 8 0
99 196 8 0
196 0 8 0
9 2
0 200 9 2
200 0 9 0
10 15
0 49 10 5
49 165 10 3
165 143 10 3
143 38 10 4
38 198 10 3
198 155 10 3
155 131 10 4
131 88 10 5
88 74 10 5
74 109 10 5
109 153 10 3
153 114 10 4
114 121 10 4
121 72 10 4
72 0 10 0
11 10
0 165 11 5
165 143 11 4
143 86 11 5
86 154 11 3
154 81 11 3
81 179 11 3
179 156 11 4
156 98 11 4
98 54 11 5
54 0 11 0
12 12
0 115 12 3
115 180 12 3
180 192 12 5
192 68 12 5
68 130 12 3
130 15 12 3
15 154 12 5
154 156 12 3
156 186 12 3
186 196 12 3
196 142 12 5
142 0 12 0
13 15
0 149 13 3
149 170 13 3
170 39 13 3
39 150 13 3
150 140 13 3
140 145 13 4
145 8 13 4
8 69 13 5
69 52 13 5
52 161 13 3
161 96 13 3
96 153 13 5
153 164 13 3
164 79 13 5
79 0 13 0
14 13
0 149 14 5
149 170 14 5
170 150 14 5
150 181 14 4
181 145 14 5
145 116 14 4
116 23 14 3
23 136 14 5
136 166 14 3
166 10 14 4
10 1 14 3
1 112 14 4
112 0 14 0
15 9
0 159 15 4
159 188 15 3
188 148 15 3
148 163 15 4
163 141 15 4
141 76 15 3
76 151 15 4
151 190 15 3
190 0 15 0
16 9
0 159 16 5
159 53 16 3
53 100 16 5
100 183 16 4
183 41 16 5
41 117 16 3
117 55 16 5
55 46 16 5
46 0 16 0
17 6
0 189 17 3
189 106 17 3
106 101 17 3
101 73 17 4
73 146 17 3
146 0 17 0
18 17
0 176 18 4
176 78 18 3
78 123 18 3
123 144 18 3
144 158 18 3
158 147 18 3
147 3 18 3
3 174 18 4
174 6 18 4
6 178 18 4
178 167 18 4
167 193 18 3
193 162 18 3
162 152 18 3
152 187 18 4
187 166 18 4
166 0 18 0
19 8
0 148 19 5
148 163 19 5
163 141 19 5
141 17 19 4
17 128 19 4
128 97 19 3
97 92 19 5
92 0 19 0
20 15
0 12 20 5
12 37 20 4
37 175 20 4
175 93 20 3
93 185 20 3
185 155 20 5
155 157 20 3
157 9 20 3
9 182 20 3
182 51 20 5
51 173 20 3
173 56 20 5
56 184 20 4
184 160 20 3
160 0 20 0
21 6
0 197 21 5
197 194 21 5
194 146 21 5
146 25 21 5
25 172 21 4
172 0 21 0
22 3
0 169 22 3
169 87 22 5
87 0 22 0
23 9
0 85 23 4
85 127 23 5
127 20 23 4
20 135 23 3
135 119 23 4
119 120 23 4
120 161 23 4
161 164 23 4
164 0 23 0
24 3
0 71 24 4
71 142 24 4
142 0 24 0
25 6
0 45 25 4
45 134 25 4
134 195 25 5
195 151 25 5
151 82 25 4
82 0 25 0
26 18
0 5 26 4
5 144 26 5
144 158 26 5
158 147 26 4
147 171 26 3
171 157 26 4
157 167 26 5
167 191 26 4
191 162 26 4
162 152 26 4
152 21 26 5
21 75 26 5
75 199 26 4
199 13 26 3
13 177 26 5
177 67 26 4
67 160 26 4
160 0 26 0
27 4
0 169 27 5
169 110 27 5
110 200 27 5
200 0 27 0
28 3
0 65 28 4
65 168 28 4
168 0 28 0
29 2
0 168 29 5
168 0 29 0
