# Solution for ../instances-HHCRSP/InstanzVNS_HCSRP_200_10.txt
# Cost = 1439.44 Dist = 4300.42 Tard = 13.0123 TMax = 4.89377
# <vehicle> <route length>
# <origin node> <dest node> <vehicle> <service type>
0 13
0 192 0 0
192 181 0 0
181 33 0 0
33 4 0 0
4 185 0 0
185 138 0 0
138 118 0 0
118 16 0 0
16 193 0 0
193 178 0 0
178 62 0 0
62 177 0 0
177 0 0 0
1 14
0 180 1 1
180 34 1 2
34 7 1 1
7 61 1 2
61 174 1 2
174 126 1 2
126 105 1 1
105 27 1 2
27 191 1 2
191 187 1 2
187 43 1 2
43 199 1 1
199 77 1 1
77 0 1 0
2 4
0 189 2 1
189 18 2 1
18 172 2 1
172 0 2 0
3 10
0 22 3 1
22 175 3 1
175 11 3 1
11 64 3 1
64 26 3 1
26 139 3 1
139 91 3 1
91 36 3 1
36 42 3 1
42 0 3 0
4 12
0 50 4 1
50 94 4 1
94 35 4 1
35 103 4 1
103 198 4 1
198 125 4 1
125 90 4 1
90 173 4 1
173 19 4 1
19 40 4 1
40 132 4 1
132 0 4 0
5 19
0 104 5 0
104 2 5 0
2 188 5 0
188 124 5 2
124 197 5 0
197 194 5 0
194 113 5 0
113 29 5 2
29 83 5 0
83 32 5 2
32 179 5 0
179 95 5 0
95 44 5 0
44 47 5 0
47 122 5 0
122 14 5 0
14 66 5 0
66 28 5 2
28 0 5 0
6 10
0 176 6 2
176 108 6 2
108 63 6 2
63 137 6 2
137 133 6 2
133 182 6 2
182 184 6 2
184 30 6 2
30 59 6 2
59 0 6 0
7 7
0 70 7 2
70 57 7 2
57 171 7 2
171 107 7 2
107 24 7 2
24 190 7 2
190 0 7 0
8 15
0 89 8 0
89 195 8 0
195 102 8 2
102 129 8 2
129 183 8 0
183 58 8 0
58 84 8 0
84 111 8 1
111 186 8 0
186 60 8 0
60 31 8 2
31 99 8 0
99 196 8 0
196 48 8 0
48 0 8 0
9 3
0 80 9 2
80 200 9 2
200 0 9 0
10 18
0 180 10 3
180 170 10 3
170 181 10 4
181 150 10 5
150 174 10 4
174 8 10 4
8 145 10 5
145 23 10 3
23 136 10 5
136 6 10 4
6 152 10 3
152 162 10 3
162 21 10 5
21 75 10 5
75 13 10 3
13 160 10 3
160 67 10 4
67 0 10 0
11 15
0 170 11 5
170 39 11 3
39 175 11 4
175 38 11 4
38 143 11 3
143 86 11 5
86 165 11 3
165 154 11 3
154 179 11 3
179 156 11 3
156 186 11 3
186 54 11 5
54 196 11 3
196 142 11 4
142 0 11 0
12 8
0 159 12 5
159 163 12 5
163 100 12 5
100 141 12 5
141 76 12 3
76 151 12 5
151 190 12 3
190 0 12 0
13 12
0 159 13 4
159 163 13 4
163 195 13 5
195 134 13 4
134 15 13 3
15 154 13 5
154 96 13 3
96 114 13 4
114 81 13 3
81 121 13 4
121 72 13 4
72 0 13 0
14 16
0 192 14 5
192 37 14 4
37 130 14 3
130 68 14 5
68 143 14 4
143 165 14 5
165 198 14 3
198 157 14 3
157 9 14 3
9 182 14 3
182 51 14 5
51 173 14 3
173 56 14 5
56 184 14 4
184 160 14 4
160 0 14 0
15 18
0 45 15 4
45 144 15 3
144 158 15 3
158 147 15 3
147 3 15 3
3 150 15 3
150 131 15 4
131 155 15 3
155 167 15 4
167 193 15 3
193 178 15 4
178 191 15 4
191 152 15 4
152 162 15 4
162 187 15 4
187 166 15 3
166 10 15 4
10 0 15 0
16 13
0 144 16 5
144 158 16 5
158 147 16 4
147 123 16 3
123 171 16 3
171 185 16 3
185 93 16 3
93 155 16 5
155 167 16 5
167 157 16 4
157 177 16 5
177 153 16 3
153 0 16 0
17 12
0 176 17 4
176 115 17 3
115 78 17 3
78 149 17 3
149 140 17 3
140 145 17 4
145 116 17 4
116 112 17 4
112 1 17 3
1 166 17 4
166 199 17 4
199 0 17 0
18 11
0 106 18 3
106 101 18 3
101 73 18 4
73 53 18 3
53 141 18 4
141 17 18 4
17 97 18 3
97 128 18 4
128 151 18 4
151 82 18 4
82 0 18 0
19 7
0 189 19 3
189 197 19 5
197 194 19 5
194 25 19 5
25 146 19 3
146 172 19 4
172 0 19 0
20 9
0 188 20 3
188 148 20 3
148 183 20 4
183 41 20 5
41 117 20 3
117 55 20 5
55 46 20 5
46 146 20 5
146 0 20 0
21 10
0 148 21 5
148 85 21 4
85 20 21 4
20 135 21 3
135 119 21 4
119 120 21 4
120 161 21 3
161 164 21 3
164 79 21 5
79 0 21 0
22 3
0 169 22 3
169 87 22 5
87 0 22 0
23 4
0 169 23 5
169 110 23 5
110 200 23 5
200 0 23 0
24 11
0 49 24 5
49 149 24 5
149 52 24 5
52 69 24 5
69 88 24 5
88 161 24 4
161 164 24 4
164 74 24 5
74 109 24 5
109 153 24 5
153 0 24 0
25 2
0 168 25 4
168 0 25 0
26 2
0 168 26 5
168 0 26 0
27 1
0 0 27 0
28 7
0 5 28 4
5 127 28 5
127 12 28 5
12 156 28 4
156 98 28 4
98 92 28 5
92 0 28 0
29 4
0 65 29 4
65 71 29 4
71 142 29 5
142 0 29 0
