# Solution for ../instances-HHCRSP/InstanzCPLEX_HCSRP_50_7.txt
# Cost = 534.865 Dist = 1604.59 Tard = 0 TMax = 0
# <vehicle> <route length>
# <origin node> <dest node> <vehicle> <service type>
0 4
0 2 0 2
2 11 0 0
11 26 0 2
26 0 0 0
1 9
0 49 1 1
49 24 1 1
24 14 1 1
14 47 1 2
47 44 1 1
44 15 1 1
15 33 1 1
33 46 1 1
46 0 1 0
2 13
0 18 2 0
18 50 2 0
50 45 2 0
45 25 2 2
25 43 2 0
43 10 2 0
10 29 2 0
29 22 2 2
22 48 2 0
48 13 2 0
13 12 2 0
12 9 2 0
9 0 2 0
3 6
0 23 3 3
23 5 3 4
5 43 3 3
43 37 3 3
37 39 3 3
39 0 3 0
4 6
0 49 4 5
49 27 4 3
27 19 4 3
19 17 4 3
17 48 4 3
48 0 4 0
5 9
0 20 5 3
20 34 5 3
34 50 5 3
50 45 5 5
45 6 5 4
6 28 5 4
28 37 5 5
37 36 5 4
36 0 5 0
6 10
0 3 6 3
3 42 6 3
42 38 6 3
38 32 6 3
32 31 6 3
31 41 6 3
41 40 6 5
40 30 6 5
30 8 6 5
8 0 6 0
7 10
0 21 7 4
21 42 7 4
42 1 7 4
1 38 7 4
38 41 7 4
41 40 7 4
40 7 7 4
7 16 7 4
16 46 7 5
46 0 7 0
8 4
0 4 8 4
4 35 8 3
35 36 8 5
36 0 8 0
9 4
0 47 9 4
47 44 9 5
44 39 9 4
39 0 9 0
