# Solution for ../instances-HHCRSP/InstanzVNS_HCSRP_100_1.txt
# Cost = 1353.51 Dist = 2788.43 Tard = 1048.21 TMax = 223.883
# <vehicle> <route length>
# <origin node> <dest node> <vehicle> <service type>
0 17
0 47 0 0
47 33 0 0
33 86 0 0
86 94 0 0
94 15 0 0
15 48 0 0
48 100 0 0
100 90 0 0
90 66 0 0
66 61 0 0
61 18 0 0
18 38 0 0
38 92 0 0
92 19 0 0
19 46 0 0
46 55 0 0
55 0 0 0
1 9
0 91 1 2
91 62 1 1
62 60 1 2
60 97 1 1
97 30 1 2
30 99 1 2
99 11 1 1
11 53 1 2
53 0 1 0
2 8
0 31 2 1
31 95 2 2
95 13 2 1
13 87 2 2
87 67 2 2
67 89 2 2
89 58 2 1
58 0 2 0
3 3
0 88 3 2
88 21 3 2
21 0 3 0
4 11
0 42 4 2
42 98 4 2
98 70 4 2
70 17 4 2
17 5 4 2
5 22 4 2
22 59 4 2
59 25 4 2
25 57 4 2
57 7 4 2
7 0 4 0
5 8
0 12 5 1
12 43 5 1
43 56 5 1
56 41 5 1
41 3 5 1
3 93 5 1
93 96 5 1
96 0 5 0
6 2
0 40 6 2
40 0 6 0
7 13
0 49 7 4
49 86 7 4
86 27 7 4
27 6 7 4
6 94 7 4
94 79 7 3
79 71 7 3
71 97 7 4
97 39 7 3
39 16 7 4
16 29 7 3
29 99 7 5
99 0 7 0
8 10
0 10 8 4
10 50 8 5
50 34 8 4
34 78 8 5
78 68 8 4
68 2 8 4
2 35 8 5
35 72 8 5
72 28 8 5
28 0 8 0
9 10
0 83 9 5
83 95 9 4
95 98 9 4
98 84 9 5
84 85 9 4
85 26 9 5
26 73 9 5
73 82 9 4
82 92 9 4
92 0 9 0
10 12
0 52 10 3
52 8 10 4
8 83 10 4
83 84 10 4
84 85 10 3
85 73 10 3
73 4 10 3
4 74 10 3
74 89 10 4
89 75 10 3
75 51 10 4
51 0 10 0
11 12
0 14 11 3
14 91 11 3
91 45 11 3
45 24 11 5
24 54 11 3
54 79 11 4
79 71 11 4
71 69 11 5
69 36 11 3
36 93 11 5
93 96 11 4
96 0 11 0
12 7
0 9 12 4
9 87 12 5
87 82 12 3
82 74 12 5
74 32 12 4
32 75 12 5
75 0 12 0
13 5
0 88 13 3
88 78 13 3
78 90 13 4
90 44 13 3
44 0 13 0
14 10
0 81 14 3
81 37 14 3
37 20 14 5
20 100 14 3
100 77 14 5
77 76 14 3
76 64 14 3
64 80 14 3
80 72 14 3
72 0 14 0
15 9
0 81 15 4
81 65 15 4
65 63 15 4
63 23 15 4
23 77 15 4
77 76 15 4
76 1 15 3
1 80 15 4
80 0 15 0
16 1
0 0 16 0
17 1
0 0 17 0
18 1
0 0 18 0
19 1
0 0 19 0
