# Solution for ../instances-HHCRSP/InstanzCPLEX_HCSRP_75_9.txt
# Cost = 719.139 Dist = 2152.05 Tard = 2.68487 TMax = 2.68487
# <vehicle> <route length>
# <origin node> <dest node> <vehicle> <service type>
0 8
0 64 0 1
64 50 0 1
50 67 0 0
67 4 0 1
4 8 0 0
8 70 0 1
70 21 0 1
21 0 0 0
1 5
0 66 1 1
66 9 1 1
9 1 1 1
1 30 1 1
30 0 1 0
2 13
0 47 2 2
47 35 2 2
35 36 2 2
36 11 2 2
11 68 2 2
68 27 2 0
27 75 2 2
75 72 2 1
72 18 2 2
18 45 2 2
45 69 2 2
69 74 2 1
74 0 2 0
3 8
0 73 3 2
73 43 3 0
43 71 3 1
71 16 3 2
16 23 3 2
23 32 3 0
32 10 3 1
10 0 3 0
4 9
0 42 4 2
42 33 4 0
33 20 4 0
20 26 4 0
26 28 4 2
28 44 4 2
44 31 4 0
31 65 4 2
65 0 4 0
5 10
0 34 5 4
34 49 5 5
49 2 5 4
2 5 5 5
5 17 5 5
17 48 5 5
48 58 5 5
58 61 5 4
61 55 5 5
55 0 5 0
6 5
0 54 6 5
54 66 6 3
66 61 6 5
61 55 6 3
55 0 6 0
7 4
0 73 7 4
73 14 7 4
14 53 7 4
53 0 7 0
8 14
0 22 8 4
22 63 8 3
63 56 8 4
56 6 8 3
6 68 8 4
68 70 8 4
70 62 8 3
62 15 8 5
15 37 8 5
37 57 8 3
57 69 8 4
69 51 8 4
51 74 8 3
74 0 8 0
9 11
0 52 9 4
52 63 9 5
63 56 9 5
56 67 9 4
67 19 9 5
19 12 9 4
12 75 9 5
75 72 9 3
72 62 9 4
62 24 9 4
24 0 9 0
10 4
0 59 10 3
59 25 10 5
25 60 10 3
60 0 10 0
11 8
0 64 11 4
64 54 11 4
54 71 11 5
71 41 11 4
41 3 11 4
3 13 11 4
13 65 11 4
65 0 11 0
12 8
0 39 12 3
39 46 12 5
46 58 12 3
58 38 12 3
38 29 12 3
29 40 12 5
40 57 12 5
57 0 12 0
13 4
0 59 13 4
59 7 13 5
7 60 13 5
60 0 13 0
14 2
0 53 14 3
53 0 14 0
