# Solution for ../instances-HHCRSP/InstanzCPLEX_HCSRP_50_7.txt
# Cost = 536.623 Dist = 1609.87 Tard = 0 TMax = 0
# <vehicle> <route length>
# <origin node> <dest node> <vehicle> <service type>
0 13
0 18 0 0
18 50 0 0
50 45 0 0
45 25 0 2
25 43 0 0
43 10 0 0
10 29 0 0
29 48 0 0
48 13 0 0
13 22 0 2
22 12 0 0
12 9 0 0
9 0 0 0
1 9
0 49 1 1
49 24 1 1
24 14 1 1
14 47 1 2
47 44 1 1
44 15 1 1
15 33 1 1
33 46 1 1
46 0 1 0
2 4
0 2 2 2
2 11 2 0
11 26 2 2
26 0 2 0
3 10
0 42 3 3
42 21 3 4
21 3 3 3
3 38 3 3
38 1 3 4
1 41 3 3
41 40 3 4
40 30 3 5
30 8 3 5
8 0 3 0
4 10
0 42 4 4
42 31 4 3
31 38 4 4
38 32 4 3
32 41 4 4
41 40 4 5
40 7 4 4
7 16 4 4
16 46 4 5
46 0 4 0
5 9
0 20 5 3
20 34 5 3
34 50 5 3
50 45 5 5
45 6 5 4
6 28 5 4
28 37 5 3
37 39 5 3
39 0 5 0
6 6
0 49 6 5
49 27 6 3
27 19 6 3
19 48 6 3
48 17 6 3
17 0 6 0
7 4
0 47 7 4
47 44 7 5
44 39 7 4
39 0 7 0
8 4
0 35 8 3
35 4 8 4
4 36 8 4
36 0 8 0
9 6
0 23 9 3
23 5 9 4
5 43 9 3
43 37 9 5
37 36 9 5
36 0 9 0
