# Solution for ../instances-HHCRSP/InstanzVNS_HCSRP_200_6.txt
# Cost = 1332.14 Dist = 3958.56 Tard = 29.4183 TMax = 8.44544
# <vehicle> <route length>
# <origin node> <dest node> <vehicle> <service type>
0 16
0 67 0 2
67 60 0 2
60 13 0 0
13 173 0 2
173 3 0 2
3 188 0 2
188 186 0 2
186 61 0 1
61 94 0 0
94 196 0 1
196 80 0 1
80 24 0 1
24 12 0 2
12 73 0 2
73 109 0 0
109 0 0 0
1 8
0 198 1 2
198 20 1 2
20 97 1 2
97 129 1 2
129 40 1 2
40 99 1 2
99 187 1 2
187 0 1 0
2 15
0 5 2 1
5 131 2 0
131 36 2 1
36 25 2 2
25 66 2 0
66 82 2 2
82 182 2 0
182 72 2 0
72 136 2 0
136 185 2 1
185 128 2 2
128 177 2 1
177 180 2 1
180 76 2 1
76 0 2 0
3 16
0 183 3 1
183 95 3 1
95 51 3 2
51 192 3 2
192 47 3 2
47 53 3 1
53 190 3 2
190 189 3 2
189 23 3 1
23 15 3 1
15 58 3 1
58 176 3 2
176 1 3 1
1 191 3 2
191 106 3 1
106 0 3 0
4 16
0 171 4 0
171 4 4 0
4 195 4 1
195 134 4 0
134 184 4 1
184 18 4 0
18 33 4 0
33 19 4 1
19 104 4 1
104 127 4 1
127 126 4 1
126 174 4 1
174 114 4 0
114 172 4 0
172 113 4 0
113 0 4 0
5 8
0 16 5 0
16 193 5 0
193 2 5 0
2 103 5 0
103 77 5 0
77 78 5 0
78 26 5 0
26 0 5 0
6 7
0 178 6 2
178 133 6 2
133 197 6 2
197 64 6 2
64 194 6 2
194 175 6 2
175 0 6 0
7 13
0 43 7 1
43 122 7 1
122 139 7 2
139 22 7 2
22 30 7 2
30 31 7 2
31 92 7 2
92 119 7 2
119 111 7 1
111 121 7 1
121 79 7 2
79 98 7 2
98 0 7 0
8 5
0 124 8 2
124 200 8 1
200 116 8 2
116 85 8 1
85 0 8 0
9 10
0 90 9 0
90 44 9 0
44 199 9 0
199 41 9 0
41 59 9 1
59 112 9 1
112 181 9 0
181 132 9 0
132 179 9 0
179 0 9 0
10 9
0 198 10 3
198 195 10 3
195 138 10 3
138 65 10 3
65 153 10 3
153 196 10 3
196 163 10 3
163 29 10 3
29 0 10 0
11 15
0 27 11 4
27 171 11 4
171 93 11 5
93 52 11 3
52 55 11 4
55 21 11 3
21 182 11 4
182 108 11 4
108 149 11 3
149 9 11 4
9 71 11 5
71 135 11 4
135 166 11 4
166 123 11 3
123 0 11 0
12 7
0 159 12 5
159 146 12 5
146 167 12 5
167 164 12 5
164 142 12 5
142 156 12 5
156 0 12 0
13 12
0 7 13 5
7 154 13 3
154 148 13 3
148 137 13 5
137 162 13 3
162 177 13 5
177 69 13 3
69 125 13 3
125 169 13 3
169 180 13 5
180 14 13 3
14 0 13 0
14 10
0 35 14 5
35 154 14 5
154 148 14 5
148 193 14 3
193 140 14 5
140 130 14 3
130 147 14 3
147 170 14 3
170 166 14 5
166 0 14 0
15 14
0 151 15 5
151 165 15 5
165 152 15 5
152 157 15 5
157 145 15 3
145 184 15 5
184 149 15 5
149 189 15 3
189 102 15 5
102 155 15 5
155 150 15 5
150 168 15 3
168 110 15 3
110 0 15 0
16 6
0 159 16 4
159 146 16 4
146 167 16 4
167 81 16 4
81 181 16 4
181 0 16 0
17 3
0 160 17 5
160 187 17 5
187 0 17 0
18 14
0 11 18 4
11 144 18 3
144 141 18 3
141 158 18 3
158 46 18 4
46 153 18 4
153 17 18 5
17 188 18 3
188 186 18 5
186 163 18 4
163 28 18 5
28 176 18 5
176 191 18 5
191 0 18 0
19 15
0 183 19 4
183 144 19 5
144 141 19 5
141 158 19 4
158 84 19 5
84 192 19 4
192 100 19 4
100 190 19 5
190 87 19 5
87 38 19 5
38 174 19 5
174 155 19 4
155 150 19 4
150 168 19 5
168 0 19 0
20 11
0 151 20 4
151 165 20 4
165 152 20 4
152 48 20 4
48 89 20 4
89 173 20 4
173 74 20 5
74 107 20 4
107 172 20 5
172 101 20 3
101 0 20 0
21 2
0 160 21 3
160 0 21 0
22 14
0 88 22 4
88 157 22 4
157 145 22 4
145 8 22 4
8 62 22 4
62 194 22 3
194 147 22 5
147 170 22 5
170 117 22 4
117 105 22 5
105 118 22 4
118 175 22 3
175 115 22 5
115 0 22 0
23 9
0 143 23 5
143 39 23 5
39 91 23 4
91 162 23 4
162 185 23 4
185 32 23 4
32 120 23 5
120 169 23 5
169 0 23 0
24 9
0 143 24 3
143 54 24 3
54 197 24 4
197 199 24 4
199 57 24 3
57 164 24 4
164 142 24 4
142 156 24 4
156 0 24 0
25 3
0 45 25 5
45 6 25 5
6 0 25 0
26 5
0 56 26 5
56 200 26 3
200 161 26 3
161 179 26 3
179 0 26 0
27 4
0 178 27 4
178 37 27 4
37 34 27 5
34 0 27 0
28 11
0 49 28 4
49 50 28 3
50 86 28 5
86 83 28 4
83 68 28 5
68 63 28 3
63 96 28 3
96 42 28 4
42 75 28 4
75 70 28 3
70 0 28 0
29 3
0 10 29 5
10 161 29 4
161 0 29 0
