# Solution for ../instances-HHCRSP/InstanzCPLEX_HCSRP_50_8.txt
# Cost = 483.112 Dist = 1413.73 Tard = 26.5517 TMax = 9.05526
# <vehicle> <route length>
# <origin node> <dest node> <vehicle> <service type>
0 7
0 11 0 0
11 23 0 2
23 17 0 0
17 21 0 0
21 6 0 2
6 12 0 2
12 0 0 0
1 14
0 10 1 0
10 43 1 1
43 49 1 0
49 22 1 1
22 33 1 1
33 50 1 1
50 44 1 1
44 27 1 1
27 4 1 1
4 5 1 0
5 16 1 0
16 32 1 1
32 18 1 1
18 0 1 0
2 6
0 45 2 2
45 47 2 2
47 13 2 2
13 46 2 2
46 48 2 0
48 0 2 0
3 10
0 25 3 5
25 8 3 5
8 40 3 4
40 50 3 5
50 34 3 5
34 46 3 3
46 48 3 5
48 39 3 5
39 35 3 4
35 0 3 0
4 11
0 43 4 4
43 49 4 3
49 40 4 5
40 7 4 3
7 1 4 4
1 37 4 3
37 31 4 5
31 38 4 3
38 3 4 4
3 41 4 4
41 0 4 0
5 7
0 42 5 3
42 45 5 4
45 24 5 4
24 44 5 3
44 47 5 4
47 39 5 4
39 0 5 0
6 5
0 42 6 4
42 37 6 5
37 38 6 4
38 41 6 5
41 0 6 0
7 6
0 26 7 3
26 14 7 5
14 20 7 3
20 36 7 5
36 30 7 5
30 0 7 0
8 2
0 28 8 3
28 0 8 0
9 7
0 15 9 4
15 36 9 4
36 19 9 3
19 2 9 4
2 29 9 3
29 9 9 5
9 0 9 0
