# Solution for ../instances-HHCRSP/InstanzVNS_HCSRP_200_4.txt
# Cost = 1124.24 Dist = 3370.71 Tard = 1 TMax = 1
# <vehicle> <route length>
# <origin node> <dest node> <vehicle> <service type>
0 13
0 183 0 2
183 190 0 0
190 191 0 2
191 194 0 2
194 88 0 2
88 128 0 2
128 62 0 0
62 171 0 0
171 41 0 0
41 200 0 2
200 192 0 2
192 56 0 2
56 0 0 0
1 18
0 39 1 0
39 16 1 0
16 92 1 1
92 33 1 0
33 130 1 0
130 14 1 2
14 127 1 0
127 98 1 2
98 185 1 2
185 113 1 2
113 188 1 2
188 102 1 0
102 100 1 0
100 140 1 1
140 18 1 0
18 65 1 1
65 120 1 0
120 0 1 0
2 12
0 69 2 0
69 77 2 1
77 50 2 0
50 94 2 1
94 7 2 1
7 24 2 1
24 108 2 0
108 184 2 0
184 10 2 1
10 132 2 1
132 9 2 0
9 0 2 0
3 17
0 106 3 2
106 177 3 1
177 13 3 2
13 20 3 0
20 139 3 1
139 54 3 0
54 176 3 2
176 173 3 1
173 76 3 2
76 181 3 0
181 25 3 1
25 87 3 2
87 89 3 2
89 125 3 2
125 178 3 0
178 111 3 1
111 0 3 0
4 14
0 122 4 2
122 15 4 2
15 186 4 2
186 187 4 1
187 180 4 2
180 44 4 0
44 84 4 2
84 63 4 0
63 172 4 1
172 86 4 2
86 137 4 1
137 182 4 0
182 109 4 1
109 0 4 0
5 7
0 51 5 2
51 47 5 2
47 189 5 2
189 175 5 2
175 199 5 2
199 112 5 2
112 0 5 0
6 12
0 105 6 0
105 174 6 0
174 179 6 2
179 1 6 2
1 197 6 2
197 123 6 2
123 72 6 2
72 85 6 0
85 121 6 0
121 64 6 0
64 11 6 2
11 0 6 0
7 5
0 40 7 1
40 17 7 1
17 36 7 1
36 95 7 1
95 0 7 0
8 11
0 55 8 1
55 71 8 1
71 90 8 1
90 196 8 2
196 198 8 2
198 12 8 2
12 99 8 1
99 34 8 2
34 135 8 1
135 81 8 1
81 0 8 0
9 3
0 195 9 2
195 193 9 2
193 0 9 0
10 14
0 6 10 3
6 183 10 3
183 158 10 5
158 177 10 5
177 68 10 3
68 198 10 5
198 35 10 3
35 73 10 3
73 156 10 5
156 150 10 3
150 78 10 3
78 118 10 3
118 159 10 5
159 0 10 0
11 11
0 42 11 4
42 30 11 5
30 82 11 3
82 48 11 5
48 59 11 4
59 149 11 5
149 148 11 5
148 162 11 5
162 29 11 5
29 182 11 3
182 0 11 0
12 8
0 158 12 4
158 190 12 4
190 194 12 4
194 119 12 3
119 61 12 4
61 3 12 3
3 142 12 3
142 0 12 0
13 12
0 163 13 3
163 143 13 3
143 83 13 5
83 191 13 3
191 114 13 5
114 171 13 4
171 117 13 3
117 156 13 4
156 150 13 4
150 110 13 5
110 159 13 4
159 0 13 0
14 10
0 163 14 5
163 143 14 4
143 23 14 4
23 200 14 4
200 192 14 5
192 104 14 4
104 96 14 3
96 129 14 5
129 142 14 4
142 0 14 0
15 5
0 161 15 3
161 103 15 4
103 93 15 4
93 195 15 3
195 0 15 0
16 13
0 161 16 5
161 66 16 3
66 174 16 3
174 49 16 4
49 196 16 5
196 134 16 3
134 31 16 4
31 169 16 3
169 165 16 4
165 57 16 4
57 167 16 3
167 136 16 3
136 0 16 0
17 13
0 145 17 4
145 170 17 5
170 97 17 4
97 157 17 4
157 52 17 5
52 126 17 4
126 147 17 4
147 176 17 4
176 173 17 5
173 124 17 5
124 199 17 4
199 167 17 5
167 0 17 0
18 14
0 145 18 3
145 170 18 3
170 157 18 5
157 116 18 3
116 147 18 3
147 181 18 5
181 107 18 3
107 184 18 3
184 4 18 4
4 154 18 3
154 79 18 4
79 8 18 4
8 2 18 4
2 0 18 0
19 10
0 32 19 3
32 74 19 5
74 45 19 3
45 179 19 4
179 197 19 5
197 60 19 4
60 169 19 4
169 165 19 5
165 178 19 5
178 0 19 0
20 7
0 38 20 5
38 186 20 5
186 166 20 3
166 27 20 3
27 172 20 3
172 138 20 4
138 0 20 0
21 3
0 166 21 4
166 146 21 5
146 0 21 0
22 15
0 160 22 4
160 168 22 4
168 164 22 3
164 152 22 3
152 155 22 3
155 80 22 5
80 153 22 3
153 19 22 4
19 185 22 5
185 101 22 4
101 154 22 4
154 37 22 4
37 26 22 3
26 70 22 5
70 0 22 0
23 8
0 144 23 3
144 131 23 4
131 58 23 3
58 149 23 3
149 148 23 3
148 162 23 4
162 146 23 3
146 0 23 0
24 13
0 160 24 5
160 168 24 5
168 164 24 5
164 152 24 4
152 155 24 5
155 153 24 5
153 43 24 5
43 46 24 4
46 5 24 3
5 21 24 5
21 188 24 3
188 53 24 5
53 0 24 0
25 5
0 144 25 5
144 187 25 4
187 180 25 4
180 141 25 4
141 0 25 0
26 7
0 28 26 3
28 189 26 3
189 151 26 5
151 22 26 5
22 133 26 3
133 193 26 5
193 0 26 0
27 2
0 115 27 4
115 0 27 0
28 5
0 151 28 4
151 175 28 3
175 91 28 5
91 67 28 3
67 0 28 0
29 3
0 75 29 3
75 141 29 3
141 0 29 0
