# Solution for ../instances-HHCRSP/InstanzVNS_HCSRP_100_3.txt
# Cost = 822.837 Dist = 2439.68 Tard = 17.1253 TMax = 11.7099
# <vehicle> <route length>
# <origin node> <dest node> <vehicle> <service type>
0 10
0 20 0 1
20 26 0 1
26 90 0 1
90 62 0 1
62 4 0 1
4 34 0 0
34 41 0 1
41 93 0 1
93 3 0 0
3 0 0 0
1 12
0 96 1 0
96 22 1 0
22 33 1 0
33 59 1 0
59 6 1 0
6 94 1 0
94 86 1 0
86 87 1 0
87 17 1 0
17 60 1 0
60 5 1 0
5 0 1 0
2 12
0 50 2 2
50 9 2 1
9 98 2 2
98 40 2 1
40 47 2 2
47 45 2 2
45 43 2 2
43 67 2 1
67 31 2 2
31 54 2 1
54 99 2 2
99 0 2 0
3 6
0 23 3 1
23 88 3 1
88 92 3 1
92 65 3 1
65 21 3 1
21 0 3 0
4 6
0 61 4 2
61 91 4 2
91 69 4 2
69 29 4 2
29 64 4 2
64 0 4 0
5 11
0 35 5 2
35 63 5 1
63 2 5 2
2 100 5 1
100 1 5 2
1 10 5 1
10 89 5 1
89 95 5 0
95 38 5 0
38 97 5 2
97 0 5 0
6 2
0 68 6 0
68 0 6 0
7 10
0 71 7 3
71 74 7 3
74 7 7 3
7 84 7 3
84 57 7 3
57 82 7 3
82 52 7 3
52 87 7 3
87 11 7 3
11 0 7 0
8 9
0 98 8 4
98 8 8 4
8 84 8 4
84 75 8 4
75 85 8 3
85 76 8 5
76 14 8 4
14 72 8 5
72 0 8 0
9 7
0 16 9 4
16 88 9 5
88 73 9 4
73 46 9 4
46 48 9 5
48 77 9 3
77 0 9 0
10 7
0 27 10 5
27 28 10 5
28 100 10 3
100 95 10 5
95 81 10 5
81 39 10 3
39 0 10 0
11 6
0 42 11 5
42 83 11 5
83 91 11 5
91 79 11 5
79 30 11 5
30 0 11 0
12 9
0 71 12 4
71 74 12 4
74 44 12 4
44 55 12 3
55 82 12 5
82 51 12 3
51 66 12 3
66 78 12 4
78 0 12 0
13 8
0 96 13 5
96 70 13 5
70 80 13 3
80 32 13 5
32 75 13 5
75 85 13 5
85 78 13 5
78 0 13 0
14 7
0 83 14 4
83 92 14 4
92 79 14 3
79 73 14 5
73 97 14 4
97 53 14 3
53 0 14 0
15 11
0 15 15 3
15 36 15 3
36 90 15 3
90 18 15 3
18 13 15 5
13 19 15 4
19 94 15 5
94 12 15 4
12 86 15 5
86 99 15 5
99 0 15 0
16 4
0 56 16 4
56 58 16 4
58 25 16 4
25 0 16 0
17 2
0 37 17 3
37 0 17 0
18 6
0 49 18 4
49 24 18 5
24 89 18 3
89 81 18 4
81 77 18 4
77 0 18 0
19 5
0 80 19 4
80 93 19 4
93 76 19 4
76 72 19 4
72 0 19 0
