# Solution for ../instances-HHCRSP/InstanzCPLEX_HCSRP_50_8.txt
# Cost = 479.915 Dist = 1403.59 Tard = 27.0958 TMax = 9.05526
# <vehicle> <route length>
# <origin node> <dest node> <vehicle> <service type>
0 7
0 10 0 0
10 45 0 2
45 13 0 2
13 47 0 2
47 48 0 0
48 46 0 2
46 0 0 0
1 13
0 43 1 1
43 49 1 0
49 22 1 1
22 33 1 1
33 50 1 1
50 44 1 1
44 27 1 1
27 4 1 1
4 5 1 0
5 16 1 0
16 32 1 1
32 18 1 1
18 0 1 0
2 7
0 11 2 0
11 23 2 2
23 17 2 0
17 21 2 0
21 6 2 2
6 12 2 2
12 0 2 0
3 11
0 43 3 4
43 40 3 4
40 49 3 3
49 7 3 3
7 1 3 4
1 37 3 5
37 31 3 5
31 38 3 4
38 3 3 4
3 41 3 4
41 0 3 0
4 6
0 15 4 4
15 2 4 4
2 19 4 3
19 29 4 3
29 9 4 5
9 0 4 0
5 3
0 26 5 3
26 36 5 4
36 0 5 0
6 9
0 40 6 5
40 8 6 5
8 50 6 5
50 34 6 5
34 47 6 4
47 48 6 5
48 39 6 4
39 35 6 4
35 0 6 0
7 7
0 14 7 5
14 20 7 3
20 36 7 5
36 30 7 5
30 28 7 3
28 41 7 5
41 0 7 0
8 4
0 42 8 3
42 37 8 3
37 38 8 3
38 0 8 0
9 8
0 42 9 4
42 45 9 4
45 25 9 5
25 44 9 3
44 24 9 4
24 39 9 5
39 46 9 3
46 0 9 0
