# Solution for ../instances-HHCRSP/InstanzVNS_HCSRP_300_10.txt
# Cost = 1918.13 Dist = 5734.46 Tard = 14.5859 TMax = 5.36185
# <vehicle> <route length>
# <origin node> <dest node> <vehicle> <service type>
0 17
0 256 0 0
256 273 0 0
273 125 0 1
125 4 0 0
4 138 0 0
138 298 0 0
298 165 0 0
165 139 0 1
139 161 0 0
161 282 0 0
282 19 0 1
19 173 0 1
173 177 0 0
177 297 0 1
297 278 0 1
278 285 0 1
285 0 0 0
1 11
0 57 1 2
57 171 1 2
171 144 1 2
144 126 1 2
126 61 1 2
61 27 1 2
27 107 1 2
107 137 1 2
137 179 1 2
179 164 1 2
164 0 1 0
2 13
0 102 2 2
102 292 2 2
292 63 2 2
63 271 2 2
271 108 2 2
108 255 2 2
255 143 2 2
143 133 2 2
133 157 2 2
157 288 2 2
288 30 2 2
30 59 2 2
59 0 2 0
3 8
0 267 3 1
267 7 3 1
7 11 3 1
11 158 3 1
158 64 3 1
64 295 3 1
295 77 3 1
77 0 3 0
4 9
0 159 4 2
159 253 4 2
253 80 4 2
80 124 4 2
124 197 4 2
197 300 4 2
300 29 4 2
29 28 4 2
28 0 4 0
5 7
0 163 5 0
163 113 5 0
113 284 5 0
284 66 5 0
66 14 5 0
14 286 5 0
286 0 5 0
6 2
0 142 6 2
142 0 6 0
7 13
0 254 7 2
254 103 7 1
103 22 7 1
22 170 7 1
170 266 7 1
266 277 7 1
277 182 7 1
182 294 7 1
294 162 7 1
162 187 7 1
187 166 7 2
166 42 7 1
42 0 7 0
8 17
0 104 8 0
104 33 8 0
33 264 8 1
264 198 8 0
198 26 8 1
26 174 8 0
174 105 8 1
105 16 8 0
16 118 8 0
118 62 8 0
62 263 8 1
263 36 8 1
36 91 8 1
91 153 8 0
153 95 8 0
95 48 8 0
48 0 8 0
9 7
0 70 9 2
70 259 9 2
259 24 9 2
24 32 9 2
32 31 9 2
31 280 9 2
280 0 9 0
10 7
0 141 10 1
141 268 10 1
268 35 10 1
35 262 10 1
262 111 10 1
111 186 10 1
186 0 10 0
11 14
0 257 11 0
257 287 11 0
287 176 11 0
176 276 11 0
276 83 11 0
83 84 11 0
84 265 11 0
265 279 11 0
279 151 11 0
151 99 11 0
99 281 11 0
281 60 11 0
60 47 11 0
47 0 11 0
12 12
0 89 12 0
89 2 12 0
2 154 12 1
154 90 12 1
90 258 12 1
258 260 12 1
260 252 12 0
252 261 12 1
261 44 12 0
44 270 12 0
270 251 12 0
251 0 12 0
13 11
0 148 13 0
148 58 13 0
58 274 13 1
274 291 13 0
291 190 13 0
190 40 13 1
40 156 13 0
156 122 13 0
122 283 13 0
283 196 13 0
196 0 13 0
14 11
0 290 14 0
290 296 14 2
296 34 14 2
34 147 14 0
147 289 14 0
289 191 14 2
191 269 14 2
269 43 14 2
43 152 14 0
152 272 14 2
272 0 14 0
15 9
0 50 15 1
50 94 15 1
94 18 15 1
18 293 15 2
293 129 15 2
129 275 15 1
275 299 15 2
299 132 15 1
132 0 15 0
16 1
0 0 16 0
17 1
0 0 17 0
18 18
0 230 18 3
230 256 18 3
256 273 18 5
273 246 18 3
246 131 18 4
131 93 18 3
93 243 18 4
243 69 18 5
69 277 18 4
277 235 18 3
235 214 18 4
214 294 18 5
294 248 18 4
248 75 18 5
75 112 18 4
112 21 18 5
21 10 18 4
10 0 18 0
19 18
0 230 19 5
230 267 19 5
267 290 19 5
290 3 19 3
3 296 19 3
296 145 19 4
145 178 19 3
178 6 19 4
6 23 19 3
23 193 19 3
193 269 19 4
269 245 19 3
245 222 19 4
222 116 19 4
116 208 19 4
208 1 19 3
1 272 19 5
272 0 19 0
20 12
0 45 20 4
45 216 20 3
216 253 20 3
253 76 20 3
76 97 20 3
97 217 20 3
217 17 20 4
17 209 20 4
209 226 20 4
226 237 20 3
237 244 20 4
244 0 20 0
21 9
0 216 21 5
216 37 21 4
37 130 21 3
130 298 21 4
298 51 21 5
51 282 21 5
282 160 21 3
160 200 21 4
200 0 21 0
22 19
0 240 22 4
240 227 22 3
227 228 22 3
228 221 22 3
221 211 22 3
211 246 22 5
246 52 22 5
52 119 22 4
119 38 22 4
38 279 22 4
279 252 22 5
252 220 22 3
220 238 22 3
238 81 22 3
81 201 22 3
201 184 22 5
184 74 22 5
74 231 22 3
231 0 22 0
23 14
0 101 23 3
101 204 23 4
204 53 23 3
53 189 23 3
189 188 23 3
188 5 23 4
5 293 23 3
293 71 23 4
71 213 23 3
213 225 23 3
225 224 23 3
224 205 23 3
205 286 23 4
286 0 23 0
24 7
0 257 24 3
257 241 24 3
241 15 24 3
15 234 24 3
234 207 24 3
207 233 24 3
233 0 24 0
25 16
0 240 25 5
240 227 25 5
227 228 25 5
228 221 25 4
221 211 25 5
211 181 25 4
181 247 25 3
247 236 25 4
236 203 25 3
203 242 25 3
242 232 25 4
232 120 25 4
120 96 25 3
96 114 25 4
114 121 25 4
121 0 25 0
26 13
0 204 26 5
204 100 26 5
100 183 26 3
183 106 26 3
106 117 26 3
117 300 26 3
300 110 26 5
110 213 26 4
213 225 26 5
225 41 26 5
41 25 26 5
25 284 26 4
284 0 26 0
27 2
0 218 27 3
218 0 27 0
28 17
0 287 28 5
287 134 28 4
134 12 28 5
12 276 28 5
276 223 28 4
223 127 28 5
127 202 28 4
202 219 28 4
219 215 28 4
215 250 28 5
250 229 28 5
229 212 28 5
212 275 28 5
275 168 28 5
168 239 28 4
239 206 28 5
206 0 28 0
29 17
0 192 29 5
192 264 29 3
264 140 29 3
140 247 29 5
247 236 29 5
236 203 29 4
203 242 29 5
242 232 29 5
232 288 29 5
288 263 29 4
263 56 29 5
56 201 29 4
201 210 29 3
210 270 29 3
270 67 29 4
67 231 29 4
231 0 29 0
30 14
0 49 30 5
49 223 30 5
223 195 30 3
195 202 30 3
202 219 30 3
219 215 30 5
215 265 30 3
265 250 30 3
250 229 30 3
229 212 30 3
212 281 30 5
281 239 30 5
239 206 30 3
206 0 30 0
31 9
0 218 31 4
218 194 31 4
194 73 31 4
73 87 31 5
87 169 31 5
169 46 31 5
46 55 31 5
55 146 31 4
146 0 31 0
32 18
0 149 32 4
149 180 32 3
180 39 32 3
39 155 32 5
155 185 32 4
185 88 32 5
88 9 32 3
9 8 32 4
8 167 32 3
167 235 32 5
235 214 32 5
214 248 32 5
248 109 32 5
109 297 32 4
297 278 32 5
278 285 32 5
285 13 32 3
13 0 32 0
33 12
0 241 33 4
241 292 33 4
292 271 33 5
271 86 33 5
86 258 33 3
258 260 33 4
260 79 33 5
79 220 33 5
220 238 33 4
238 72 33 4
72 299 33 4
299 0 33 0
34 12
0 254 34 5
254 115 34 3
115 259 34 5
259 68 34 5
68 255 34 5
255 234 34 4
234 135 34 3
135 261 34 3
261 280 34 3
280 210 34 5
210 251 34 4
251 0 34 0
35 14
0 78 35 3
78 175 35 5
175 123 35 3
123 150 35 5
150 266 35 5
266 243 35 5
243 289 35 3
289 136 35 5
136 295 35 5
295 245 35 4
245 222 35 5
222 208 35 5
208 199 35 5
199 0 35 0
36 10
0 85 36 4
85 20 36 4
20 207 36 4
207 98 36 4
98 65 36 4
65 128 36 4
128 82 36 4
82 233 36 5
233 283 36 5
283 0 36 0
37 9
0 249 37 3
249 217 37 4
217 274 37 5
274 268 37 3
268 262 37 3
262 92 37 5
92 224 37 4
224 205 37 4
205 0 37 0
38 4
0 249 38 5
249 291 38 4
291 54 38 5
54 0 38 0
39 6
0 209 39 5
209 172 39 5
172 226 39 5
226 237 39 5
237 244 39 5
244 0 39 0
