# Solution for ../instances-HHCRSP/InstanzCPLEX_HCSRP_75_6.txt
# Cost = 742.026 Dist = 2211.59 Tard = 10.8013 TMax = 3.68169
# <vehicle> <route length>
# <origin node> <dest node> <vehicle> <service type>
0 14
0 67 0 1
67 65 0 1
65 4 0 0
4 13 0 0
13 74 0 0
74 33 0 0
33 19 0 1
19 40 0 2
40 15 0 1
15 23 0 1
23 24 0 1
24 73 0 1
73 1 0 1
1 0 0 0
1 8
0 25 1 2
25 66 1 2
66 51 1 2
51 20 1 2
20 3 1 2
3 47 1 2
47 12 1 2
12 0 1 0
2 6
0 16 2 0
16 41 2 0
41 44 2 0
44 68 2 2
68 70 2 0
70 0 2 0
3 3
0 22 3 2
22 30 3 2
30 0 3 0
4 13
0 5 4 1
5 43 4 1
43 36 4 1
36 18 4 0
18 2 4 0
2 31 4 2
31 64 4 1
64 26 4 0
26 72 4 2
72 71 4 0
71 69 4 2
69 75 4 1
75 0 4 0
5 7
0 67 5 3
67 65 5 5
65 52 5 3
52 55 5 3
55 28 5 5
28 58 5 3
58 0 5 0
6 11
0 27 6 4
27 60 6 4
60 11 6 4
11 17 6 5
17 74 6 3
74 53 6 3
53 61 6 4
61 73 6 4
73 38 6 5
38 29 6 3
29 0 6 0
7 7
0 60 7 5
60 48 7 4
48 46 7 4
46 53 7 4
53 61 7 5
61 58 7 5
58 0 7 0
8 7
0 45 8 5
45 54 8 4
54 6 8 5
6 32 8 4
32 64 8 3
64 10 8 5
10 0 8 0
9 7
0 56 9 4
56 50 9 3
50 63 9 4
63 59 9 4
59 57 9 3
57 70 9 5
70 0 9 0
10 11
0 66 10 3
66 62 10 4
62 8 10 4
8 55 10 4
55 9 10 4
9 21 10 3
21 72 10 4
72 71 10 4
71 69 10 4
69 14 10 3
14 0 10 0
11 3
0 49 11 4
49 37 11 4
37 0 11 0
12 3
0 56 12 5
56 75 12 4
75 0 12 0
13 6
0 54 13 5
54 39 13 5
39 63 13 5
63 59 13 5
59 68 13 5
68 0 13 0
14 7
0 35 14 5
35 62 14 5
62 7 14 5
7 34 14 5
34 57 14 5
57 42 14 4
42 0 14 0
