# Solution for ../instances-HHCRSP/InstanzVNS_HCSRP_300_4.txt
# Cost = 1570.21 Dist = 4677.15 Tard = 25.1471 TMax = 8.33237
# <vehicle> <route length>
# <origin node> <dest node> <vehicle> <service type>
0 9
0 259 0 1
259 55 0 1
55 139 0 1
139 191 0 1
191 262 0 0
262 142 0 1
142 99 0 1
99 111 0 1
111 0 0 0
1 13
0 285 1 0
285 69 1 0
69 186 1 0
186 39 1 0
39 263 1 0
263 50 1 0
50 280 1 0
280 162 1 0
162 44 1 0
44 18 1 0
18 296 1 0
296 100 1 0
100 0 1 0
2 11
0 7 2 1
7 130 2 0
130 173 2 1
173 54 2 0
54 253 2 1
253 295 2 0
295 181 2 0
181 81 2 1
81 274 2 1
274 193 2 1
193 0 2 0
3 19
0 122 3 2
122 33 3 0
33 16 3 0
16 149 3 0
149 284 3 2
284 77 3 1
77 98 3 2
98 127 3 0
127 185 3 2
185 63 3 0
63 148 3 2
148 137 3 1
137 255 3 2
255 102 3 0
102 286 3 1
286 10 3 1
10 109 3 1
109 120 3 0
120 0 3 0
4 14
0 261 4 2
261 251 4 2
251 183 4 2
183 279 4 0
279 277 4 2
277 290 4 0
290 87 4 2
87 288 4 0
288 258 4 2
258 34 4 2
34 165 4 0
165 294 4 0
294 292 4 0
292 0 4 0
5 15
0 106 5 2
106 287 5 2
287 278 5 1
278 264 5 2
264 158 5 2
158 271 5 2
271 254 5 1
254 12 5 2
12 25 5 1
25 176 5 2
176 135 5 1
135 76 5 2
76 184 5 2
184 282 5 2
282 0 5 0
6 14
0 270 6 1
270 163 6 1
163 71 6 1
71 13 6 2
13 20 6 0
20 125 6 2
125 72 6 2
72 269 6 1
269 89 6 2
89 178 6 0
178 291 6 0
291 265 6 0
265 36 6 1
36 0 6 0
7 4
0 275 7 2
275 113 7 2
113 152 7 2
152 0 7 0
8 12
0 15 8 2
15 92 8 1
92 144 8 2
144 84 8 2
84 166 8 2
166 14 8 2
14 132 8 1
132 146 8 1
146 140 8 1
140 252 8 1
252 86 8 2
86 0 8 0
9 3
0 283 9 2
283 112 9 2
112 0 9 0
10 11
0 160 10 1
160 47 10 2
47 168 10 1
168 51 10 2
51 94 10 1
94 257 10 2
257 155 10 1
155 268 10 1
268 24 10 1
24 65 10 1
65 0 10 0
11 5
0 170 11 0
170 108 11 0
108 298 11 0
298 9 11 0
9 0 11 0
12 9
0 273 12 2
273 300 12 0
300 266 12 0
266 105 12 0
105 123 12 2
123 121 12 0
121 56 12 2
56 85 12 0
85 0 12 0
13 19
0 90 13 1
90 289 13 2
289 174 13 1
174 197 13 2
197 88 13 2
88 1 13 2
1 128 13 2
128 260 13 0
260 281 13 2
281 297 13 2
297 62 13 0
62 41 13 0
41 192 13 1
192 256 13 1
256 299 13 2
299 64 13 0
64 276 13 1
276 11 13 2
11 0 13 0
14 3
0 293 14 0
293 157 14 0
157 0 14 0
15 2
0 195 15 2
195 0 15 0
16 7
0 40 16 1
40 267 16 1
267 272 16 1
272 167 16 1
167 17 16 1
17 95 16 1
95 0 16 0
17 1
0 0 17 0
18 13
0 27 18 3
27 131 18 4
131 245 18 3
245 201 18 4
201 241 18 3
241 232 18 4
232 101 18 4
101 80 18 5
80 234 18 4
234 233 18 4
233 172 18 3
172 141 18 4
141 0 18 0
19 13
0 203 19 4
203 226 19 5
226 261 19 4
261 31 19 4
31 196 19 5
196 177 19 4
177 209 19 4
209 147 19 5
147 211 19 4
211 229 19 4
229 221 19 4
221 292 19 4
292 0 19 0
20 16
0 203 20 5
203 226 20 3
226 32 20 3
32 259 20 5
259 212 20 3
212 239 20 3
239 243 20 3
243 260 20 4
260 237 20 4
237 235 20 4
235 223 20 3
223 240 20 3
240 3 20 3
3 225 20 3
225 276 20 3
276 0 20 0
21 15
0 38 21 5
38 59 21 4
59 30 21 5
30 48 21 5
48 284 21 5
284 43 21 5
43 188 21 4
188 153 21 4
153 205 21 4
205 19 21 4
19 29 21 5
29 224 21 5
224 255 21 5
255 252 21 4
252 0 21 0
22 9
0 28 22 3
28 134 22 3
134 279 22 3
279 209 22 3
209 211 22 5
211 288 22 3
288 294 22 4
294 57 22 4
57 0 22 0
23 17
0 285 23 3
285 231 23 4
231 202 23 4
202 204 23 3
204 246 23 4
246 245 23 5
245 201 23 5
201 241 23 4
241 232 23 5
232 187 23 3
187 205 23 5
205 280 23 5
280 5 23 3
5 224 23 3
224 286 23 3
286 182 23 3
182 0 23 0
24 17
0 206 24 3
206 270 24 5
270 230 24 3
230 66 24 3
66 74 24 5
74 238 24 3
238 262 24 5
262 60 24 4
60 83 24 5
83 171 24 4
171 73 24 3
73 220 24 3
220 249 24 3
249 218 24 4
218 222 24 4
222 291 24 5
291 0 24 0
25 13
0 206 25 5
206 230 25 5
230 289 25 3
289 49 25 4
49 238 25 5
238 214 25 3
214 117 25 3
117 169 25 5
169 220 25 5
220 249 25 5
249 218 25 5
218 222 25 5
222 0 25 0
26 17
0 228 26 3
228 244 26 3
244 251 26 5
251 23 26 4
23 212 26 4
212 239 26 5
239 243 26 4
243 281 26 5
281 297 26 5
297 237 26 5
237 235 26 5
235 223 26 5
223 240 26 5
240 256 26 5
256 208 26 4
208 236 26 3
236 0 26 0
27 15
0 228 27 5
228 244 27 4
244 194 27 4
194 190 27 3
190 198 27 4
198 114 27 5
114 119 27 3
119 277 27 5
277 290 27 5
290 35 27 3
35 150 27 4
150 258 27 3
258 118 27 3
118 225 27 5
225 0 27 0
28 13
0 231 28 5
231 202 28 5
202 204 28 5
204 246 28 5
246 263 28 5
263 257 28 3
257 180 28 3
180 207 28 3
207 138 28 4
138 296 28 4
296 8 28 4
8 154 28 3
154 0 28 0
29 17
0 103 29 4
103 287 29 3
287 278 29 3
278 213 29 3
213 264 29 4
264 271 29 3
271 254 29 5
254 216 29 4
216 68 29 3
68 214 29 4
214 61 29 4
61 96 29 3
96 104 29 4
104 299 29 3
299 208 29 5
208 236 29 4
236 0 29 0
30 10
0 52 30 5
52 42 30 4
42 82 30 3
82 275 30 5
275 58 30 3
58 46 30 4
46 21 30 5
21 53 30 5
53 207 30 5
207 0 30 0
31 12
0 248 31 4
248 213 31 5
213 210 31 3
210 227 31 4
227 216 31 5
216 219 31 4
219 217 31 3
217 250 31 4
250 199 31 5
199 70 31 5
70 124 31 5
124 0 31 0
32 10
0 248 32 5
248 116 32 3
116 6 32 3
6 210 32 5
210 227 32 3
227 219 32 5
219 217 32 5
217 250 32 3
250 136 32 3
136 0 32 0
33 11
0 215 33 3
215 161 33 5
161 242 33 3
242 267 33 3
267 253 33 3
253 295 33 5
295 93 33 4
93 91 33 5
91 26 33 3
26 200 33 4
200 0 33 0
34 7
0 283 34 5
283 293 34 5
293 75 34 3
75 234 34 3
234 233 34 5
233 274 34 5
274 0 34 0
35 7
0 215 35 4
215 242 35 4
242 107 35 3
107 272 35 4
272 229 35 5
229 221 35 5
221 0 35 0
36 13
0 97 36 4
97 164 36 3
164 126 36 4
126 175 36 4
175 298 36 3
298 189 36 5
189 133 36 3
133 268 36 5
268 79 36 4
79 37 36 4
37 67 36 3
67 282 36 3
282 0 36 0
37 15
0 145 37 4
145 273 37 4
273 300 37 3
300 266 37 5
266 179 37 3
179 45 37 3
45 143 37 5
143 156 37 3
156 269 37 4
269 129 37 5
129 78 37 3
78 110 37 5
110 159 37 3
159 265 37 4
265 0 37 0
38 7
0 247 38 3
247 151 38 5
151 115 38 4
115 4 38 4
4 22 38 5
22 2 38 4
2 0 38 0
39 2
0 247 39 4
247 0 39 0
