# Solution for ../instances-HHCRSP/InstanzVNS_HCSRP_100_5.txt
# Cost = 819.149 Dist = 2446.34 Tard = 8.02287 TMax = 3.08801
# <vehicle> <route length>
# <origin node> <dest node> <vehicle> <service type>
0 17
0 93 0 0
93 14 0 0
14 99 0 0
99 46 0 2
46 17 0 0
17 91 0 0
91 9 0 2
9 87 0 0
87 100 0 2
100 39 0 1
39 25 0 1
25 31 0 1
31 97 0 0
97 92 0 1
92 27 0 2
27 4 0 2
4 0 0 0
1 7
0 15 1 2
15 3 1 2
3 36 1 2
36 64 1 2
64 69 1 2
69 89 1 2
89 0 1 0
2 1
0 0 2 0
3 11
0 21 3 0
21 23 3 0
23 34 3 1
34 18 3 1
18 51 3 1
51 86 3 0
86 35 3 1
35 88 3 0
88 5 3 0
5 33 3 1
33 0 3 0
4 8
0 98 4 1
98 94 4 2
94 95 4 1
95 13 4 1
13 96 4 1
96 40 4 1
40 24 4 2
24 0 4 0
5 8
0 70 5 0
70 56 5 0
56 41 5 0
41 43 5 0
43 32 5 2
32 90 5 0
90 30 5 2
30 0 5 0
6 1
0 0 6 0
7 10
0 45 7 3
45 77 7 3
77 78 7 5
78 80 7 5
80 10 7 3
10 100 7 5
100 72 7 3
72 67 7 3
67 92 7 5
92 0 7 0
8 13
0 93 8 4
93 77 8 5
77 78 8 4
78 80 8 4
80 87 8 4
87 7 8 4
7 83 8 4
83 48 8 4
48 61 8 5
61 26 8 4
26 97 8 5
97 89 8 5
89 0 8 0
9 4
0 81 9 4
81 90 9 5
90 57 9 5
57 0 9 0
10 9
0 50 10 3
50 28 10 3
28 16 10 4
16 60 10 5
60 49 10 5
49 94 10 3
94 76 10 3
76 95 10 4
95 0 10 0
11 8
0 81 11 5
81 20 11 3
20 8 11 5
8 19 11 5
19 76 11 4
76 37 11 4
37 82 11 4
82 0 11 0
12 12
0 54 12 5
54 42 12 5
42 99 12 4
99 11 12 5
11 91 12 5
91 2 12 4
2 66 12 3
66 47 12 4
47 72 12 5
72 53 12 4
53 85 12 5
85 0 12 0
13 6
0 98 13 4
98 71 13 3
71 74 13 3
74 12 13 3
12 85 13 3
85 0 13 0
14 4
0 71 14 4
71 55 14 5
55 74 14 4
74 0 14 0
15 5
0 84 15 3
84 79 15 3
79 75 15 3
75 73 15 3
73 0 15 0
16 4
0 84 16 4
84 79 16 4
79 75 16 4
75 0 16 0
17 14
0 38 17 3
38 6 17 5
6 52 17 5
52 59 17 3
59 29 17 3
29 22 17 5
22 63 17 3
63 68 17 5
68 83 17 5
83 62 17 3
62 86 17 4
86 88 17 3
88 82 17 5
82 0 17 0
18 6
0 58 18 4
58 1 18 5
1 65 18 4
65 96 18 5
96 44 18 3
44 0 18 0
19 2
0 73 19 4
73 0 19 0
