# Solution for ../instances-HHCRSP/InstanzVNS_HCSRP_100_5.txt
# Cost = 794.649 Dist = 2380.03 Tard = 2.44581 TMax = 1.47215
# <vehicle> <route length>
# <origin node> <dest node> <vehicle> <service type>
0 16
0 93 0 0
93 14 0 0
14 99 0 0
99 17 0 0
17 91 0 0
91 9 0 2
9 87 0 0
87 31 0 1
31 39 0 1
39 25 0 1
25 33 0 1
33 5 0 0
5 97 0 0
97 92 0 1
92 4 0 2
4 0 0 0
1 6
0 15 1 2
15 3 1 2
3 36 1 2
36 64 1 2
64 24 1 2
24 0 1 0
2 6
0 46 2 2
46 100 2 2
100 27 2 2
27 69 2 2
69 89 2 2
89 0 2 0
3 10
0 21 3 0
21 23 3 0
23 34 3 1
34 18 3 1
18 51 3 1
51 86 3 0
86 88 3 0
88 35 3 1
35 95 3 1
95 0 3 0
4 5
0 98 4 1
98 13 4 1
13 96 4 1
96 40 4 1
40 0 4 0
5 9
0 70 5 0
70 94 5 2
94 56 5 0
56 41 5 0
41 43 5 0
43 32 5 2
32 90 5 0
90 30 5 2
30 0 5 0
6 1
0 0 6 0
7 6
0 84 7 3
84 79 7 3
79 75 7 3
75 96 7 5
96 44 7 3
44 0 7 0
8 12
0 16 8 4
16 93 8 4
93 77 8 5
77 99 8 4
99 11 8 5
11 91 8 5
91 2 8 4
2 47 8 4
47 83 8 4
83 7 8 4
7 85 8 5
85 0 8 0
9 6
0 84 9 4
84 79 9 4
79 65 9 4
65 1 9 5
1 75 9 4
75 0 9 0
10 17
0 38 10 3
38 45 10 3
45 77 10 3
77 78 10 4
78 80 10 4
80 72 10 3
72 66 10 3
66 63 10 3
63 68 10 5
68 48 10 4
48 83 10 5
83 61 10 5
61 89 10 5
89 97 10 5
97 26 10 4
26 92 10 5
92 0 10 0
11 12
0 54 11 5
54 42 11 5
42 78 11 5
78 80 11 5
80 72 11 5
72 67 11 3
67 87 11 4
87 100 11 5
100 10 11 3
10 53 11 4
53 85 11 3
85 0 11 0
12 10
0 81 12 4
81 20 12 3
20 8 12 5
8 19 12 5
19 94 12 3
94 82 12 4
82 76 12 3
76 37 12 4
37 88 12 3
88 0 12 0
13 3
0 58 13 4
58 73 13 3
73 0 13 0
14 4
0 81 14 5
81 90 14 5
90 57 14 5
57 0 14 0
15 1
0 0 15 0
16 5
0 98 16 4
98 50 16 3
50 74 16 3
74 71 16 3
71 0 16 0
17 14
0 49 17 5
49 28 17 3
28 60 17 5
60 6 17 5
6 59 17 3
59 52 17 5
52 22 17 5
22 62 17 3
62 29 17 3
29 86 17 4
86 82 17 5
82 76 17 4
76 95 17 4
95 0 17 0
18 5
0 55 18 5
55 12 18 3
12 74 18 4
74 71 18 4
71 0 18 0
19 2
0 73 19 4
73 0 19 0
