# Solution for ../instances-HHCRSP/InstanzVNS_HCSRP_100_9.txt
# Cost = 936.078 Dist = 2802.29 Tard = 3.43134 TMax = 2.5113
# <vehicle> <route length>
# <origin node> <dest node> <vehicle> <service type>
0 14
0 47 0 2
47 35 0 2
35 36 0 2
36 11 0 2
11 100 0 1
100 88 0 2
88 8 0 0
8 86 0 2
86 18 0 2
18 92 0 0
92 21 0 1
21 45 0 2
45 57 0 2
57 0 0 0
1 4
0 91 1 1
91 10 1 1
10 93 1 1
93 0 1 0
2 3
0 99 2 0
99 32 2 0
32 0 2 0
3 5
0 89 3 0
89 33 3 0
33 87 3 0
87 20 3 0
20 0 3 0
4 9
0 42 4 2
42 64 4 2
64 23 4 2
23 59 4 2
59 43 4 0
43 60 4 2
60 53 4 0
53 44 4 2
44 0 4 0
5 11
0 97 5 2
97 54 5 1
54 98 5 2
98 16 5 2
16 96 5 2
96 58 5 2
58 30 5 1
30 69 5 0
69 28 5 2
28 94 5 0
94 0 5 0
6 13
0 9 6 1
9 50 6 1
50 27 6 0
27 4 6 1
4 95 6 1
95 56 6 0
56 1 6 1
1 90 6 0
90 26 6 0
26 61 6 0
61 55 6 0
55 31 6 0
31 0 6 0
7 15
0 81 7 5
81 79 7 3
79 67 7 5
67 75 7 3
75 83 7 3
83 100 7 3
100 77 7 5
77 62 7 3
62 88 7 5
88 15 7 5
15 78 7 3
78 74 7 5
74 29 7 3
29 40 7 5
40 0 7 0
8 12
0 81 8 4
81 79 8 4
79 22 8 4
22 75 8 4
75 68 8 4
68 84 8 4
84 19 8 5
19 72 8 4
72 86 8 5
86 24 8 4
24 92 8 4
92 0 8 0
9 10
0 73 9 3
73 71 9 3
71 98 9 3
98 91 9 3
91 39 9 3
39 85 9 3
85 90 9 5
90 38 9 3
38 80 9 5
80 0 9 0
10 6
0 73 10 5
73 49 10 5
49 85 10 4
85 3 10 4
3 14 10 4
14 0 10 0
11 1
0 0 11 0
12 9
0 82 12 4
82 2 12 4
2 5 12 5
5 76 12 5
76 48 12 5
48 13 12 4
13 65 12 5
65 94 12 5
94 0 12 0
13 4
0 82 13 5
82 71 13 5
71 7 13 5
7 0 13 0
14 13
0 52 14 4
52 89 14 4
89 63 14 4
63 6 14 3
6 83 14 4
83 95 14 5
95 12 14 4
12 77 14 4
77 70 14 5
70 72 14 3
72 78 14 4
78 74 14 4
74 0 14 0
15 11
0 97 15 4
97 34 15 4
34 66 15 3
66 87 15 3
87 17 15 5
17 76 15 3
76 84 15 5
84 37 15 5
37 80 15 4
80 51 15 4
51 0 15 0
16 3
0 99 16 4
99 25 16 5
25 0 16 0
17 1
0 0 17 0
18 5
0 46 18 5
46 96 18 5
96 41 18 4
41 93 18 4
93 0 18 0
19 1
0 0 19 0
