# Solution for ../instances-HHCRSP/InstanzVNS_HCSRP_100_7.txt
# Cost = 731.683 Dist = 2190.56 Tard = 2.24621 TMax = 2.24621
# <vehicle> <route length>
# <origin node> <dest node> <vehicle> <service type>
0 10
0 18 0 0
18 100 0 1
100 99 0 2
99 53 0 0
53 25 0 2
25 45 0 1
45 67 0 2
67 9 0 0
9 86 0 1
86 0 0 0
1 14
0 24 1 1
24 11 1 0
11 90 1 0
90 38 1 0
38 40 1 2
40 51 1 0
51 91 1 0
91 68 1 1
68 26 1 2
26 96 1 0
96 94 1 1
94 46 1 1
46 57 1 0
57 0 1 0
2 8
0 98 2 1
98 10 2 0
10 13 2 0
13 39 2 0
39 15 2 1
15 33 2 1
33 12 2 0
12 0 2 0
3 5
0 89 3 2
89 54 3 2
54 36 3 2
36 22 3 2
22 0 3 0
4 8
0 65 4 2
65 95 4 2
95 64 4 1
64 2 4 2
2 42 4 2
42 88 4 2
88 14 4 1
14 0 4 0
5 2
0 92 5 2
92 0 5 0
6 8
0 50 6 0
50 97 6 2
97 93 6 0
93 59 6 0
59 29 6 0
29 87 6 2
87 63 6 0
63 0 6 0
7 8
0 100 7 4
100 99 7 3
99 43 7 3
43 73 7 5
73 5 7 4
5 66 7 3
66 83 7 5
83 0 7 0
8 13
0 3 8 3
3 21 8 4
21 31 8 3
31 95 8 3
95 70 8 5
70 91 8 4
91 80 8 4
80 16 8 4
16 85 8 4
85 87 8 5
87 61 8 4
61 76 8 3
76 0 8 0
9 11
0 72 9 3
72 34 9 3
34 82 9 3
82 20 9 3
20 56 9 4
56 35 9 3
35 49 9 4
49 4 9 4
4 19 9 3
19 74 9 4
74 0 9 0
10 9
0 72 10 4
72 82 10 4
82 97 10 5
97 28 10 4
28 93 10 3
93 6 10 4
6 37 10 4
37 86 10 3
86 0 10 0
11 5
0 23 11 3
23 58 11 3
58 73 11 3
73 83 11 3
83 0 11 0
12 7
0 98 12 4
98 89 12 3
89 47 12 4
47 17 12 3
17 48 12 3
48 76 12 4
76 0 12 0
13 13
0 90 13 3
90 32 13 3
32 79 13 3
79 77 13 3
77 78 13 5
78 62 13 3
62 80 13 3
80 85 13 5
85 96 13 5
96 94 13 5
94 30 13 5
30 71 13 3
71 0 13 0
14 13
0 81 14 4
81 75 14 4
75 1 14 4
1 79 14 4
79 77 14 4
77 78 14 4
78 41 14 5
41 88 14 4
88 52 14 3
52 7 14 4
7 55 14 4
55 71 14 4
71 0 14 0
15 6
0 81 15 5
81 75 15 5
75 69 15 5
69 8 15 5
8 74 15 3
74 0 15 0
16 5
0 84 16 3
84 92 16 3
92 60 16 3
60 44 16 3
44 0 16 0
17 2
0 84 17 4
84 0 17 0
18 2
0 27 18 3
27 0 18 0
19 1
0 0 19 0
