# Solution for ../instances-HHCRSP/InstanzVNS_HCSRP_200_9.txt
# Cost = 1346.36 Dist = 4026.7 Tard = 8.62476 TMax = 3.7391
# <vehicle> <route length>
# <origin node> <dest node> <vehicle> <service type>
0 11
0 73 0 0
73 43 0 0
43 71 0 0
71 194 0 0
194 33 0 0
33 90 0 0
90 80 0 0
80 69 0 0
69 190 0 0
190 188 0 0
188 0 0 0
1 12
0 59 1 2
59 42 1 2
42 47 1 2
47 173 1 2
173 196 1 2
196 95 1 2
95 84 1 2
84 175 1 2
175 18 1 2
18 176 1 2
176 112 1 2
112 0 1 0
2 13
0 89 2 1
89 9 2 1
9 56 2 0
56 4 2 1
4 27 2 0
27 178 2 0
178 83 2 0
83 86 2 1
86 193 2 1
193 137 2 1
137 21 2 1
21 191 2 1
191 0 2 0
3 11
0 82 3 1
82 54 3 1
54 189 3 0
189 198 3 1
198 181 3 1
181 140 3 0
140 31 3 0
31 171 3 0
171 172 3 0
172 55 3 0
55 0 3 0
4 16
0 177 4 0
177 192 4 0
192 179 4 1
179 50 4 1
50 123 4 0
123 182 4 0
182 30 4 1
30 1 4 1
1 26 4 0
26 186 4 1
186 20 4 0
20 134 4 1
134 78 4 1
78 74 4 1
74 138 4 1
138 0 4 0
5 13
0 116 5 2
116 36 5 2
36 79 5 0
79 11 5 2
11 139 5 2
139 8 5 0
8 77 5 2
77 200 5 0
200 72 5 2
72 45 5 2
45 57 5 2
57 111 5 2
111 0 5 0
6 3
0 180 6 0
180 32 6 0
32 0 6 0
7 16
0 64 7 2
64 16 7 2
16 81 7 0
81 35 7 2
35 124 7 2
124 195 7 2
195 87 7 2
87 187 7 2
187 58 7 2
58 61 7 0
61 28 7 2
28 127 7 2
127 174 7 2
174 126 7 2
126 93 7 2
93 0 7 0
8 10
0 185 8 2
185 117 8 1
117 98 8 1
98 101 8 1
101 197 8 0
197 10 8 1
10 135 8 1
135 53 8 0
53 60 8 2
60 0 8 0
9 12
0 23 9 2
23 97 9 1
97 96 9 1
96 199 9 2
199 85 9 1
85 184 9 2
184 122 9 1
122 105 9 1
105 125 9 1
125 44 9 2
44 183 9 2
183 0 9 0
10 15
0 164 10 4
164 150 10 5
150 161 10 5
161 168 10 4
168 178 10 5
178 196 10 5
196 12 10 4
12 160 10 5
160 158 10 5
158 15 10 5
15 152 10 5
152 148 10 4
148 188 10 5
188 40 10 5
40 0 10 0
11 19
0 164 11 5
164 106 11 3
106 150 11 3
150 161 11 3
161 168 11 5
168 68 11 4
68 132 11 3
132 88 11 4
88 19 11 5
19 160 11 3
160 158 11 3
158 62 11 3
62 131 11 5
131 200 11 5
200 193 11 5
193 191 11 3
191 136 11 3
136 167 11 3
167 0 11 0
12 15
0 170 12 4
170 91 12 3
91 154 12 3
154 39 12 3
39 142 12 3
142 46 12 5
46 194 12 5
194 3 12 4
3 181 12 5
181 141 12 3
141 183 12 3
183 65 12 5
65 171 12 4
171 172 12 4
172 0 12 0
13 8
0 170 13 5
170 154 13 4
154 109 13 3
109 128 13 5
128 199 13 5
199 121 13 4
121 189 13 5
189 0 13 0
14 5
0 143 14 4
143 180 14 5
180 120 14 4
120 114 14 4
114 0 14 0
15 12
0 146 15 3
146 147 15 3
147 155 15 3
155 166 15 3
166 162 15 3
162 6 15 3
6 195 15 3
195 144 15 3
144 51 15 4
51 29 15 3
29 118 15 3
118 0 15 0
16 5
0 143 16 5
143 108 16 5
108 41 16 4
41 157 16 3
157 0 16 0
17 7
0 165 17 3
165 100 17 5
100 25 17 5
25 151 17 3
151 7 17 5
7 149 17 3
149 0 17 0
18 14
0 146 18 4
146 147 18 4
147 155 18 5
155 166 18 5
166 162 18 5
162 67 18 5
67 63 18 4
63 144 18 4
144 37 18 5
37 129 18 5
129 152 18 3
152 148 18 5
148 190 18 3
190 0 18 0
19 4
0 165 19 4
165 99 19 4
99 151 19 4
151 0 19 0
20 14
0 145 20 4
145 177 20 5
177 192 20 5
192 179 20 4
179 173 20 5
173 110 20 3
110 115 20 3
115 187 20 3
187 38 20 3
38 17 20 5
17 13 20 4
13 141 20 4
141 94 20 4
94 0 20 0
21 12
0 145 21 5
145 2 21 4
2 113 21 3
113 52 21 4
52 5 21 5
5 182 21 5
182 48 21 5
48 163 21 3
163 186 21 3
186 169 21 3
169 159 21 4
159 0 21 0
22 7
0 133 22 3
133 185 22 5
185 142 22 4
142 198 22 4
198 14 22 4
14 149 22 4
149 0 22 0
23 13
0 49 23 5
49 130 23 4
130 104 23 4
104 22 23 4
22 119 23 3
119 70 23 5
70 75 23 5
75 175 23 4
175 92 23 4
92 176 23 3
176 24 23 4
24 167 23 4
167 0 23 0
24 4
0 156 24 5
156 174 24 3
174 159 24 3
159 0 24 0
25 11
0 156 25 4
156 34 25 4
34 66 25 3
66 107 25 5
107 76 25 3
76 163 25 4
163 103 25 5
103 184 25 4
184 102 25 3
102 169 25 4
169 0 25 0
26 3
0 153 26 4
153 197 26 5
197 0 26 0
27 3
0 153 27 5
153 157 27 5
157 0 27 0
28 1
0 0 28 0
29 1
0 0 29 0
