# Solution for ../instances-HHCRSP/InstanzCPLEX_HCSRP_50_3.txt
# Cost = 554.948 Dist = 1654.34 Tard = 5.9005 TMax = 4.60233
# <vehicle> <route length>
# <origin node> <dest node> <vehicle> <service type>
0 11
0 50 0 0
50 23 0 1
23 49 0 2
49 10 0 1
10 1 0 2
1 2 0 2
2 34 0 0
34 29 0 2
29 46 0 0
46 48 0 2
48 0 0 0
1 12
0 33 1 0
33 22 1 0
22 35 1 2
35 6 1 0
6 45 1 2
45 43 1 0
43 47 1 0
47 17 1 0
17 5 1 0
5 31 1 2
31 3 1 0
3 0 1 0
2 7
0 20 2 1
20 44 2 1
44 9 2 1
9 26 2 1
26 4 2 1
4 21 2 1
21 0 2 0
3 8
0 50 3 4
50 46 3 4
46 38 3 4
38 48 3 5
48 39 3 3
39 30 3 5
30 37 3 4
37 0 3 0
4 7
0 42 4 3
42 27 4 5
27 24 4 5
24 38 4 5
38 39 4 5
39 37 4 5
37 0 4 0
5 4
0 42 5 4
42 49 5 4
49 25 5 4
25 0 5 0
6 10
0 15 6 3
15 44 6 4
44 40 6 3
40 7 6 3
7 45 6 4
45 8 6 4
8 13 6 5
13 18 6 3
18 19 6 4
19 0 6 0
7 5
0 28 7 5
28 16 7 4
16 41 7 4
41 14 7 4
14 0 7 0
8 8
0 36 8 5
36 40 8 4
40 43 8 5
43 47 8 5
47 32 8 5
32 12 8 4
12 11 8 3
11 0 8 0
9 3
0 36 9 4
36 41 9 3
41 0 9 0
