# Solution for ../instances-HHCRSP/InstanzVNS_HCSRP_200_10.txt
# Cost = 1458.11 Dist = 4260.61 Tard = 90.6483 TMax = 23.0801
# <vehicle> <route length>
# <origin node> <dest node> <vehicle> <service type>
0 15
0 192 0 0
192 4 0 0
4 33 0 0
33 181 0 0
181 185 0 0
185 138 0 0
138 16 0 0
16 118 0 0
118 178 0 0
178 193 0 0
193 62 0 0
62 177 0 0
177 47 0 0
47 122 0 0
122 0 0 0
1 16
0 57 1 2
57 175 1 1
175 22 1 1
22 125 1 1
125 171 1 2
171 198 1 1
198 90 1 1
90 19 1 1
19 137 1 2
137 133 1 2
133 182 1 2
182 107 1 2
107 173 1 1
173 184 1 2
184 190 1 2
190 0 1 0
2 7
0 189 2 1
189 50 2 1
50 35 2 1
35 103 2 1
103 132 2 1
132 40 2 1
40 0 2 0
3 13
0 180 3 1
180 11 3 1
11 7 3 1
7 64 3 1
64 105 3 1
105 26 3 1
26 139 3 1
139 91 3 1
91 36 3 1
36 42 3 1
42 199 3 1
199 77 3 1
77 0 3 0
4 4
0 111 4 1
111 18 4 1
18 172 4 1
172 0 4 0
5 17
0 104 5 0
104 2 5 0
2 89 5 0
89 58 5 0
58 195 5 0
195 84 5 0
84 83 5 0
83 24 5 2
24 44 5 0
44 95 5 0
95 179 5 0
179 186 5 0
186 60 5 0
60 99 5 0
99 196 5 0
196 48 5 0
48 0 5 0
6 15
0 176 6 2
176 70 6 2
70 108 6 2
108 63 6 2
63 61 6 2
61 126 6 2
126 34 6 2
34 174 6 2
174 27 6 2
27 191 6 2
191 187 6 2
187 43 6 2
43 30 6 2
30 59 6 2
59 0 6 0
7 7
0 80 7 2
80 124 7 2
124 129 7 2
129 102 7 2
102 32 7 2
32 31 7 2
31 0 7 0
8 11
0 188 8 0
188 94 8 1
94 183 8 0
183 197 8 0
197 194 8 0
194 113 8 0
113 29 8 2
29 14 8 0
14 66 8 0
66 28 8 2
28 0 8 0
9 2
0 200 9 2
200 0 9 0
10 16
0 154 10 3
154 175 10 4
175 155 10 5
155 93 10 3
93 198 10 3
198 157 10 3
157 167 10 5
167 193 10 3
193 162 10 3
162 152 10 3
152 21 10 5
21 75 10 5
75 13 10 3
13 199 10 4
199 160 10 3
160 0 10 0
11 17
0 154 11 5
154 15 11 3
15 130 11 3
130 143 11 3
143 38 11 4
38 165 11 3
165 51 11 5
51 157 11 4
157 9 11 3
9 182 11 3
182 173 11 3
173 56 11 5
56 184 11 4
184 177 11 5
177 67 11 4
67 160 11 4
160 0 11 0
12 8
0 159 12 5
159 188 12 3
188 163 12 5
163 195 12 5
195 97 12 3
97 151 12 5
151 190 12 3
190 0 12 0
13 16
0 45 13 4
45 192 13 5
192 68 13 5
68 37 13 4
37 143 13 4
143 86 13 5
86 165 13 5
165 96 13 3
96 81 13 3
81 179 13 3
179 156 13 3
156 186 13 3
186 54 13 5
54 196 13 3
196 142 13 4
142 0 13 0
14 8
0 159 14 4
159 163 14 4
163 183 14 4
183 117 14 3
117 41 14 5
41 141 14 4
141 55 14 5
55 0 14 0
15 5
0 189 15 3
189 106 15 3
106 101 15 3
101 146 15 3
146 0 15 0
16 14
0 149 16 3
149 170 16 3
170 150 16 3
150 181 16 4
181 6 16 4
6 136 16 5
136 23 16 3
23 116 16 4
116 145 16 4
145 69 16 5
69 74 16 5
74 109 16 5
109 153 16 3
153 0 16 0
17 15
0 176 17 4
176 78 17 3
78 144 17 3
144 123 17 3
123 158 17 3
158 147 17 3
147 3 17 3
3 178 17 4
178 167 17 4
167 191 17 4
191 162 17 4
162 152 17 4
152 187 17 4
187 166 17 3
166 0 17 0
18 10
0 5 18 4
5 180 18 3
180 171 18 3
171 185 18 3
185 155 18 3
155 131 18 4
131 119 18 4
119 161 18 3
161 164 18 3
164 0 18 0
19 14
0 149 19 5
149 170 19 5
170 150 19 5
150 144 19 5
144 158 19 5
158 147 19 4
147 174 19 4
174 88 19 5
88 52 19 5
52 120 19 4
120 161 19 4
161 164 19 4
164 79 19 5
79 0 19 0
20 7
0 87 20 5
87 197 20 5
197 194 20 5
194 146 20 5
146 25 20 5
25 172 20 4
172 0 20 0
21 11
0 12 21 5
12 115 21 3
115 39 21 3
39 140 21 3
140 8 21 4
8 145 21 5
145 112 21 4
112 1 21 3
1 10 21 4
10 166 21 4
166 0 21 0
22 4
0 169 22 3
169 110 22 5
110 200 22 5
200 0 22 0
23 7
0 85 23 4
85 49 23 5
49 20 23 4
20 135 23 3
135 156 23 4
156 98 23 4
98 0 23 0
24 2
0 169 24 5
169 0 24 0
25 11
0 148 25 3
148 73 25 4
73 53 25 3
53 100 25 5
100 46 25 5
46 141 25 5
141 76 25 3
76 82 25 4
82 17 25 4
17 92 25 5
92 0 25 0
26 10
0 148 26 5
148 127 26 5
127 134 26 4
134 128 26 4
128 151 26 4
151 72 26 4
72 121 26 4
121 114 26 4
114 153 26 5
153 0 26 0
27 3
0 168 27 5
168 142 27 5
142 0 27 0
28 3
0 71 28 4
71 65 28 4
65 0 28 0
29 2
0 168 29 4
168 0 29 0
