# Solution for ../instances-HHCRSP/InstanzVNS_HCSRP_300_10.txt
# Cost = 1907.45 Dist = 5686.83 Tard = 27.7306 TMax = 7.78492
# <vehicle> <route length>
# <origin node> <dest node> <vehicle> <service type>
0 17
0 26 0 1
26 147 0 0
147 290 0 0
290 4 0 0
4 273 0 0
273 289 0 0
289 277 0 1
277 16 0 0
16 118 0 0
118 62 0 0
62 91 0 1
91 153 0 0
153 36 0 1
36 77 0 1
77 270 0 0
270 251 0 0
251 0 0 0
1 7
0 159 1 2
159 124 1 2
124 197 1 2
197 300 1 2
300 293 1 2
293 129 1 2
129 0 1 0
2 16
0 70 2 2
70 57 2 2
57 171 2 2
171 61 2 2
61 144 2 2
144 126 2 2
126 34 2 2
34 296 2 2
296 27 2 2
27 107 2 2
107 137 2 2
137 179 2 2
179 164 2 2
164 59 2 2
59 30 2 2
30 0 2 0
3 13
0 267 3 1
267 7 3 1
7 11 3 1
11 158 3 1
158 266 3 1
266 170 3 1
170 125 3 1
125 182 3 1
182 294 3 1
294 297 3 1
297 278 3 1
278 285 3 1
285 0 3 0
4 8
0 254 4 2
254 102 4 2
102 259 4 2
259 24 4 2
24 32 4 2
32 31 4 2
31 299 4 2
299 0 4 0
5 8
0 287 5 0
287 83 5 0
83 198 5 0
198 44 5 0
44 95 5 0
95 156 5 0
156 291 5 0
291 0 5 0
6 5
0 253 6 2
253 80 6 2
80 29 6 2
29 28 6 2
28 0 6 0
7 14
0 292 7 2
292 258 7 1
258 143 7 2
143 90 7 1
90 133 7 2
133 263 7 1
263 288 7 2
288 157 7 2
157 191 7 2
191 269 7 2
269 166 7 2
166 272 7 2
272 43 7 2
43 0 7 0
8 15
0 163 8 0
163 50 8 1
50 94 8 1
94 18 8 1
18 113 8 0
113 262 8 1
262 275 8 1
275 151 8 0
151 99 8 0
99 284 8 0
284 66 8 0
66 14 8 0
14 286 8 0
286 196 8 0
196 0 8 0
9 1
0 0 9 0
10 8
0 141 10 1
141 274 10 1
274 268 10 1
268 35 10 1
35 111 10 1
111 132 10 1
132 186 10 1
186 0 10 0
11 10
0 257 11 0
257 276 11 0
276 2 11 0
2 265 11 0
265 279 11 0
279 252 11 0
252 84 11 0
84 122 11 0
122 283 11 0
283 0 11 0
12 16
0 176 12 0
176 256 12 0
256 138 12 0
138 22 12 1
22 165 12 0
165 298 12 0
298 19 12 1
19 282 12 0
282 161 12 0
161 173 12 1
173 139 12 1
139 177 12 0
177 281 12 0
281 60 12 0
60 47 12 0
47 0 12 0
13 12
0 104 13 0
104 264 13 1
264 174 13 0
174 33 13 0
33 64 13 1
64 295 13 1
295 105 13 1
105 162 13 1
162 187 13 1
187 152 13 0
152 42 13 1
42 0 13 0
14 7
0 148 14 0
148 89 14 0
89 58 14 0
58 190 14 0
190 48 14 0
48 142 14 2
142 0 14 0
15 11
0 103 15 1
103 63 15 2
63 271 15 2
271 108 15 2
108 255 15 2
255 260 15 1
260 154 15 1
154 261 15 1
261 280 15 2
280 40 15 1
40 0 15 0
16 1
0 0 16 0
17 1
0 0 17 0
18 17
0 49 18 5
49 236 18 4
236 123 18 3
123 181 18 4
181 247 18 3
247 136 18 5
136 295 18 5
295 289 18 3
289 243 18 4
243 277 18 4
277 193 18 3
193 1 18 3
1 116 18 4
116 245 18 3
245 222 18 4
222 208 18 4
208 0 18 0
19 15
0 236 19 5
236 150 19 5
150 266 19 5
266 273 19 5
273 52 19 5
52 38 19 4
38 119 19 4
119 260 19 4
260 79 19 5
79 220 19 3
220 238 19 3
238 72 19 4
72 299 19 4
299 283 19 5
283 0 19 0
20 17
0 115 20 3
115 240 20 4
240 221 20 3
221 227 20 3
227 228 20 3
228 37 20 4
37 130 20 3
130 298 20 4
298 214 20 4
214 8 20 4
8 167 20 3
167 235 20 3
235 248 20 4
248 160 20 3
160 297 20 4
297 200 20 4
200 0 20 0
21 15
0 267 21 5
267 290 21 5
290 3 21 3
3 296 21 3
296 145 21 4
145 23 21 3
23 6 21 4
6 178 21 3
178 21 21 5
21 10 21 4
10 272 21 5
272 13 21 3
13 278 21 5
278 285 21 5
285 0 21 0
22 12
0 240 22 5
240 221 22 4
221 227 22 5
227 228 22 5
228 279 22 4
279 220 22 5
220 238 22 4
238 81 22 3
81 210 22 5
210 270 22 3
270 251 22 4
251 0 22 0
23 12
0 223 23 4
223 45 23 4
45 216 23 3
216 202 23 3
202 219 23 3
219 215 23 4
215 250 23 3
250 229 23 3
229 212 23 3
212 239 23 4
239 206 23 3
206 0 23 0
24 12
0 257 24 3
257 195 24 3
195 241 24 3
241 15 24 3
15 96 24 3
96 234 24 3
234 207 24 3
207 135 24 3
135 261 24 3
261 280 24 3
280 210 24 3
210 0 24 0
25 16
0 287 25 5
287 223 25 5
223 276 25 5
276 20 25 4
20 241 25 4
241 259 25 5
259 252 25 5
252 255 25 5
255 234 25 4
234 207 25 4
207 98 25 4
98 233 25 3
233 82 25 4
82 226 25 4
226 172 25 5
172 0 25 0
26 15
0 101 26 3
101 106 26 3
106 53 26 3
53 300 26 3
300 110 26 5
110 117 26 3
117 213 26 3
213 224 26 3
224 225 26 3
225 168 26 5
168 275 26 5
275 205 26 3
205 92 26 5
92 286 26 4
286 0 26 0
27 2
0 218 27 3
218 0 27 0
28 10
0 218 28 4
218 194 28 4
194 73 28 4
73 87 28 5
87 169 28 5
169 46 28 5
46 146 28 4
146 55 28 5
55 226 28 5
226 0 28 0
29 17
0 149 29 4
149 180 29 3
180 185 29 4
185 39 29 3
39 155 29 5
155 88 29 5
88 9 29 3
9 214 29 5
214 282 29 5
282 51 29 5
51 109 29 5
109 294 29 5
294 235 29 5
235 248 29 5
248 75 29 5
75 112 29 4
112 0 29 0
30 14
0 78 30 3
78 211 30 3
211 246 30 3
246 256 30 3
256 230 30 3
230 258 30 3
258 86 30 5
86 232 30 5
232 288 30 5
288 74 30 5
74 184 30 5
184 201 30 3
201 231 30 3
231 0 30 0
31 17
0 211 31 5
211 246 31 5
246 230 31 5
230 68 31 5
68 271 31 5
271 120 31 4
120 203 31 3
203 242 31 3
242 131 31 4
131 69 31 5
69 243 31 5
243 269 31 4
269 199 31 5
199 245 31 4
245 222 31 5
222 208 31 5
208 0 31 0
32 13
0 204 32 4
204 100 32 5
100 183 32 3
183 253 32 3
253 274 32 5
274 128 32 4
128 65 32 4
65 268 32 3
268 76 32 3
76 224 32 4
224 262 32 3
262 205 32 4
205 0 32 0
33 12
0 204 33 5
204 189 33 3
189 188 33 3
188 5 33 4
5 293 33 3
293 71 33 4
71 213 33 4
213 225 33 5
225 41 33 5
41 25 33 5
25 284 33 4
284 0 33 0
34 15
0 254 34 5
254 85 34 4
85 216 34 5
216 127 34 5
127 265 34 3
265 202 34 4
202 219 34 4
219 215 34 5
215 250 34 5
250 229 34 5
229 212 34 5
212 281 34 5
281 239 34 5
239 206 34 5
206 0 34 0
35 18
0 292 35 4
292 192 35 5
192 175 35 5
175 93 35 3
93 264 35 3
264 140 35 3
140 247 35 5
247 203 35 4
203 242 35 5
242 232 35 4
232 263 35 4
263 56 35 5
56 67 35 4
67 201 35 4
201 231 35 4
231 114 35 4
114 121 35 4
121 0 35 0
36 4
0 134 36 4
134 12 36 5
12 54 36 5
54 0 36 0
37 7
0 249 37 3
249 217 37 3
217 17 37 4
17 209 37 4
209 237 37 3
237 244 37 4
244 0 37 0
38 6
0 249 38 5
249 217 38 4
217 97 38 3
97 233 38 5
233 291 38 4
291 0 38 0
39 4
0 209 39 5
209 237 39 5
237 244 39 5
244 0 39 0
