# Solution for ../instances-HHCRSP/InstanzVNS_HCSRP_200_8.txt
# Cost = 1175.12 Dist = 3518.82 Tard = 4.18549 TMax = 2.35454
# <vehicle> <route length>
# <origin node> <dest node> <vehicle> <service type>
0 16
0 11 0 0
11 17 0 0
17 21 0 0
21 36 0 1
36 78 0 0
78 190 0 1
190 173 0 0
173 100 0 0
100 198 0 0
198 4 0 1
4 5 0 0
5 16 0 0
16 81 0 0
81 71 0 1
71 18 0 1
18 0 0 0
1 14
0 42 1 0
42 40 1 0
40 134 1 0
134 188 1 0
188 125 1 0
125 185 1 0
185 119 1 0
119 132 1 0
132 120 1 0
120 187 1 0
187 72 1 0
72 98 1 0
98 73 1 0
73 0 1 0
2 17
0 91 2 2
91 179 2 0
179 197 2 0
197 23 2 2
23 102 2 2
102 94 2 0
94 192 2 0
192 68 2 2
68 74 2 0
74 183 2 2
183 139 2 0
139 172 2 2
172 6 2 2
6 90 2 0
90 12 2 2
12 129 2 0
129 0 2 0
3 13
0 194 3 1
194 45 3 2
45 184 3 1
184 44 3 1
44 196 3 2
196 13 3 2
13 180 3 1
180 105 3 2
105 46 3 2
46 127 3 2
127 103 3 2
103 93 3 2
93 0 3 0
4 8
0 87 4 1
87 126 4 1
126 110 4 1
110 92 4 1
92 175 4 1
175 115 4 1
115 138 4 1
138 0 4 0
5 10
0 199 5 1
199 189 5 1
189 33 5 1
33 75 5 1
75 200 5 1
200 53 5 1
53 22 5 1
22 27 5 1
27 176 5 1
176 0 5 0
6 14
0 10 6 0
10 195 6 0
195 193 6 0
193 65 6 0
65 117 6 2
117 130 6 0
130 186 6 0
186 55 6 0
55 62 6 0
62 76 6 0
76 181 6 2
181 191 6 0
191 109 6 0
109 0 6 0
7 8
0 60 7 2
60 104 7 2
104 177 7 2
177 56 7 2
56 58 7 2
58 77 7 2
77 113 7 2
113 0 7 0
8 12
0 112 8 0
112 54 8 1
54 178 8 0
178 182 8 0
182 135 8 0
135 95 8 0
95 107 8 1
107 171 8 0
171 174 8 1
174 51 8 0
51 48 8 1
48 0 8 0
9 5
0 57 9 1
57 131 9 1
131 66 9 1
66 32 9 1
32 0 9 0
10 12
0 151 10 4
151 61 10 4
61 170 10 4
170 128 10 4
128 37 10 5
37 156 10 4
156 140 10 5
140 162 10 5
162 158 10 5
158 191 10 5
191 150 10 4
150 0 10 0
11 14
0 136 11 3
136 106 11 4
106 14 11 5
14 116 11 5
116 63 11 5
63 26 11 3
26 190 11 5
190 30 11 5
30 29 11 3
29 52 11 4
52 146 11 3
146 154 11 4
154 147 11 4
147 0 11 0
12 12
0 151 12 5
151 124 12 3
124 170 12 5
170 178 12 4
178 182 12 4
182 156 12 5
156 79 12 3
79 31 12 5
31 162 12 3
162 158 12 3
158 150 12 5
150 0 12 0
13 15
0 179 13 3
179 197 13 3
197 50 13 4
50 86 13 4
86 155 13 4
155 84 13 4
84 159 13 4
159 183 13 4
183 101 13 4
101 172 13 3
172 175 13 5
175 85 13 3
85 169 13 3
169 141 13 3
141 0 13 0
14 14
0 145 14 3
145 168 14 3
168 7 14 3
7 1 14 4
1 97 14 4
97 186 14 3
186 24 14 4
24 118 14 5
118 47 14 4
47 171 14 4
171 153 14 4
153 152 14 3
152 165 14 3
165 0 14 0
15 5
0 145 15 5
145 168 15 5
168 164 15 5
164 39 15 4
39 0 15 0
16 15
0 194 16 5
194 188 16 3
188 64 16 3
64 137 16 4
137 82 16 4
82 149 16 4
149 34 16 5
34 166 16 3
166 167 16 3
167 114 16 5
114 122 16 5
122 111 16 5
111 181 16 4
181 157 16 3
157 0 16 0
17 11
0 195 17 4
195 193 17 4
193 184 17 5
184 185 17 5
185 196 17 4
196 166 17 5
166 167 17 4
167 3 17 4
3 88 17 5
88 80 17 5
80 0 17 0
18 13
0 199 18 4
199 49 18 5
49 70 18 5
70 121 18 3
121 25 18 5
25 200 18 3
200 149 18 5
149 187 18 4
187 180 18 4
180 99 18 5
99 69 18 3
69 157 18 5
157 0 18 0
19 12
0 108 19 3
108 8 19 5
8 189 19 3
189 83 19 3
83 164 19 3
164 89 19 4
89 174 19 5
174 35 19 4
35 153 19 5
153 152 19 4
152 165 19 4
165 0 19 0
20 10
0 59 20 3
59 192 20 5
192 144 20 3
144 148 20 5
148 142 20 5
142 9 20 5
9 146 20 5
146 154 20 5
154 147 20 3
147 0 20 0
21 12
0 163 21 4
163 161 21 3
161 43 21 4
43 143 21 4
143 15 21 4
15 2 21 4
2 173 21 4
173 19 21 3
19 144 21 4
144 148 21 4
148 142 21 3
142 0 21 0
22 9
0 163 22 5
163 161 22 5
161 143 22 5
143 133 22 4
133 198 22 3
198 28 22 3
28 38 22 4
38 176 22 5
176 0 22 0
23 6
0 155 23 5
155 159 23 3
159 20 23 3
20 169 23 5
169 141 23 5
141 0 23 0
24 5
0 177 24 5
177 41 24 5
41 96 24 5
96 160 24 5
160 0 24 0
25 2
0 67 25 5
67 0 25 0
26 1
0 0 26 0
27 1
0 0 27 0
28 3
0 160 28 4
160 123 28 4
123 0 28 0
29 1
0 0 29 0
