# Solution for ../instances-HHCRSP/InstanzVNS_HCSRP_200_5.txt
# Cost = 1367.05 Dist = 4069.09 Tard = 26.6567 TMax = 5.41641
# <vehicle> <route length>
# <origin node> <dest node> <vehicle> <service type>
0 17
0 199 0 0
199 9 0 2
9 46 0 2
46 184 0 1
184 17 0 0
17 186 0 2
186 200 0 2
200 69 0 2
69 39 0 1
39 31 0 1
31 25 0 1
25 106 0 1
106 4 0 2
4 5 0 0
5 35 0 1
35 24 0 2
24 0 0 0
1 10
0 174 1 1
174 194 1 1
194 192 1 1
192 34 1 1
34 82 1 1
82 76 1 1
76 40 1 1
40 13 1 1
13 96 1 1
96 0 1 0
2 9
0 196 2 2
196 188 2 2
188 180 2 2
180 64 2 2
64 3 2 2
3 198 2 2
198 36 2 2
36 100 2 2
100 0 2 0
3 10
0 115 3 0
115 182 3 0
182 70 3 0
70 126 3 0
126 74 3 0
74 23 3 0
23 85 3 0
85 88 3 0
88 116 3 0
116 0 3 0
4 3
0 81 4 1
81 32 4 2
32 0 4 0
5 12
0 179 5 0
179 181 5 0
181 190 5 0
190 191 5 0
191 21 5 0
21 84 5 1
84 43 5 0
43 41 5 0
41 114 5 0
114 193 5 0
193 90 5 1
90 0 5 0
6 12
0 15 6 2
15 195 6 2
195 135 6 2
135 117 6 2
117 124 6 2
124 30 6 2
30 171 6 2
171 187 6 2
187 173 6 2
173 140 6 2
140 108 6 2
108 0 6 0
7 11
0 93 7 0
93 131 7 0
131 14 7 0
14 99 7 0
99 87 7 0
87 177 7 0
177 178 7 0
178 104 7 0
104 56 7 0
56 137 7 0
137 0 7 0
8 11
0 175 8 1
175 71 8 1
71 121 8 1
121 18 8 1
18 51 8 1
51 86 8 1
86 197 8 1
197 102 8 1
102 176 8 1
176 75 8 1
75 0 8 0
9 12
0 77 9 1
77 118 9 1
118 172 9 1
172 183 9 1
183 91 9 1
91 185 9 1
185 27 9 2
27 119 9 1
119 97 9 1
97 189 9 2
189 33 9 1
33 0 9 0
10 10
0 164 10 3
164 11 10 5
11 153 10 3
153 186 10 5
186 200 10 3
200 67 10 3
67 168 10 5
168 159 10 5
159 113 10 3
113 0 10 0
11 18
0 78 11 4
78 164 11 4
164 122 11 4
122 153 11 5
153 184 11 4
184 127 11 5
127 66 11 3
66 2 11 4
2 10 11 3
10 142 11 3
142 146 11 3
146 53 11 4
53 134 11 3
134 170 11 3
170 187 11 3
187 136 11 5
136 145 11 3
145 0 11 0
12 13
0 111 12 4
111 54 12 5
54 199 12 3
199 166 12 3
166 174 12 4
174 194 12 3
194 192 12 4
192 12 12 3
12 151 12 4
151 161 12 4
161 173 12 4
173 37 12 4
37 0 12 0
13 13
0 167 13 3
167 143 13 3
143 50 13 3
50 195 13 3
195 58 13 4
58 128 13 3
128 20 13 3
20 79 13 3
79 65 13 4
65 132 13 4
132 141 13 4
141 193 13 4
193 0 13 0
14 9
0 167 14 4
167 143 14 5
143 182 14 4
182 8 14 5
8 120 14 4
120 171 14 5
171 95 14 4
95 145 14 5
145 0 14 0
15 18
0 16 15 4
16 163 15 5
163 80 15 5
80 165 15 3
165 172 15 5
172 155 15 3
155 183 15 5
183 63 15 3
63 177 15 3
177 125 15 4
125 149 15 3
149 157 15 3
157 103 15 4
103 112 15 5
112 62 15 3
62 178 15 4
178 107 15 5
107 0 15 0
16 3
0 138 16 5
138 179 16 5
179 0 16 0
17 9
0 196 17 4
196 166 17 5
166 188 17 5
188 198 17 4
198 29 17 3
29 170 17 5
170 156 17 4
156 148 17 3
148 0 17 0
18 9
0 152 18 4
152 38 18 3
38 55 18 5
55 94 18 3
94 197 18 4
197 105 18 4
105 156 18 5
156 148 18 5
148 0 18 0
19 15
0 154 19 3
154 133 19 3
133 163 19 3
163 165 19 4
165 155 19 4
155 185 19 3
185 47 19 4
47 72 19 4
72 158 19 4
158 162 19 3
162 26 19 4
26 150 19 3
150 92 19 3
92 123 19 4
123 0 19 0
20 8
0 152 20 5
152 98 20 3
98 190 20 3
190 191 20 3
191 1 20 5
1 109 20 4
109 176 20 3
176 0 20 0
21 11
0 154 21 5
154 180 21 3
180 147 21 4
147 144 21 4
144 130 21 4
130 149 21 5
149 157 21 5
157 158 21 5
158 162 21 5
162 150 21 4
150 0 21 0
22 18
0 160 22 3
160 28 22 3
28 45 22 3
45 52 22 5
52 147 22 5
147 144 22 5
144 83 22 4
83 142 22 4
142 146 22 4
146 68 22 5
68 168 22 4
168 48 22 4
48 7 22 4
7 159 22 4
159 89 22 3
89 61 22 5
61 189 22 4
189 0 22 0
23 13
0 160 23 5
160 42 23 5
42 49 23 5
49 60 23 5
60 6 23 5
6 59 23 3
59 22 23 5
22 139 23 3
139 151 23 5
151 161 23 3
161 19 23 5
19 129 23 3
129 0 23 0
24 7
0 175 24 4
175 181 24 5
181 110 24 5
110 141 24 5
141 73 24 4
73 57 24 5
57 0 24 0
25 2
0 44 25 3
44 0 25 0
26 2
0 169 26 3
169 0 26 0
27 2
0 169 27 5
169 0 27 0
28 2
0 101 28 5
101 0 28 0
29 1
0 0 29 0
