# Solution for ../instances-HHCRSP/InstanzCPLEX_HCSRP_75_2.txt
# Cost = 735.525 Dist = 2195.85 Tard = 7.53735 TMax = 3.18268
# <vehicle> <route length>
# <origin node> <dest node> <vehicle> <service type>
0 18
0 14 0 0
14 26 0 0
26 11 0 2
11 72 0 2
72 41 0 2
41 19 0 2
19 2 0 0
2 45 0 0
45 68 0 2
68 34 0 2
34 15 0 2
15 10 0 0
10 65 0 0
65 74 0 0
74 12 0 2
12 4 0 1
4 42 0 1
42 0 0 0
1 5
0 9 1 1
9 73 1 1
73 66 1 1
66 31 1 1
31 0 1 0
2 10
0 46 2 0
46 71 2 0
71 70 2 0
70 69 2 0
69 64 2 0
64 7 2 0
7 6 2 0
6 21 2 0
21 32 2 0
32 0 2 0
3 9
0 39 3 1
39 3 3 2
3 75 3 2
75 40 3 2
40 17 3 1
17 36 3 2
36 43 3 2
43 16 3 2
16 0 3 0
4 5
0 67 4 1
67 44 4 1
44 33 4 1
33 38 4 1
38 0 4 0
5 12
0 50 5 5
50 71 5 4
71 54 5 3
54 61 5 5
61 28 5 5
28 72 5 4
72 25 5 4
25 22 5 3
22 56 5 3
56 24 5 4
24 23 5 5
23 0 5 0
6 3
0 60 6 3
60 63 6 3
63 0 6 0
7 8
0 60 7 4
60 59 7 4
59 52 7 4
52 51 7 5
51 63 7 4
63 64 7 4
64 20 7 5
20 0 7 0
8 4
0 62 8 3
62 57 8 3
57 37 8 3
37 0 8 0
9 10
0 54 9 4
54 61 9 3
61 8 9 3
8 49 9 4
49 27 9 4
27 66 9 3
66 35 9 4
35 65 9 4
65 74 9 3
74 0 9 0
10 3
0 53 10 5
53 70 10 5
70 0 10 0
11 8
0 62 11 4
62 53 11 4
53 57 11 4
57 56 11 4
56 55 11 4
55 58 11 4
58 47 11 4
47 0 11 0
12 9
0 1 12 4
1 13 12 4
13 48 12 3
48 29 12 3
29 73 12 5
73 68 12 5
68 5 12 3
5 18 12 3
18 0 12 0
13 4
0 75 13 3
75 30 13 4
30 69 13 4
69 0 13 0
14 5
0 59 14 5
59 67 14 3
67 55 14 5
55 58 14 5
58 0 14 0
