# Solution for ../instances-HHCRSP/InstanzVNS_HCSRP_100_7.txt
# Cost = 736.472 Dist = 2209.42 Tard = 0 TMax = 0
# <vehicle> <route length>
# <origin node> <dest node> <vehicle> <service type>
0 15
0 50 0 0
50 11 0 0
11 38 0 0
38 2 0 2
2 90 0 0
90 40 0 2
40 51 0 0
51 91 0 0
91 68 0 1
68 26 0 2
26 96 0 0
96 94 0 1
94 46 0 1
46 57 0 0
57 0 0 0
1 9
0 98 1 1
98 10 1 0
10 89 1 2
89 54 1 2
54 39 1 0
39 36 1 2
36 13 1 0
13 63 1 0
63 0 1 0
2 10
0 100 2 1
100 53 2 0
53 45 2 1
45 59 2 0
59 29 2 0
29 15 2 1
15 33 2 1
33 12 2 0
12 86 2 1
86 0 2 0
3 4
0 99 3 2
99 25 3 2
25 92 3 2
92 0 3 0
4 9
0 95 4 2
95 65 4 2
65 64 4 1
64 24 4 1
24 42 4 2
42 88 4 2
88 14 4 1
14 87 4 2
87 0 4 0
5 2
0 22 5 2
22 0 5 0
6 6
0 18 6 0
18 97 6 2
97 93 6 0
93 67 6 2
67 9 6 0
9 0 6 0
7 11
0 34 7 3
34 82 7 3
82 20 7 3
20 56 7 4
56 70 7 5
70 80 7 3
80 16 7 4
16 61 7 4
61 87 7 5
87 76 7 3
76 0 7 0
8 10
0 82 8 4
82 97 8 5
97 28 8 4
28 93 8 3
93 6 8 4
6 47 8 4
47 17 8 3
17 48 8 3
48 76 8 4
76 0 8 0
9 6
0 72 9 3
72 98 9 4
98 89 9 3
89 19 9 3
19 74 9 4
74 0 9 0
10 11
0 72 10 4
72 99 10 3
99 100 10 4
100 43 10 3
43 73 10 3
73 5 10 4
5 66 10 3
66 83 10 3
83 37 10 4
37 86 10 3
86 0 10 0
11 11
0 3 11 3
3 21 11 4
21 95 11 3
95 31 11 3
31 91 11 4
91 80 11 4
80 85 11 4
85 55 11 4
55 7 11 4
7 71 11 3
71 0 11 0
12 11
0 49 12 4
49 4 12 4
4 35 12 3
35 90 12 3
90 32 12 3
32 77 12 3
77 78 12 4
78 79 12 3
79 52 12 3
52 88 12 4
88 0 12 0
13 5
0 23 13 3
23 58 13 3
58 73 13 5
73 83 13 5
83 0 13 0
14 14
0 81 14 4
81 75 14 4
75 1 14 4
1 41 14 5
41 77 14 4
77 78 14 5
78 79 14 4
79 30 14 5
30 62 14 3
62 85 14 5
85 96 14 5
96 94 14 5
94 71 14 4
71 0 14 0
15 6
0 81 15 5
81 75 15 5
75 69 15 5
69 8 15 5
8 74 15 3
74 0 15 0
16 5
0 84 16 3
84 92 16 3
92 60 16 3
60 44 16 3
44 0 16 0
17 2
0 84 17 4
84 0 17 0
18 2
0 27 18 3
27 0 18 0
19 1
0 0 19 0
