# Solution for ../instances-HHCRSP/InstanzVNS_HCSRP_200_9.txt
# Cost = 1311.43 Dist = 3903.01 Tard = 20.0388 TMax = 11.2489
# <vehicle> <route length>
# <origin node> <dest node> <vehicle> <service type>
0 7
0 73 0 0
73 43 0 0
43 71 0 0
71 194 0 0
194 189 0 0
189 197 0 0
197 0 0 0
1 15
0 11 1 2
11 36 1 2
36 95 1 2
95 196 1 2
196 173 1 2
173 195 1 2
195 124 1 2
124 84 1 2
84 175 1 2
175 18 1 2
18 176 1 2
176 112 1 2
112 57 1 2
57 111 1 2
111 0 1 0
2 8
0 179 2 1
179 30 2 1
30 1 2 1
1 123 2 0
123 61 2 0
61 85 2 1
85 55 2 0
55 0 2 0
3 12
0 82 3 1
82 54 3 1
54 98 3 1
98 101 3 1
101 10 3 1
10 181 3 1
181 198 3 1
198 140 3 0
140 31 3 0
31 135 3 1
135 53 3 0
53 0 3 0
4 14
0 117 4 1
117 89 4 1
89 9 4 1
9 56 4 0
56 4 4 1
4 27 4 0
27 134 4 1
134 83 4 0
83 86 4 1
86 78 4 1
78 138 4 1
138 74 4 1
74 69 4 0
69 0 4 0
5 14
0 116 5 2
116 35 5 2
35 81 5 0
81 47 5 2
47 90 5 0
90 33 5 0
33 87 5 2
87 80 5 0
80 187 5 2
187 44 5 2
44 183 5 2
183 171 5 0
171 172 5 0
172 0 5 0
6 3
0 180 6 0
180 32 6 0
32 0 6 0
7 11
0 42 7 2
42 59 7 2
59 185 7 2
185 16 7 2
16 182 7 0
182 58 7 2
58 26 7 0
26 20 7 0
20 190 7 0
190 188 7 0
188 0 7 0
8 17
0 64 8 2
64 177 8 0
177 192 8 0
192 50 8 1
50 178 8 0
178 79 8 0
79 8 8 0
8 139 8 2
139 77 8 2
77 200 8 0
200 193 8 1
193 72 8 2
72 137 8 1
137 191 8 1
191 21 8 1
21 45 8 2
45 0 8 0
9 16
0 23 9 2
23 97 9 1
97 96 9 1
96 199 9 2
199 122 9 1
122 105 9 1
105 125 9 1
125 186 9 1
186 184 9 2
184 28 9 2
28 127 9 2
127 174 9 2
174 126 9 2
126 93 9 2
93 60 9 2
60 0 9 0
10 12
0 179 10 4
179 150 10 5
150 68 10 4
68 161 10 5
161 168 10 4
168 155 10 5
155 196 10 5
196 173 10 5
173 15 10 5
15 129 10 5
129 51 10 4
51 0 10 0
11 18
0 145 11 4
145 150 11 3
150 161 11 3
161 168 11 5
168 155 11 3
155 178 11 5
178 12 11 4
12 132 11 3
132 62 11 3
62 158 11 3
158 88 11 4
88 160 11 3
160 200 11 5
200 193 11 5
193 131 11 5
131 24 11 4
24 167 11 3
167 0 11 0
12 13
0 145 12 5
145 2 12 4
2 177 12 5
177 192 12 5
192 5 12 5
5 106 12 3
106 158 12 5
158 19 12 5
19 160 12 5
160 191 12 3
191 136 12 3
136 167 12 4
167 0 12 0
13 15
0 165 13 3
165 25 13 5
25 151 13 3
151 185 13 5
185 39 13 3
39 46 13 5
46 142 13 3
142 194 13 5
194 3 13 4
3 141 13 3
141 183 13 3
183 65 13 5
65 171 13 4
171 172 13 4
172 0 13 0
14 11
0 165 14 4
165 151 14 4
151 100 14 5
100 99 14 4
99 7 14 5
7 142 14 4
142 181 14 5
181 198 14 4
198 14 14 4
14 149 14 4
149 0 14 0
15 13
0 146 15 3
146 22 15 4
22 147 15 3
147 166 15 3
166 162 15 3
162 6 15 3
6 144 15 3
144 115 15 3
115 29 15 3
29 152 15 3
152 190 15 3
190 148 15 4
148 0 15 0
16 12
0 146 16 4
146 147 16 4
147 166 16 5
166 162 16 5
162 67 16 5
67 119 16 3
119 70 16 5
70 75 16 5
75 175 16 4
175 92 16 4
92 176 16 3
176 0 16 0
17 13
0 170 17 5
170 91 17 3
91 154 17 3
154 128 17 5
128 199 17 5
199 109 17 3
109 163 17 3
163 48 17 5
48 186 17 3
186 169 17 3
169 159 17 3
159 174 17 3
174 0 17 0
18 10
0 170 18 4
170 133 18 3
133 154 18 4
154 163 18 4
163 103 18 5
103 184 18 4
184 102 18 3
102 169 18 4
169 159 18 4
159 0 18 0
19 9
0 52 19 4
52 113 19 3
113 164 19 4
164 130 19 4
130 13 19 4
13 141 19 4
141 94 19 4
94 149 19 3
149 0 19 0
20 14
0 49 20 5
49 164 20 5
164 104 20 4
104 63 20 4
63 110 20 3
110 195 20 3
195 144 20 4
144 37 20 5
37 38 20 3
38 17 20 5
17 187 20 3
187 152 20 5
152 118 20 3
118 0 20 0
21 10
0 156 21 4
156 34 21 4
34 66 21 3
66 107 21 5
107 76 21 3
76 182 21 5
182 40 21 5
40 188 21 5
188 148 21 5
148 0 21 0
22 7
0 156 22 5
156 180 22 5
180 143 22 4
143 108 22 5
108 41 22 4
41 157 22 3
157 0 22 0
23 5
0 153 23 4
153 189 23 5
189 121 23 4
121 157 23 5
157 0 23 0
24 3
0 153 24 5
153 197 24 5
197 0 24 0
25 2
0 143 25 5
143 0 25 0
26 3
0 120 26 4
120 114 26 4
114 0 26 0
27 1
0 0 27 0
28 1
0 0 28 0
29 1
0 0 29 0
