# Solution for ../instances-HHCRSP/InstanzCPLEX_HCSRP_75_8.txt
# Cost = 691.726 Dist = 2070.26 Tard = 2.4583 TMax = 2.4583
# <vehicle> <route length>
# <origin node> <dest node> <vehicle> <service type>
0 11
0 45 0 2
45 10 0 0
10 11 0 0
11 21 0 0
21 23 0 2
23 17 0 0
17 6 0 2
6 12 0 2
12 71 0 0
71 5 0 0
5 0 0 0
1 11
0 33 1 1
33 65 1 0
65 22 1 1
22 40 1 0
40 64 1 0
64 44 1 1
44 48 1 1
48 51 1 0
51 72 1 1
72 18 1 1
18 0 1 0
2 4
0 42 2 0
42 66 2 0
66 16 2 0
16 0 2 0
3 9
0 68 3 1
68 74 3 1
74 36 3 1
36 4 3 1
4 32 3 1
32 67 3 1
67 27 3 1
27 73 3 2
73 0 3 0
4 6
0 70 4 2
70 75 4 2
75 13 4 2
13 46 4 2
46 69 4 2
69 0 4 0
5 9
0 60 5 3
60 61 5 3
61 55 5 3
55 64 5 4
64 47 5 4
47 53 5 3
53 24 5 4
24 35 5 4
35 0 5 0
6 9
0 60 6 4
60 61 6 4
61 70 6 3
70 1 6 4
1 62 6 3
62 71 6 5
71 3 6 4
3 73 6 3
73 0 6 0
7 11
0 49 7 5
49 8 7 5
8 65 7 4
65 25 7 5
25 34 7 5
34 62 7 5
62 37 7 5
37 58 7 4
58 38 7 4
38 41 7 5
41 0 7 0
8 7
0 68 8 3
68 50 8 4
50 14 8 5
14 63 8 3
63 74 8 5
74 29 8 3
29 0 8 0
9 7
0 57 9 3
57 59 9 3
59 54 9 5
54 56 9 3
56 19 9 3
19 58 9 3
58 0 9 0
10 8
0 57 10 5
57 59 10 5
59 63 10 5
63 26 10 3
26 20 10 3
20 30 10 5
30 9 10 5
9 0 10 0
11 2
0 15 11 4
15 0 11 0
12 8
0 7 12 3
7 55 12 5
55 75 12 5
75 53 12 5
53 39 12 4
39 72 12 3
72 69 12 4
69 0 12 0
13 7
0 43 13 4
43 54 13 4
54 56 13 4
56 67 13 5
67 2 13 4
2 52 13 4
52 0 13 0
14 4
0 31 14 5
31 66 14 4
66 28 14 3
28 0 14 0
