# Solution for ../instances-HHCRSP/InstanzVNS_HCSRP_100_5.txt
# Cost = 797.068 Dist = 2386.25 Tard = 2.47571 TMax = 2.47571
# <vehicle> <route length>
# <origin node> <dest node> <vehicle> <service type>
0 19
0 93 0 0
93 14 0 0
14 99 0 0
99 46 0 2
46 17 0 0
17 91 0 0
91 9 0 2
9 87 0 0
87 100 0 2
100 39 0 1
39 25 0 1
25 31 0 1
31 97 0 0
97 5 0 0
5 33 0 1
33 88 0 0
88 35 0 1
35 24 0 2
24 0 0 0
1 4
0 15 1 2
15 3 1 2
3 36 1 2
36 0 1 0
2 1
0 0 2 0
3 11
0 21 3 0
21 23 3 0
23 34 3 1
34 18 3 1
18 86 3 0
86 56 3 0
56 95 3 1
95 13 3 1
13 96 3 1
96 40 3 1
40 0 3 0
4 10
0 98 4 1
98 94 4 2
94 64 4 2
64 51 4 1
51 89 4 2
89 69 4 2
69 92 4 1
92 27 4 2
27 4 4 2
4 0 4 0
5 7
0 70 5 0
70 41 5 0
41 43 5 0
43 32 5 2
32 90 5 0
90 30 5 2
30 0 5 0
6 1
0 0 6 0
7 9
0 77 7 3
77 80 7 5
80 78 7 5
78 67 7 3
67 72 7 3
72 10 7 3
10 100 7 5
100 92 7 5
92 0 7 0
8 15
0 77 8 5
77 80 8 4
80 78 8 4
78 99 8 4
99 72 8 5
72 53 8 4
53 87 8 4
87 83 8 4
83 48 8 4
48 68 8 5
68 26 8 4
26 97 8 5
97 89 8 5
89 61 8 5
61 0 8 0
9 4
0 81 9 4
81 90 9 5
90 57 9 5
57 0 9 0
10 10
0 81 10 5
81 20 10 3
20 8 10 5
8 19 10 5
19 94 10 3
94 82 10 4
82 76 10 3
76 37 10 4
37 88 10 3
88 0 10 0
11 12
0 45 11 3
45 93 11 4
93 63 11 3
63 11 11 5
11 91 11 5
91 2 11 4
2 66 11 3
66 47 11 4
47 83 11 5
83 7 11 4
7 85 11 3
85 0 11 0
12 13
0 54 12 5
54 42 12 5
42 6 12 5
6 59 12 3
59 52 12 5
52 22 12 5
22 29 12 3
29 62 12 3
62 86 12 4
86 82 12 5
82 76 12 4
76 95 12 4
95 0 12 0
13 4
0 84 13 3
84 79 13 3
79 75 13 3
75 0 13 0
14 4
0 84 14 4
84 79 14 4
79 75 14 4
75 0 14 0
15 2
0 73 15 3
73 0 15 0
16 3
0 58 16 4
58 73 16 4
73 0 16 0
17 8
0 98 17 4
98 50 17 3
50 38 17 3
38 1 17 5
1 65 17 4
65 96 17 5
96 44 17 3
44 0 17 0
18 10
0 16 18 4
16 60 18 5
60 49 18 5
49 28 18 3
28 71 18 3
71 55 18 5
55 74 18 3
74 12 18 3
12 85 18 5
85 0 18 0
19 3
0 71 19 4
71 74 19 4
74 0 19 0
