# Solution for ../instances-HHCRSP/InstanzVNS_HCSRP_100_8.txt
# Cost = 755.93 Dist = 2262.4 Tard = 3.38516 TMax = 2
# <vehicle> <route length>
# <origin node> <dest node> <vehicle> <service type>
0 11
0 10 0 0
10 42 0 0
42 45 0 2
45 97 0 0
97 40 0 0
40 95 0 0
95 62 0 0
62 51 0 0
51 13 0 2
13 46 0 2
46 0 0 0
1 16
0 92 1 1
92 21 1 0
21 17 1 0
17 86 1 2
86 23 1 2
23 94 1 0
94 54 1 1
54 56 1 2
56 66 1 1
66 58 1 2
58 32 1 1
32 4 1 1
4 98 1 2
98 99 1 0
99 88 1 1
88 0 1 0
2 4
0 11 2 0
11 5 2 0
5 16 2 0
16 0 2 0
3 4
0 57 3 1
57 36 3 1
36 96 3 1
96 0 3 0
4 6
0 91 4 2
91 68 4 2
68 12 4 2
12 6 4 2
6 90 4 2
90 0 4 0
5 4
0 87 5 2
87 60 5 2
60 93 5 2
93 0 5 0
6 12
0 33 6 1
33 65 6 0
65 22 6 1
22 55 6 0
55 53 6 1
53 44 6 1
44 100 6 1
100 89 6 0
89 48 6 1
48 27 6 1
27 18 6 1
18 0 6 0
7 9
0 14 7 5
14 92 7 5
92 78 7 4
78 63 7 5
63 19 7 3
19 29 7 3
29 90 7 3
90 30 7 5
30 0 7 0
8 12
0 70 8 5
70 1 8 4
1 82 8 3
82 75 8 3
75 83 8 3
83 24 8 4
24 34 8 5
34 47 8 4
47 39 8 4
39 99 8 3
99 88 8 3
88 0 8 0
9 6
0 59 9 3
59 84 9 5
84 74 9 5
74 85 9 5
85 9 9 5
9 0 9 0
10 5
0 50 10 4
50 84 10 3
84 74 10 3
74 85 10 4
85 0 10 0
11 7
0 43 11 4
43 61 11 4
61 76 11 4
76 98 11 4
98 80 11 4
80 71 11 4
71 0 11 0
12 11
0 49 12 5
49 25 12 5
25 8 12 5
8 82 12 5
82 75 12 4
75 83 12 4
83 100 12 3
100 89 12 4
89 35 12 4
35 72 12 3
72 0 12 0
13 9
0 38 13 4
38 81 13 3
81 37 13 5
37 73 13 3
73 76 13 3
76 80 13 5
80 71 13 3
71 28 13 3
28 0 13 0
14 3
0 87 14 4
87 77 14 4
77 0 14 0
15 5
0 81 15 5
81 73 15 5
73 31 15 5
31 93 15 5
93 0 15 0
16 11
0 91 16 5
91 86 16 5
86 94 16 3
94 26 16 3
26 20 16 3
20 78 16 5
78 15 16 4
15 52 16 4
52 2 16 4
2 67 16 5
67 0 16 0
17 9
0 7 17 3
7 97 17 4
97 64 17 3
64 95 17 5
95 79 17 3
79 3 17 4
3 69 17 3
69 72 17 4
72 0 17 0
18 5
0 77 18 3
77 41 18 5
41 96 18 3
96 79 18 4
79 0 18 0
19 1
0 0 19 0
