# Solution for ../instances-HHCRSP/InstanzVNS_HCSRP_300_6.txt
# Cost = 1761.01 Dist = 5214.45 Tard = 54.0392 TMax = 14.551
# <vehicle> <route length>
# <origin node> <dest node> <vehicle> <service type>
0 11
0 66 0 0
66 183 0 1
183 103 0 0
103 157 0 0
157 275 0 1
275 127 0 1
127 190 0 0
190 23 0 1
23 189 0 0
189 147 0 1
147 0 0 0
1 11
0 193 1 1
193 264 1 1
264 269 1 1
269 182 1 1
182 277 1 1
277 15 1 1
15 126 1 1
126 174 1 1
174 278 1 1
278 191 1 1
191 0 1 0
2 15
0 20 2 2
20 165 2 0
165 95 2 1
95 33 2 0
33 271 2 0
271 129 2 2
129 19 2 1
19 104 2 1
104 168 2 2
168 1 2 1
1 58 2 1
58 266 2 2
266 150 2 2
150 113 2 0
113 0 2 0
3 11
0 30 3 2
30 143 3 2
143 299 3 2
299 255 3 2
255 177 3 1
177 265 3 2
265 273 3 1
273 180 3 2
180 257 3 1
257 79 3 2
79 0 3 0
4 14
0 16 4 0
16 283 4 0
283 284 4 0
284 36 4 1
36 2 4 0
2 285 4 1
285 18 4 0
18 295 4 0
295 78 4 0
78 136 4 0
136 77 4 0
77 72 4 0
72 76 4 1
76 0 4 0
5 9
0 290 5 0
290 5 5 1
5 90 5 0
90 260 5 0
260 298 5 1
298 281 5 1
281 132 5 0
132 161 5 0
161 0 5 0
6 12
0 282 6 2
282 67 6 2
67 25 6 2
25 82 6 2
82 97 6 2
97 184 6 2
184 40 6 2
40 128 6 2
128 296 6 2
296 98 6 2
98 99 6 2
99 0 6 0
7 10
0 31 7 2
31 124 7 2
124 133 7 2
133 119 7 2
119 64 7 2
64 197 7 2
197 187 7 2
187 156 7 2
156 294 7 2
294 0 7 0
8 6
0 159 8 1
159 121 8 1
121 111 8 1
111 293 8 1
293 274 8 1
274 0 8 0
9 16
0 60 9 2
60 258 9 0
258 13 9 0
13 47 9 2
47 276 9 2
276 3 9 2
3 287 9 2
287 53 9 1
53 94 9 0
94 24 9 1
24 80 9 1
80 251 9 2
251 267 9 2
267 106 9 1
106 254 9 0
254 0 9 0
10 11
0 131 10 0
131 122 10 1
122 151 10 0
151 280 10 0
280 26 10 0
26 291 10 0
291 286 10 0
286 199 10 0
199 259 10 0
259 272 10 0
272 0 10 0
11 7
0 139 11 2
139 22 11 2
22 116 11 2
116 92 11 2
92 300 11 2
300 181 11 2
181 0 11 0
12 18
0 51 12 2
51 198 12 0
198 144 12 2
144 4 12 0
4 158 12 1
158 134 12 0
134 173 12 0
173 61 12 1
61 256 12 1
256 288 12 1
288 114 12 0
114 172 12 1
172 12 12 2
12 73 12 2
73 297 12 1
297 253 12 1
253 109 12 0
109 0 12 0
13 10
0 43 13 1
43 279 13 1
279 188 13 1
188 252 13 1
252 292 13 1
292 262 13 0
262 268 13 1
268 289 13 1
289 261 13 1
261 0 13 0
14 2
0 44 14 0
44 0 14 0
15 5
0 59 15 1
59 112 15 1
112 263 15 1
263 270 15 1
270 0 15 0
16 2
0 85 16 1
85 0 16 0
17 3
0 41 17 0
41 142 17 0
142 0 17 0
18 14
0 207 18 3
207 65 18 3
65 216 18 4
216 242 18 3
242 275 18 5
275 248 18 4
248 244 18 3
244 163 18 5
163 241 18 3
241 87 18 5
87 262 18 3
262 266 18 5
266 29 18 3
29 0 18 0
19 16
0 207 19 5
207 195 19 4
195 138 19 3
138 84 19 5
84 89 19 4
89 107 19 4
107 256 19 5
256 219 19 3
219 211 19 3
211 288 19 4
288 101 19 3
101 218 19 3
218 236 19 3
236 247 19 3
247 297 19 3
297 0 19 0
20 19
0 88 20 4
88 282 20 5
282 231 20 3
231 93 20 5
93 17 20 5
17 204 20 4
204 214 20 3
214 228 20 3
228 145 20 3
145 271 20 5
271 244 20 4
244 186 20 5
186 241 20 4
241 268 20 3
268 289 20 4
289 261 20 4
261 169 20 4
169 125 20 3
125 0 20 0
21 14
0 154 21 3
154 231 21 5
231 204 21 5
204 214 21 5
214 228 21 5
228 295 21 4
295 277 21 5
277 108 21 4
108 28 21 5
28 102 21 5
102 206 21 4
206 230 21 3
230 229 21 3
229 0 21 0
22 8
0 283 22 5
283 299 22 3
299 284 22 5
284 233 22 4
233 34 22 5
34 224 22 3
224 225 22 3
225 0 22 0
23 15
0 11 23 4
11 249 23 3
249 258 23 3
258 48 23 4
48 216 23 5
216 276 23 3
276 287 23 5
287 239 23 4
239 196 23 4
196 38 23 5
38 251 23 3
251 236 23 5
236 247 23 4
247 253 23 4
253 0 23 0
24 16
0 202 24 3
202 8 24 4
8 171 24 5
171 52 24 3
52 46 24 4
46 242 24 5
242 153 24 5
153 248 24 5
248 100 24 4
100 155 24 5
155 239 24 5
239 176 24 5
176 267 24 4
267 110 24 3
110 229 24 4
229 0 24 0
25 19
0 202 25 4
202 35 25 5
35 7 25 5
7 148 25 4
148 137 25 5
137 91 25 4
91 62 25 4
62 264 25 3
264 269 25 4
269 9 25 4
9 235 25 3
235 296 25 5
296 123 25 3
123 166 25 5
166 206 25 5
206 230 25 4
230 135 25 4
135 254 25 3
254 0 25 0
26 15
0 49 26 4
49 45 26 5
45 6 26 5
6 86 26 5
86 243 26 3
243 280 26 4
280 194 26 5
194 162 26 5
162 235 26 4
235 185 26 5
185 170 26 5
170 69 26 3
69 175 26 3
175 226 26 3
226 0 26 0
27 7
0 178 27 4
178 54 27 3
54 233 27 5
233 213 27 4
213 42 27 4
42 70 27 3
70 0 27 0
28 8
0 50 28 3
50 56 28 5
56 240 28 3
240 217 28 5
217 300 28 4
300 263 28 4
263 245 28 3
245 0 28 0
29 12
0 249 29 5
249 141 29 5
141 152 29 5
152 192 29 3
192 74 29 5
74 252 29 5
252 292 29 3
292 219 29 4
219 211 29 5
211 218 29 4
218 278 29 4
278 0 29 0
30 11
0 290 30 5
290 210 30 3
210 146 30 3
146 81 30 4
81 68 30 5
68 203 30 4
203 222 30 3
222 259 30 5
259 272 30 4
272 179 30 5
179 0 30 0
31 11
0 238 31 3
238 215 31 4
215 55 31 4
55 27 31 4
27 279 31 3
279 200 31 4
200 221 31 3
221 118 31 4
118 213 31 5
213 270 31 5
270 0 31 0
32 11
0 238 32 4
238 215 32 5
215 71 32 5
71 21 32 3
21 149 32 4
149 221 32 5
221 117 32 4
117 257 32 4
257 115 32 5
115 14 32 3
14 0 32 0
33 12
0 160 33 5
160 39 33 5
39 37 33 4
37 243 33 4
243 291 33 3
291 120 33 5
120 286 33 5
286 293 33 4
293 274 33 5
274 201 33 3
201 226 33 4
226 0 33 0
34 14
0 208 34 3
208 209 34 3
209 250 34 3
250 255 34 3
255 285 34 4
285 223 34 4
223 140 34 5
140 232 34 3
232 105 34 5
105 32 34 4
32 130 34 3
130 227 34 4
227 57 34 3
57 0 34 0
35 11
0 208 35 5
208 209 35 5
209 250 35 4
250 223 35 5
223 232 35 4
232 265 35 3
265 273 35 3
273 227 35 5
227 224 35 5
224 225 35 4
225 0 35 0
36 6
0 234 36 4
234 63 36 3
63 240 36 4
240 217 36 4
217 245 36 4
245 0 36 0
37 10
0 212 37 4
212 246 37 3
246 210 37 4
210 83 37 4
83 260 37 3
260 298 37 3
298 220 37 4
220 75 37 4
75 294 37 3
294 0 37 0
38 11
0 234 38 5
234 167 38 4
167 205 38 4
205 237 38 4
237 281 38 5
281 220 38 5
220 203 38 5
203 222 38 5
222 96 38 3
96 201 38 4
201 0 38 0
39 7
0 212 39 5
212 246 39 5
246 205 39 5
205 237 39 5
237 164 39 3
164 10 39 5
10 0 39 0
