# Solution for ../instances-HHCRSP/InstanzVNS_HCSRP_100_3.txt
# Cost = 834.969 Dist = 2497.92 Tard = 4.89722 TMax = 2.08801
# <vehicle> <route length>
# <origin node> <dest node> <vehicle> <service type>
0 10
0 26 0 1
26 20 0 1
20 62 0 1
62 4 0 1
4 34 0 0
34 63 0 1
63 41 0 1
41 93 0 1
93 3 0 0
3 0 0 0
1 6
0 96 1 0
96 22 1 0
22 59 1 0
59 94 1 0
94 86 1 0
86 0 1 0
2 8
0 35 2 2
35 40 2 1
40 47 2 2
47 67 2 1
67 31 2 2
31 54 2 1
54 99 2 2
99 0 2 0
3 10
0 23 3 1
23 88 3 1
88 10 3 1
10 100 3 1
100 89 3 1
89 92 3 1
92 65 3 1
65 68 3 0
68 21 3 1
21 0 3 0
4 8
0 61 4 2
61 2 4 2
2 1 4 2
1 91 4 2
91 29 4 2
29 69 4 2
69 97 4 2
97 0 4 0
5 14
0 50 5 2
50 33 5 0
33 9 5 1
9 98 5 2
98 6 5 0
6 90 5 1
90 64 5 2
64 45 5 2
45 17 5 0
17 43 5 2
43 87 5 0
87 60 5 0
60 5 5 0
5 0 5 0
6 3
0 95 6 0
95 38 6 0
38 0 6 0
7 6
0 15 7 3
15 36 7 3
36 71 7 3
71 74 7 3
74 90 7 3
90 0 7 0
8 7
0 49 8 4
49 28 8 5
28 100 8 3
100 95 8 5
95 81 8 4
81 39 8 3
39 0 8 0
9 12
0 44 9 4
44 55 9 3
55 71 9 4
71 74 9 4
74 98 9 4
98 8 9 4
8 12 9 4
12 82 9 3
82 52 9 3
52 87 9 3
87 11 9 3
11 0 9 0
10 10
0 80 10 3
80 32 10 5
32 85 10 3
85 75 10 5
75 84 10 3
84 51 10 3
51 82 10 5
82 57 10 3
57 78 10 5
78 0 10 0
11 6
0 42 11 5
42 83 11 5
83 91 11 5
91 79 11 5
79 30 11 5
30 0 11 0
12 8
0 80 12 4
80 7 12 3
7 85 12 5
85 75 12 4
75 84 12 4
84 66 12 3
66 78 12 4
78 0 12 0
13 5
0 24 13 5
24 89 13 3
89 81 13 5
81 77 13 3
77 0 13 0
14 7
0 16 14 4
16 88 14 5
88 73 14 4
73 46 14 4
46 48 14 5
48 77 14 4
77 0 14 0
15 7
0 83 15 4
83 92 15 4
92 79 15 3
79 73 15 5
73 97 15 4
97 53 15 3
53 0 15 0
16 8
0 27 16 5
27 96 16 5
96 70 16 5
70 93 16 4
93 76 16 4
76 14 16 4
14 72 16 5
72 0 16 0
17 2
0 37 17 3
37 0 17 0
18 8
0 19 18 4
19 13 18 5
13 76 18 5
76 18 18 3
18 94 18 5
94 86 18 5
86 99 18 5
99 0 18 0
19 5
0 56 19 4
56 58 19 4
58 25 19 4
25 72 19 4
72 0 19 0
