# Solution for ../instances-HHCRSP/InstanzCPLEX_HCSRP_50_8.txt
# Cost = 481.28 Dist = 1407.19 Tard = 27.5961 TMax = 9.05526
# <vehicle> <route length>
# <origin node> <dest node> <vehicle> <service type>
0 7
0 11 0 0
11 23 0 2
23 17 0 0
17 21 0 0
21 6 0 2
6 12 0 2
12 0 0 0
1 14
0 10 1 0
10 43 1 1
43 49 1 0
49 22 1 1
22 33 1 1
33 50 1 1
50 44 1 1
44 27 1 1
27 4 1 1
4 5 1 0
5 16 1 0
16 32 1 1
32 18 1 1
18 0 1 0
2 6
0 45 2 2
45 13 2 2
13 47 2 2
47 48 2 0
48 46 2 2
46 0 2 0
3 9
0 26 3 3
26 14 3 5
14 20 3 3
20 36 3 4
36 19 3 3
19 2 3 4
2 29 3 3
29 9 3 5
9 0 3 0
4 11
0 43 4 4
43 49 4 3
49 45 4 4
45 25 4 5
25 24 4 4
24 3 4 4
3 44 4 3
44 39 4 4
39 35 4 4
35 46 4 3
46 0 4 0
5 8
0 42 5 3
42 40 5 4
40 7 5 3
7 1 5 4
1 37 5 3
37 38 5 4
38 41 5 4
41 0 5 0
6 9
0 42 6 4
42 40 6 5
40 8 6 5
8 50 6 5
50 34 6 5
34 47 6 4
47 48 6 5
48 39 6 5
39 0 6 0
7 5
0 37 7 5
37 31 7 5
31 38 7 3
38 41 7 5
41 0 7 0
8 2
0 28 8 3
28 0 8 0
9 4
0 15 9 4
15 36 9 5
36 30 9 5
30 0 9 0
