# Solution for ../instances-HHCRSP/InstanzVNS_HCSRP_100_3.txt
# Cost = 812.954 Dist = 2426.29 Tard = 7.29471 TMax = 5.28011
# <vehicle> <route length>
# <origin node> <dest node> <vehicle> <service type>
0 9
0 23 0 1
23 88 0 1
88 10 0 1
10 100 0 1
100 89 0 1
89 95 0 0
95 38 0 0
38 21 0 1
21 0 0 0
1 10
0 96 1 0
96 34 1 0
34 22 1 0
22 59 1 0
59 6 1 0
6 94 1 0
94 86 1 0
86 87 1 0
87 60 1 0
60 0 1 0
2 10
0 50 2 2
50 9 2 1
9 98 2 2
98 90 2 1
90 64 2 2
64 92 2 1
92 69 2 2
69 65 2 1
65 29 2 2
29 0 2 0
3 9
0 26 3 1
26 20 3 1
20 62 3 1
62 4 3 1
4 41 3 1
41 63 3 1
63 93 3 1
93 3 3 0
3 0 3 0
4 6
0 61 4 2
61 2 4 2
2 1 4 2
1 91 4 2
91 97 4 2
97 0 4 0
5 13
0 35 5 2
35 33 5 0
33 40 5 1
40 47 5 2
47 45 5 2
45 17 5 0
17 43 5 2
43 67 5 1
67 5 5 0
5 31 5 2
31 54 5 1
54 99 5 2
99 0 5 0
6 2
0 68 6 0
68 0 6 0
7 9
0 71 7 3
71 74 7 3
74 55 7 3
55 82 7 3
82 51 7 3
51 52 7 3
52 87 7 3
87 11 7 3
11 0 7 0
8 13
0 71 8 4
71 44 8 4
44 74 8 4
74 98 8 4
98 7 8 3
7 80 8 4
80 32 8 5
32 85 8 3
85 75 8 4
75 84 8 4
84 57 8 3
57 78 8 4
78 0 8 0
9 9
0 49 9 4
49 28 9 5
28 100 9 3
100 89 9 3
89 95 9 5
95 81 9 4
81 39 9 3
39 77 9 4
77 0 9 0
10 6
0 88 10 5
88 73 10 5
73 48 10 5
48 81 10 5
81 77 10 3
77 0 10 0
11 6
0 42 11 5
42 83 11 5
83 91 11 5
91 79 11 5
79 30 11 5
30 0 11 0
12 9
0 16 12 4
16 83 12 4
83 92 12 4
92 79 12 3
79 46 12 4
46 73 12 4
73 97 12 4
97 53 12 3
53 0 12 0
13 8
0 96 13 5
96 70 13 5
70 80 13 3
80 85 13 5
85 75 13 5
75 84 13 3
84 66 13 3
66 0 13 0
14 9
0 56 14 4
56 58 14 4
58 13 14 5
13 18 14 3
18 19 14 4
19 76 14 4
76 14 14 4
14 72 14 4
72 0 14 0
15 10
0 15 15 3
15 36 15 3
36 90 15 3
90 8 15 4
8 82 15 5
82 12 15 4
12 94 15 5
94 86 15 5
86 99 15 5
99 0 15 0
16 6
0 24 16 5
24 27 16 5
27 93 16 4
93 76 16 5
76 78 16 5
78 0 16 0
17 2
0 72 17 5
72 0 17 0
18 2
0 37 18 3
37 0 18 0
19 2
0 25 19 4
25 0 19 0
