# Solution for ../instances-HHCRSP/InstanzVNS_HCSRP_100_10.txt
# Cost = 847.625 Dist = 2542.88 Tard = 0 TMax = 0
# <vehicle> <route length>
# <origin node> <dest node> <vehicle> <service type>
0 13
0 89 0 0
89 2 0 0
2 86 0 0
86 44 0 0
44 58 0 0
58 31 0 2
31 95 0 0
95 60 0 0
60 48 0 0
48 14 0 0
14 66 0 0
66 28 0 2
28 0 0 0
1 5
0 100 1 1
100 87 1 1
87 18 1 1
18 97 1 1
97 0 1 0
2 8
0 63 2 2
63 57 2 2
57 70 2 2
70 32 2 2
32 24 2 2
24 96 2 2
96 59 2 2
59 0 2 0
3 5
0 94 3 2
94 29 3 2
29 99 3 2
99 92 3 2
92 0 3 0
4 12
0 22 4 1
22 34 4 2
34 7 4 1
7 61 4 2
61 90 4 1
90 91 4 2
91 88 4 1
88 27 4 2
27 42 4 1
42 43 4 2
43 30 4 2
30 0 4 0
5 12
0 33 5 0
33 64 5 1
64 11 5 1
11 4 5 0
4 26 5 1
26 16 5 0
16 93 5 1
93 19 5 1
19 36 5 1
36 62 5 0
62 47 5 0
47 0 5 0
6 5
0 50 6 1
50 35 6 1
35 98 6 1
98 40 6 1
40 0 6 0
7 4
0 100 7 4
100 53 7 3
53 87 7 4
87 0 7 0
8 11
0 89 8 5
89 76 8 3
76 84 8 3
84 95 8 5
95 81 8 3
81 79 8 3
79 74 8 3
74 13 8 3
13 75 8 5
75 77 8 5
77 0 8 0
9 14
0 45 9 4
45 78 9 3
78 68 9 5
68 15 9 3
15 83 9 3
83 90 9 5
90 91 9 4
91 52 9 5
52 88 9 3
88 51 9 5
51 67 9 4
67 72 9 3
72 54 9 5
54 0 9 0
10 6
0 76 10 4
76 65 10 4
65 84 10 4
84 98 10 5
98 82 10 3
82 0 10 0
11 12
0 78 11 4
78 39 11 3
39 3 11 3
3 6 11 4
6 8 11 4
8 1 11 3
1 23 11 3
23 10 11 4
10 21 11 5
21 75 11 4
75 77 11 4
77 0 11 0
12 6
0 5 12 4
5 85 12 3
85 97 12 3
97 17 12 4
17 82 12 4
82 0 12 0
13 1
0 0 13 0
14 8
0 73 14 3
73 94 14 4
94 80 14 3
80 71 14 4
71 83 14 4
83 99 14 5
99 72 14 5
72 0 14 0
15 2
0 92 15 3
92 0 15 0
16 8
0 73 16 4
73 80 16 5
80 71 16 5
71 46 16 5
46 25 16 5
25 41 16 5
41 55 16 5
55 0 16 0
17 16
0 85 17 4
85 49 17 5
49 12 17 5
12 20 17 4
20 37 17 4
37 86 17 3
86 38 17 4
38 93 17 4
93 9 17 3
9 69 17 5
69 56 17 5
56 96 17 3
96 81 17 5
81 79 17 4
79 74 17 4
74 0 17 0
18 1
0 0 18 0
19 1
0 0 19 0
