# Solution for ../instances-HHCRSP/InstanzVNS_HCSRP_300_6.txt
# Cost = 1714.38 Dist = 5097.37 Tard = 35.2889 TMax = 10.4707
# <vehicle> <route length>
# <origin node> <dest node> <vehicle> <service type>
0 15
0 66 0 0
66 183 0 1
183 18 0 0
18 33 0 0
33 103 0 0
103 295 0 0
295 277 0 1
277 189 0 0
189 127 0 1
127 190 0 0
190 23 0 1
23 15 0 1
15 106 0 1
106 254 0 0
254 0 0 0
1 10
0 279 1 1
279 95 1 1
95 104 1 1
104 19 1 1
19 268 1 1
268 278 1 1
278 58 1 1
58 191 1 1
191 289 1 1
289 0 1 0
2 17
0 60 2 2
60 4 2 0
4 258 2 0
258 13 2 0
13 276 2 2
276 287 2 2
287 53 2 1
53 47 2 2
47 94 2 0
94 24 2 1
24 251 2 2
251 80 2 1
80 73 2 2
73 12 2 2
12 114 2 0
114 113 2 0
113 0 2 0
3 13
0 25 3 2
25 282 3 2
282 264 3 1
264 269 3 1
269 182 3 1
182 184 3 2
184 40 3 2
40 296 3 2
296 128 3 2
128 99 3 2
99 76 3 1
76 98 3 2
98 0 3 0
4 16
0 165 4 0
165 198 4 0
198 158 4 1
158 134 4 0
134 173 4 0
173 256 4 1
256 252 4 1
252 188 4 1
188 292 4 1
292 61 4 1
61 288 4 1
288 172 4 1
172 297 4 1
297 253 4 1
253 109 4 0
109 0 4 0
5 10
0 290 5 0
290 5 5 1
5 122 5 1
122 291 5 0
291 280 5 0
280 193 5 1
193 147 5 1
147 26 5 0
26 286 5 0
286 0 5 0
6 9
0 30 6 2
30 143 6 2
143 299 6 2
299 255 6 2
255 265 6 2
265 129 6 2
129 180 6 2
180 79 6 2
79 0 6 0
7 7
0 144 7 2
144 20 7 2
20 51 7 2
51 82 7 2
82 97 7 2
97 267 7 2
267 0 7 0
8 3
0 43 8 1
43 270 8 1
270 0 8 0
9 14
0 151 9 0
151 67 9 2
67 157 9 0
157 275 9 1
275 3 9 2
3 271 9 0
271 126 9 1
126 174 9 1
174 262 9 0
262 266 9 2
266 150 9 2
150 1 9 1
1 168 9 2
168 0 9 0
10 15
0 16 10 0
16 283 10 0
283 284 10 0
284 36 10 1
36 2 10 0
2 285 10 1
285 136 10 0
136 78 10 0
78 77 10 0
77 273 10 1
273 177 10 1
177 72 10 0
72 261 10 1
261 257 10 1
257 0 10 0
11 9
0 31 11 2
31 64 11 2
64 119 11 2
119 133 11 2
133 197 11 2
197 187 11 2
187 156 11 2
156 294 11 2
294 0 11 0
12 15
0 139 12 2
139 22 12 2
22 131 12 0
131 124 12 2
124 90 12 0
90 260 12 0
260 116 12 2
116 92 12 2
92 59 12 1
59 112 12 1
112 300 12 2
300 263 12 1
263 181 12 2
181 85 12 1
85 0 12 0
13 9
0 44 13 0
44 111 13 1
111 121 13 1
121 293 13 1
293 199 13 0
199 274 13 1
274 259 13 0
259 272 13 0
272 0 13 0
14 3
0 41 14 0
41 142 14 0
142 0 14 0
15 4
0 159 15 1
159 281 15 1
281 298 15 1
298 0 15 0
16 1
0 0 16 0
17 3
0 161 17 0
161 132 17 0
132 0 17 0
18 14
0 195 18 4
195 11 18 4
11 249 18 3
249 258 18 3
258 216 18 4
216 276 18 3
276 242 18 3
242 287 18 5
287 239 18 4
239 155 18 5
155 71 18 5
71 261 18 4
261 289 18 4
289 0 18 0
19 18
0 202 19 3
202 215 19 4
215 228 19 3
228 145 19 3
145 138 19 3
138 89 19 4
89 84 19 5
84 256 19 5
256 219 19 3
219 211 19 3
211 107 19 4
107 101 19 3
101 218 19 3
218 236 19 3
236 297 19 3
297 247 19 3
247 253 19 4
253 0 19 0
20 16
0 202 20 4
202 215 20 5
215 228 20 5
228 171 20 5
171 207 20 3
207 244 20 3
244 52 20 3
52 248 20 4
248 295 20 4
295 277 20 5
277 9 20 4
9 206 20 4
206 230 20 3
230 166 20 5
166 123 20 3
123 0 20 0
21 15
0 250 21 3
250 279 21 3
279 27 21 4
27 55 21 4
55 8 21 4
8 21 21 3
21 149 21 4
149 200 21 4
200 268 21 3
268 241 21 3
241 87 21 5
87 262 21 3
262 266 21 5
266 29 21 3
29 0 21 0
22 14
0 250 22 4
250 249 22 5
249 141 22 5
141 152 22 5
152 192 22 3
192 74 22 5
74 219 22 4
219 211 22 5
211 288 22 4
288 218 22 4
218 196 22 4
196 176 22 5
176 110 22 3
110 0 22 0
23 11
0 290 23 5
290 210 23 3
210 146 23 3
146 86 23 5
86 203 23 4
203 260 23 3
260 81 23 4
81 222 23 3
222 220 23 4
220 75 23 4
75 0 23 0
24 13
0 210 24 4
210 83 24 4
83 68 24 5
68 203 24 5
203 37 24 4
37 293 24 4
293 274 24 5
274 259 24 5
259 179 24 5
179 272 24 4
272 201 24 3
201 96 24 3
96 0 24 0
25 17
0 39 25 5
39 45 25 5
45 6 25 5
6 49 25 4
49 148 25 4
148 91 25 4
91 162 25 5
162 235 25 3
235 185 25 5
185 69 25 3
69 125 25 3
125 117 25 4
117 169 25 4
169 257 25 4
257 115 25 5
115 14 25 3
14 0 25 0
26 17
0 238 26 3
238 231 26 3
231 214 26 3
214 204 26 4
204 207 26 5
207 244 26 4
244 271 26 5
271 186 26 5
186 252 26 5
252 292 26 3
292 241 26 4
241 278 26 4
278 163 26 5
163 267 26 4
267 229 26 3
229 254 26 3
254 0 26 0
27 17
0 238 27 4
238 231 27 5
231 214 27 5
214 204 27 5
204 275 27 5
275 17 27 5
17 153 27 5
153 100 27 4
100 248 27 5
248 28 27 5
28 108 27 4
108 102 27 5
102 206 27 5
206 230 27 4
230 229 27 4
229 135 27 4
135 0 27 0
28 14
0 178 28 4
178 299 28 3
299 284 28 5
284 233 28 4
233 34 28 5
34 209 28 3
209 223 28 4
223 105 28 5
105 32 28 4
32 130 28 3
130 227 28 4
227 225 28 3
225 224 28 3
224 0 28 0
29 14
0 282 29 5
282 62 29 4
62 264 29 3
264 269 29 4
269 243 29 3
243 194 29 5
194 120 29 5
120 235 29 4
235 296 29 5
296 170 29 5
170 175 29 3
175 226 29 3
226 201 29 4
201 0 29 0
30 9
0 160 30 5
160 7 30 5
7 137 30 5
137 243 30 4
243 291 30 3
291 280 30 4
280 286 30 5
286 226 30 4
226 0 30 0
31 10
0 246 31 3
246 167 31 4
167 205 31 4
205 237 31 4
237 212 31 5
212 57 31 3
57 227 31 5
227 225 31 4
225 224 31 5
224 0 31 0
32 7
0 246 32 5
246 281 32 5
281 298 32 3
298 222 32 5
222 220 32 5
220 294 32 3
294 0 32 0
33 12
0 50 33 3
50 56 33 5
56 283 33 5
283 54 33 3
54 233 33 5
233 240 33 3
240 217 33 5
217 245 33 3
245 300 33 4
300 263 33 4
263 70 33 3
70 0 33 0
34 14
0 35 34 5
35 88 34 4
88 93 34 5
93 65 34 3
65 48 34 4
48 216 34 5
216 242 34 5
242 46 34 4
46 239 34 5
239 251 34 3
251 236 34 5
236 38 34 5
38 247 34 4
247 0 34 0
35 14
0 208 35 3
208 154 35 3
154 140 35 5
140 255 35 3
255 285 35 4
285 265 35 3
265 273 35 3
273 232 35 3
232 221 35 3
221 118 35 4
118 213 35 4
213 270 35 5
270 42 35 4
42 0 35 0
36 6
0 234 36 4
234 63 36 3
63 240 36 4
240 217 36 4
217 245 36 4
245 0 36 0
37 2
0 212 37 4
212 0 37 0
38 7
0 208 38 5
208 209 38 5
209 223 38 5
223 232 38 4
232 221 38 5
221 213 38 5
213 0 38 0
39 6
0 234 39 5
234 205 39 5
205 237 39 5
237 164 39 3
164 10 39 5
10 0 39 0
