# Solution for ../instances-HHCRSP/InstanzVNS_HCSRP_200_9.txt
# Cost = 1322.45 Dist = 3956.2 Tard = 6.45052 TMax = 4.7047
# <vehicle> <route length>
# <origin node> <dest node> <vehicle> <service type>
0 8
0 192 0 0
192 177 0 0
177 182 0 0
182 123 0 0
123 190 0 0
190 188 0 0
188 55 0 0
55 0 0 0
1 12
0 185 1 2
185 16 1 2
16 64 1 2
64 199 1 2
199 23 1 2
23 184 1 2
184 28 1 2
28 127 1 2
127 174 1 2
174 126 1 2
126 93 1 2
93 0 1 0
2 13
0 54 2 1
54 179 2 1
179 56 2 0
56 4 2 1
4 83 2 0
83 27 2 0
27 134 2 1
134 78 2 1
78 80 2 0
80 138 2 1
138 74 2 1
74 69 2 0
69 0 2 0
3 11
0 101 3 1
101 73 3 0
73 43 3 0
43 71 3 0
71 194 3 0
194 181 3 1
181 198 3 1
198 140 3 0
140 31 3 0
31 53 3 0
53 0 3 0
4 14
0 82 4 1
82 97 4 1
97 96 4 1
96 85 4 1
85 61 4 0
61 30 4 1
30 1 4 1
1 186 4 1
186 122 4 1
122 105 4 1
105 125 4 1
125 171 4 0
171 172 4 0
172 0 4 0
5 17
0 11 5 2
11 79 5 0
79 36 5 2
36 178 5 0
178 196 5 2
196 95 5 2
95 8 5 0
8 139 5 2
139 77 5 2
77 200 5 0
200 72 5 2
72 45 5 2
45 176 5 2
176 112 5 2
112 57 5 2
57 111 5 2
111 0 5 0
6 3
0 180 6 0
180 32 6 0
32 0 6 0
7 13
0 116 7 2
116 81 7 0
81 47 7 2
47 90 7 0
90 33 7 0
33 87 7 2
87 187 7 2
187 58 7 2
58 26 7 0
26 20 7 0
20 183 7 2
183 44 7 2
44 0 7 0
8 9
0 59 8 2
59 42 8 2
42 98 8 1
98 189 8 0
189 197 8 0
197 10 8 1
10 135 8 1
135 60 8 2
60 0 8 0
9 17
0 117 9 1
117 89 9 1
89 9 9 1
9 35 9 2
35 173 9 2
173 50 9 1
50 195 9 2
195 124 9 2
124 84 9 2
84 175 9 2
175 18 9 2
18 86 9 1
86 193 9 1
193 137 9 1
137 21 9 1
21 191 9 1
191 0 9 0
10 13
0 192 10 5
192 146 10 4
146 150 10 5
150 161 10 5
161 168 10 4
168 68 10 4
68 155 10 5
155 12 10 4
12 131 10 5
131 24 10 4
24 167 10 4
167 148 10 4
148 0 10 0
11 15
0 106 11 3
106 146 11 3
146 150 11 3
150 161 11 3
161 168 11 5
168 178 11 5
178 196 11 5
196 119 11 3
119 70 11 5
70 75 11 5
75 175 11 4
175 92 11 4
92 176 11 3
176 51 11 4
51 0 11 0
12 11
0 133 12 3
133 185 12 5
185 39 12 3
39 46 12 5
46 142 12 3
142 194 12 5
194 3 12 4
3 181 12 5
181 94 12 4
94 141 12 3
141 0 12 0
13 15
0 52 13 4
52 179 13 4
179 104 13 4
104 67 13 5
67 166 13 3
166 162 13 3
162 6 13 3
6 63 13 4
63 144 13 4
144 37 13 5
37 38 13 3
38 17 13 5
17 13 13 4
13 141 13 4
141 0 13 0
14 4
0 143 14 4
143 120 14 4
120 114 14 4
114 0 14 0
15 10
0 154 15 3
154 145 15 4
145 2 15 4
2 163 15 3
163 184 15 4
184 102 15 3
102 169 15 3
169 159 15 3
159 174 15 3
174 0 15 0
16 3
0 143 16 5
143 180 16 5
180 0 16 0
17 7
0 165 17 3
165 100 17 5
100 25 17 5
25 151 17 3
151 7 17 5
7 149 17 3
149 0 17 0
18 15
0 154 18 4
154 145 18 5
145 109 18 3
109 199 18 5
199 128 18 5
128 103 18 5
103 163 18 4
163 186 18 3
186 152 18 3
152 118 18 3
118 183 18 3
183 65 18 5
65 171 18 4
171 172 18 4
172 0 18 0
19 8
0 165 19 4
165 99 19 4
99 151 19 4
151 142 19 4
142 198 19 4
198 14 19 4
14 149 19 4
149 0 19 0
20 14
0 170 20 4
170 49 20 5
49 164 20 4
164 130 20 4
130 115 20 3
115 195 20 3
195 187 20 3
187 29 20 3
29 152 20 5
152 190 20 3
190 188 20 5
188 40 20 5
40 148 20 5
148 0 20 0
21 13
0 170 21 5
170 164 21 5
164 177 21 5
177 113 21 3
113 110 21 3
110 173 21 5
173 15 21 5
15 158 21 3
158 160 21 3
160 200 21 5
200 193 21 5
193 191 21 3
191 0 21 0
22 5
0 156 22 4
156 41 22 4
41 108 22 5
108 157 22 3
157 0 22 0
23 10
0 156 23 5
156 34 23 4
34 66 23 3
66 107 23 5
107 5 23 5
5 182 23 5
182 76 23 3
76 169 23 4
169 159 23 4
159 0 23 0
24 7
0 147 24 3
147 166 24 5
166 162 24 5
162 144 24 3
144 129 24 5
129 48 24 5
48 0 24 0
25 12
0 147 25 4
147 22 25 4
22 155 25 3
155 132 25 3
132 62 25 3
62 19 25 5
19 88 25 4
88 158 25 5
158 160 25 5
160 136 25 3
136 167 25 3
167 0 25 0
26 6
0 91 26 3
91 153 26 4
153 189 26 5
189 121 26 4
121 157 26 5
157 0 26 0
27 3
0 153 27 5
153 197 27 5
197 0 27 0
28 1
0 0 28 0
29 1
0 0 29 0
