# Solution for ../instances-HHCRSP/InstanzVNS_HCSRP_200_2.txt
# Cost = 1379.41 Dist = 4104.16 Tard = 24.1847 TMax = 9.89063
# <vehicle> <route length>
# <origin node> <dest node> <vehicle> <service type>
0 7
0 120 0 1
120 186 0 1
186 17 0 1
17 194 0 1
194 197 0 0
197 195 0 1
195 0 0 0
1 7
0 40 1 2
40 193 1 2
193 72 1 2
72 180 1 2
180 184 1 2
184 12 1 2
12 0 1 0
2 16
0 61 2 2
61 91 2 0
91 182 2 0
182 11 2 2
11 26 2 0
26 136 2 2
136 196 2 0
196 2 2 0
2 45 2 0
45 41 2 2
41 19 2 2
19 103 2 2
103 179 2 2
179 97 2 2
97 178 2 2
178 0 2 0
3 15
0 132 3 1
132 172 3 1
172 174 3 2
174 181 3 1
181 171 3 1
171 140 3 1
140 138 3 1
138 34 3 2
34 66 3 2
66 129 3 1
129 187 3 2
187 15 3 2
15 176 3 2
176 65 3 2
65 0 3 0
4 7
0 189 4 2
189 3 4 2
3 175 4 2
175 100 4 2
100 90 4 2
90 16 4 2
16 0 4 0
5 14
0 198 5 0
198 14 5 0
14 54 5 1
54 108 5 1
108 173 5 1
173 133 5 1
133 105 5 0
105 188 5 1
188 114 5 0
114 31 5 1
31 10 5 0
10 106 5 0
106 21 5 0
21 0 5 0
6 16
0 177 6 1
177 190 6 0
190 96 6 1
96 9 6 1
9 71 6 1
71 67 6 0
67 131 6 1
131 183 6 1
183 80 6 1
80 113 6 1
113 56 6 1
56 4 6 1
4 42 6 1
42 32 6 0
32 82 6 1
82 0 6 0
7 3
0 59 7 2
59 43 7 2
43 0 7 0
8 8
0 39 8 1
39 200 8 1
200 92 8 1
92 38 8 1
38 116 8 0
116 185 8 1
185 192 8 0
192 0 8 0
9 16
0 46 9 0
46 121 9 2
121 199 9 0
199 83 9 0
83 115 9 0
115 123 9 1
123 117 9 1
117 36 9 2
36 44 9 1
44 33 9 1
33 6 9 0
6 191 9 0
191 57 9 0
57 128 9 1
128 7 9 0
7 0 9 0
10 16
0 147 10 5
147 172 10 5
172 151 10 4
151 49 10 4
49 170 10 4
170 196 10 4
196 27 10 4
27 84 10 4
84 188 10 4
188 124 10 4
124 68 10 4
68 153 10 4
153 35 10 4
35 149 10 4
149 74 10 4
74 0 10 0
11 13
0 186 11 3
186 193 11 4
193 101 11 3
101 22 11 3
22 183 11 4
183 125 11 4
125 180 11 4
180 150 11 3
150 130 11 3
130 148 11 3
148 76 11 3
76 24 11 4
24 0 11 0
12 14
0 147 12 3
147 182 12 3
182 151 12 3
151 170 12 5
170 5 12 3
5 134 12 4
134 158 12 5
158 109 12 5
109 18 12 3
18 153 12 5
153 78 12 3
78 187 12 3
187 165 12 3
165 0 12 0
13 19
0 198 13 3
198 161 13 3
161 135 13 5
135 81 13 3
81 173 13 3
173 145 13 5
145 73 13 3
73 144 13 5
144 156 13 3
156 88 13 3
88 167 13 5
167 122 13 3
122 159 13 3
159 160 13 3
160 155 13 3
155 179 13 3
179 149 13 5
149 176 13 3
176 0 13 0
14 14
0 177 14 5
177 161 14 4
161 174 14 5
174 145 14 4
145 144 14 4
144 156 14 5
156 167 14 4
167 25 14 4
25 58 14 4
58 160 14 5
160 155 14 4
155 55 14 5
55 79 14 3
79 0 14 0
15 7
0 146 15 4
146 13 15 4
13 168 15 4
168 181 15 4
181 158 15 4
158 165 15 4
165 0 15 0
16 12
0 190 16 3
190 127 16 5
127 51 16 5
51 119 16 5
119 98 16 4
98 70 16 5
70 194 16 3
194 37 16 3
37 197 16 4
197 195 16 4
195 178 16 4
178 0 16 0
17 20
0 146 17 5
146 1 17 4
1 118 17 4
118 77 17 4
77 8 17 3
8 168 17 3
168 28 17 5
28 171 17 5
171 75 17 5
75 94 17 5
94 48 17 3
48 29 17 3
29 159 17 4
159 111 17 4
111 150 17 5
150 184 17 4
184 148 17 5
148 139 17 3
139 47 17 4
47 0 17 0
18 3
0 63 18 4
63 30 18 4
30 0 18 0
19 11
0 50 19 5
50 199 19 5
199 53 19 4
53 104 19 3
104 99 19 4
99 85 19 4
85 23 19 5
23 191 19 5
191 95 19 3
95 169 19 4
169 0 19 0
20 18
0 126 20 5
126 89 20 5
89 189 20 3
189 154 20 3
154 110 20 5
110 62 20 4
62 162 20 4
162 107 20 4
107 163 20 3
163 141 20 4
141 164 20 3
164 102 20 3
102 142 20 3
142 166 20 4
166 87 20 4
87 64 20 3
64 143 20 3
143 0 20 0
21 9
0 154 21 5
154 162 21 5
162 163 21 4
163 141 21 5
141 164 21 5
164 152 21 4
152 52 21 4
52 143 21 5
143 0 21 0
22 5
0 200 22 3
200 20 22 5
20 69 22 4
69 192 22 3
192 0 22 0
23 8
0 137 23 3
137 93 23 3
93 157 23 5
157 175 23 3
175 112 23 5
112 152 23 5
152 169 23 3
169 0 23 0
24 7
0 60 24 5
60 157 24 4
157 142 24 4
142 166 24 5
166 86 24 3
86 185 24 5
185 0 24 0
25 1
0 0 25 0
26 1
0 0 26 0
27 1
0 0 27 0
28 1
0 0 28 0
29 1
0 0 29 0
