# Solution for ../instances-HHCRSP/InstanzVNS_HCSRP_200_9.txt
# Cost = 1358.54 Dist = 4030.38 Tard = 33.1891 TMax = 12.0548
# <vehicle> <route length>
# <origin node> <dest node> <vehicle> <service type>
0 6
0 192 0 0
192 123 0 0
123 182 0 0
182 61 0 0
61 55 0 0
55 0 0 0
1 14
0 47 1 2
47 35 1 2
35 116 1 2
116 87 1 2
87 195 1 2
195 124 1 2
124 84 1 2
84 175 1 2
175 18 1 2
18 176 1 2
176 112 1 2
112 57 1 2
57 111 1 2
111 0 1 0
2 13
0 117 2 1
117 89 2 1
89 81 2 0
81 9 2 1
9 56 2 0
56 83 2 0
83 86 2 1
86 200 2 0
200 193 2 1
193 137 2 1
137 21 2 1
21 191 2 1
191 0 2 0
3 11
0 54 3 1
54 179 3 1
179 50 3 1
50 4 3 1
4 27 3 0
27 178 3 0
178 134 3 1
134 78 3 1
78 74 3 1
74 138 3 1
138 0 3 0
4 13
0 82 4 1
82 97 4 1
97 96 4 1
96 189 4 0
189 197 4 0
197 10 4 1
10 135 4 1
135 198 4 1
198 181 4 1
181 140 4 0
140 31 4 0
31 53 4 0
53 0 4 0
5 14
0 42 5 2
42 59 5 2
59 73 5 0
73 43 5 0
43 71 5 0
71 194 5 0
194 33 5 0
33 90 5 0
90 187 5 2
187 80 5 0
80 69 5 0
69 44 5 2
44 183 5 2
183 0 5 0
6 3
0 32 6 0
32 180 6 0
180 0 6 0
7 13
0 36 7 2
36 79 7 0
79 95 7 2
95 196 7 2
196 11 7 2
11 139 7 2
139 8 7 0
8 77 7 2
77 72 7 2
72 45 7 2
45 190 7 0
190 188 7 0
188 0 7 0
8 18
0 64 8 2
64 16 8 2
16 177 8 0
177 173 8 2
173 30 8 1
30 1 8 1
1 58 8 2
58 26 8 0
26 186 8 1
186 20 8 0
20 125 8 1
125 105 8 1
105 122 8 1
122 184 8 2
184 171 8 0
171 172 8 0
172 60 8 2
60 0 8 0
9 12
0 101 9 1
101 185 9 2
185 98 9 1
98 23 9 2
23 199 9 2
199 85 9 1
85 28 9 2
28 127 9 2
127 174 9 2
174 126 9 2
126 93 9 2
93 0 9 0
10 6
0 25 10 5
25 165 10 4
165 99 10 4
99 151 10 4
151 100 10 5
100 0 10 0
11 13
0 170 11 4
170 164 11 4
164 130 11 4
130 195 11 3
195 115 11 3
115 129 11 5
129 144 11 3
144 38 11 3
38 17 11 5
17 13 11 4
13 94 11 4
94 141 11 4
141 0 11 0
12 14
0 170 12 5
170 164 12 5
164 179 12 4
179 106 12 3
106 19 12 5
19 132 12 3
132 62 12 3
62 158 12 3
158 88 12 4
88 160 12 3
160 136 12 3
136 167 12 3
167 148 12 4
148 0 12 0
13 11
0 154 13 3
154 145 13 4
145 109 13 3
109 128 13 5
128 199 13 5
199 163 13 3
163 48 13 5
48 186 13 3
186 169 13 3
169 102 13 3
102 0 13 0
14 11
0 154 14 4
154 145 14 5
145 2 14 4
2 163 14 4
163 103 14 5
103 169 14 4
169 184 14 4
184 171 14 4
171 172 14 4
172 157 14 5
157 0 14 0
15 6
0 156 15 4
156 34 15 4
34 66 15 3
66 159 15 3
159 174 15 3
174 0 15 0
16 4
0 156 16 5
156 159 16 4
159 41 16 4
41 0 16 0
17 5
0 165 17 3
165 151 17 3
151 7 17 5
7 149 17 3
149 0 17 0
18 11
0 133 18 3
133 91 18 3
91 185 18 5
185 142 18 4
142 46 18 5
46 194 18 5
194 3 18 4
3 198 18 4
198 14 18 4
14 149 18 4
149 0 18 0
19 4
0 143 19 4
143 120 19 4
120 114 19 4
114 0 19 0
20 4
0 143 20 5
143 108 20 5
108 180 20 5
180 0 20 0
21 16
0 146 21 3
146 150 21 3
150 161 21 3
161 168 21 4
168 155 21 3
155 196 21 5
196 68 21 4
68 173 21 5
173 110 21 3
110 15 21 5
15 158 21 5
158 160 21 5
160 200 21 5
200 193 21 5
193 191 21 3
191 0 21 0
22 12
0 146 22 4
146 150 22 5
150 161 22 5
161 168 22 5
168 155 22 5
155 178 22 5
178 12 22 4
12 131 22 5
131 24 22 4
24 167 22 4
167 148 22 5
148 0 22 0
23 13
0 192 23 5
192 52 23 4
52 113 23 3
113 177 23 5
177 107 23 5
107 76 23 3
76 5 23 5
5 182 23 5
182 152 23 3
152 118 23 3
118 183 23 3
183 65 23 5
65 0 23 0
24 6
0 49 24 5
49 39 24 3
39 142 24 3
142 181 24 5
181 141 24 3
141 0 24 0
25 13
0 104 25 4
104 22 25 4
22 147 25 3
147 166 25 3
166 162 25 3
162 67 25 5
67 75 25 5
75 70 25 5
70 119 25 3
119 92 25 4
92 176 25 3
176 51 25 4
51 0 25 0
26 15
0 147 26 4
147 166 26 5
166 162 26 5
162 63 26 4
63 6 26 3
6 175 26 4
175 144 26 4
144 37 26 5
37 187 26 3
187 29 26 3
29 152 26 5
152 190 26 3
190 188 26 5
188 40 26 5
40 0 26 0
27 5
0 153 27 4
153 189 27 5
189 121 27 4
121 157 27 3
157 0 27 0
28 3
0 153 28 5
153 197 28 5
197 0 28 0
29 1
0 0 29 0
