# Solution for ../instances-HHCRSP/InstanzVNS_HCSRP_200_7.txt
# Cost = 1163.89 Dist = 3486.48 Tard = 3.1489 TMax = 2.04988
# <vehicle> <route length>
# <origin node> <dest node> <vehicle> <service type>
0 9
0 188 0 2
188 191 0 2
191 97 0 0
97 67 0 2
67 127 0 0
127 180 0 2
180 185 0 0
185 86 0 2
86 0 0 0
1 12
0 183 1 1
183 192 1 0
192 50 1 0
50 10 1 0
10 101 1 0
101 140 1 0
140 14 1 1
14 197 1 0
197 186 1 0
186 173 1 1
173 13 1 0
13 0 1 0
2 15
0 11 2 0
11 172 2 0
172 38 2 0
38 2 2 2
2 51 2 0
51 77 2 0
77 194 2 2
194 40 2 2
40 90 2 2
90 130 2 2
130 187 2 2
187 63 2 0
63 179 2 0
179 76 2 0
76 0 2 0
3 7
0 131 3 2
131 75 3 2
75 176 3 2
176 36 3 2
36 22 3 2
22 54 3 2
54 0 3 0
4 12
0 124 4 1
124 113 4 1
113 99 4 1
99 93 4 1
93 25 4 2
25 198 4 1
198 181 4 2
181 184 4 2
184 33 4 1
33 190 4 2
190 199 4 1
199 0 4 0
5 10
0 178 5 1
178 65 5 2
65 24 5 1
24 189 5 2
189 42 5 2
42 79 5 1
79 115 5 2
115 26 5 2
26 134 5 2
134 0 5 0
6 5
0 82 6 0
82 53 6 0
53 200 6 0
200 9 6 0
9 0 6 0
7 16
0 114 7 0
114 64 7 1
64 193 7 0
193 105 7 1
105 108 7 0
108 196 7 2
196 68 7 1
68 78 7 1
78 80 7 2
80 85 7 1
85 174 7 0
174 182 7 0
182 177 7 1
177 46 7 1
46 57 7 0
57 0 7 0
8 14
0 72 8 0
72 18 8 0
18 100 8 1
100 45 8 1
45 129 8 1
129 195 8 1
195 59 8 0
59 102 8 0
102 106 8 1
106 39 8 0
39 175 8 0
175 12 8 0
12 15 8 1
15 0 8 0
9 4
0 136 9 2
136 171 9 0
171 29 9 0
29 0 9 0
10 15
0 168 10 3
168 145 10 3
145 143 10 4
143 172 10 3
172 1 10 4
1 31 10 3
31 116 10 5
116 55 10 4
55 126 10 3
126 96 10 5
96 117 10 5
117 111 10 4
111 16 10 4
16 107 10 5
107 0 10 0
11 11
0 168 11 5
168 145 11 5
145 143 11 3
143 120 11 3
120 193 11 3
193 119 11 5
119 8 11 5
8 158 11 3
158 112 11 5
112 186 11 3
186 0 11 0
12 12
0 165 12 3
165 170 12 5
170 146 12 3
146 176 12 3
176 89 12 5
89 98 12 3
98 60 12 3
60 144 12 3
144 156 12 5
156 153 12 3
153 152 12 3
152 0 12 0
13 13
0 165 13 4
165 170 13 4
170 191 13 5
191 162 13 3
162 195 13 3
195 142 13 3
142 164 13 4
164 6 13 4
6 37 13 4
37 110 13 3
110 44 13 3
44 175 13 3
175 0 13 0
14 18
0 183 14 3
183 188 14 4
188 192 14 3
192 104 14 4
104 69 14 5
69 109 14 4
109 128 14 3
128 196 14 4
196 41 14 5
41 125 14 5
125 88 14 3
88 94 14 3
94 149 14 4
149 155 14 3
155 174 14 4
174 71 14 4
71 7 14 4
7 0 14 0
15 14
0 133 15 3
133 150 15 4
150 95 15 4
95 21 15 4
21 32 15 3
32 194 15 4
194 166 15 3
166 147 15 4
147 148 15 3
148 62 15 3
62 30 15 5
30 197 15 4
197 158 15 4
158 0 15 0
16 6
0 150 16 5
150 167 16 4
167 87 16 4
87 61 16 4
61 179 16 5
179 0 16 0
17 8
0 123 17 3
123 146 17 5
146 19 17 3
19 159 17 4
159 74 17 4
74 187 17 5
187 173 17 3
173 0 17 0
18 13
0 121 18 3
121 157 18 3
157 23 18 3
23 73 18 3
73 141 18 4
141 162 18 5
162 142 18 4
142 164 18 5
164 138 18 4
138 161 18 3
161 163 18 3
163 103 18 3
103 0 18 0
19 10
0 157 19 4
157 20 19 3
20 34 19 3
34 84 19 4
84 17 19 3
17 144 19 4
144 156 19 3
156 153 19 4
153 48 19 3
48 0 19 0
20 15
0 178 20 5
178 3 20 3
3 189 20 4
189 118 20 4
118 70 20 5
70 166 20 4
166 147 20 5
147 148 20 5
148 52 20 3
52 91 20 4
91 149 20 5
149 155 20 4
155 182 20 5
182 177 20 3
177 0 20 0
21 14
0 137 21 4
137 160 21 3
160 43 21 3
43 141 21 5
141 83 21 3
83 180 21 3
180 185 21 4
185 132 21 3
132 28 21 4
28 169 21 3
169 66 21 3
66 161 21 4
161 163 21 5
163 0 21 0
22 4
0 35 22 3
35 167 22 3
167 122 22 3
122 0 22 0
23 11
0 160 23 4
160 58 23 3
58 5 23 4
5 135 23 5
135 200 23 5
200 198 23 3
198 181 23 4
181 169 23 4
169 184 23 3
184 151 23 3
151 0 23 0
24 5
0 92 24 4
92 154 24 3
154 47 24 4
47 190 24 4
190 0 24 0
25 8
0 81 25 4
81 4 25 4
4 56 25 4
56 49 25 4
49 27 25 3
27 159 25 5
159 152 25 5
152 0 25 0
26 5
0 139 26 5
139 171 26 3
171 154 26 5
154 151 26 5
151 0 26 0
27 2
0 199 27 4
199 0 27 0
28 1
0 0 28 0
29 1
0 0 29 0
