# Solution for ../instances-HHCRSP/InstanzVNS_HCSRP_300_8.txt
# Cost = 1581.79 Dist = 4737.86 Tard = 5.21153 TMax = 2.29563
# <vehicle> <route length>
# <origin node> <dest node> <vehicle> <service type>
0 14
0 42 0 0
42 55 0 0
55 22 0 1
22 274 0 1
274 262 0 1
262 107 0 1
107 95 0 0
95 259 0 1
259 273 0 1
273 27 0 1
27 158 0 0
158 16 0 0
16 160 0 0
160 0 0 0
1 20
0 145 1 0
145 286 1 1
286 40 1 0
40 185 1 1
185 75 1 1
75 132 1 0
132 164 1 2
164 294 1 2
294 53 1 1
53 298 1 2
298 187 1 2
187 119 1 0
119 290 1 1
290 196 1 2
196 13 1 2
13 48 1 1
48 51 1 0
51 46 1 2
46 105 1 2
105 0 1 0
2 16
0 293 2 2
293 91 2 2
91 272 2 2
272 268 2 0
268 74 2 0
74 297 2 0
297 173 2 0
173 94 2 0
94 78 2 0
78 283 2 2
283 90 2 0
90 270 2 0
270 258 2 2
258 253 2 2
253 264 2 2
264 0 2 0
3 8
0 60 3 2
60 278 3 2
278 170 3 2
170 275 3 2
275 277 3 2
277 58 3 2
58 77 3 2
77 0 3 0
4 12
0 161 4 1
161 197 4 1
197 68 4 2
68 57 4 1
57 126 4 1
126 282 4 2
282 295 4 1
295 279 4 2
279 32 4 1
32 257 4 1
257 276 4 1
276 0 4 0
5 13
0 92 5 1
92 102 5 2
102 179 5 2
179 23 5 2
23 36 5 1
36 159 5 2
159 6 5 2
6 172 5 1
172 192 5 2
192 115 5 1
115 12 5 2
12 287 5 2
287 0 5 0
6 6
0 271 6 0
271 17 6 0
17 21 6 0
21 139 6 0
139 251 6 0
251 0 6 0
7 2
0 260 7 2
260 0 7 0
8 14
0 281 8 0
281 130 8 0
130 134 8 0
134 65 8 0
65 125 8 0
125 285 8 2
285 254 8 1
254 266 8 2
266 149 8 0
149 288 8 2
288 300 8 1
300 174 8 0
174 98 8 0
98 0 8 0
9 15
0 299 9 1
299 54 9 1
54 156 9 1
156 104 9 2
104 186 9 2
186 267 9 1
267 44 9 1
44 166 9 1
166 296 9 2
296 167 9 2
167 265 9 1
265 181 9 1
181 18 9 1
18 103 9 2
103 0 9 0
10 13
0 10 10 0
10 284 10 0
284 112 10 0
112 135 10 0
135 188 10 0
188 291 10 0
291 62 10 0
62 76 10 0
76 73 10 0
73 280 10 0
280 120 10 0
120 72 10 0
72 0 10 0
11 3
0 56 11 2
56 256 11 2
256 0 11 0
12 4
0 289 12 2
289 127 12 2
127 150 12 2
150 0 12 0
13 17
0 195 13 1
195 33 13 1
33 168 13 1
168 45 13 2
45 117 13 2
117 178 13 1
178 151 13 2
151 252 13 1
252 4 13 1
4 71 13 1
71 269 13 0
269 263 13 0
263 93 13 2
93 109 13 0
109 113 13 2
113 129 13 0
129 0 13 0
14 10
0 87 14 1
87 110 14 1
110 261 14 1
261 11 14 0
11 100 14 0
100 138 14 1
138 131 14 1
131 255 14 1
255 5 14 0
5 0 14 0
15 4
0 66 15 1
66 292 15 0
292 81 15 0
81 0 15 0
16 1
0 0 16 0
17 1
0 0 17 0
18 16
0 216 18 3
216 184 18 5
184 8 18 5
8 230 18 4
230 82 18 4
82 285 18 4
285 217 18 4
217 205 18 3
205 254 18 4
254 266 18 5
266 298 18 3
298 118 18 5
118 83 18 3
83 280 18 4
280 246 18 3
246 0 18 0
19 19
0 216 19 4
216 189 19 3
189 230 19 5
230 232 19 3
232 237 19 3
237 217 19 5
217 205 19 5
205 219 19 4
219 227 19 3
227 220 19 4
220 262 19 3
262 290 19 4
290 288 19 5
288 300 19 4
300 39 19 4
39 35 19 4
35 153 19 5
153 229 19 3
229 0 19 0
20 18
0 247 20 3
247 245 20 3
245 106 20 4
106 136 20 3
136 50 20 4
50 86 20 4
86 59 20 3
59 233 20 4
233 297 20 3
297 239 20 3
239 295 20 3
295 175 20 5
175 29 20 3
29 146 20 3
146 214 20 4
214 206 20 3
206 264 20 3
264 0 20 0
21 15
0 247 21 5
247 245 21 5
245 272 21 5
272 268 21 5
268 155 21 3
155 233 21 5
233 282 21 5
282 67 21 5
67 2 21 4
2 142 21 4
142 283 21 3
283 30 21 5
30 214 21 5
214 206 21 4
206 0 21 0
22 16
0 49 22 5
49 231 22 3
231 207 22 3
207 250 22 3
250 194 22 4
194 1 22 4
1 201 22 5
201 212 22 3
212 202 22 5
202 111 22 5
111 122 22 5
122 273 22 4
273 80 22 5
80 210 22 3
210 255 22 5
255 0 22 0
23 15
0 199 23 5
199 281 23 4
281 121 23 3
121 286 23 3
286 232 23 4
232 237 23 4
237 47 23 4
47 267 23 3
267 296 23 3
296 114 23 5
114 265 23 3
265 165 23 5
165 213 23 5
213 79 23 3
79 0 23 0
24 8
0 240 24 4
240 215 24 4
215 128 24 4
128 201 24 3
201 212 24 4
212 202 24 4
202 213 24 4
213 0 24 0
25 12
0 240 25 5
240 215 25 5
215 275 25 5
275 242 25 4
242 252 25 3
252 223 25 3
223 279 25 5
279 203 25 3
203 257 25 4
257 276 25 5
276 123 25 4
123 0 25 0
26 14
0 293 26 4
293 231 26 4
231 207 26 5
207 250 26 4
250 70 26 5
70 277 26 3
277 37 26 5
37 242 26 5
242 38 26 4
38 269 26 4
269 176 26 5
176 31 26 5
31 210 26 4
210 0 26 0
27 15
0 211 27 3
211 204 27 3
204 137 27 4
137 193 27 3
193 294 27 3
294 89 27 4
89 225 27 3
225 234 27 3
234 180 27 4
180 69 27 3
69 228 27 4
228 238 27 3
238 152 27 4
152 229 27 4
229 0 27 0
28 9
0 271 28 5
271 208 28 3
208 63 28 5
63 224 28 5
224 154 28 5
154 85 28 3
85 287 28 3
287 226 28 3
226 0 28 0
29 12
0 211 29 5
211 25 29 5
25 204 29 4
204 291 29 5
291 24 29 4
24 34 29 5
34 225 29 5
225 234 29 5
234 228 29 5
228 238 29 4
238 246 29 4
246 0 29 0
30 10
0 299 30 5
299 163 30 5
163 260 30 5
260 124 30 3
124 292 30 5
292 248 30 3
248 243 30 3
243 289 30 3
289 96 30 5
96 0 30 0
31 6
0 209 31 4
209 208 31 5
208 84 31 4
84 251 31 4
251 52 31 4
52 0 31 0
32 9
0 209 32 5
209 26 32 3
26 116 32 5
116 14 32 5
14 20 32 3
20 147 32 4
147 226 32 5
226 169 32 4
169 0 32 0
33 15
0 241 33 4
241 7 33 3
7 97 33 4
97 64 33 3
64 171 33 5
171 274 33 5
274 219 33 5
219 227 33 4
227 220 33 5
220 99 33 5
99 259 33 5
259 3 33 4
3 157 33 5
157 88 33 5
88 0 33 0
34 6
0 278 34 4
278 235 34 4
235 218 34 4
218 248 34 4
248 198 34 4
198 0 34 0
35 8
0 241 35 5
241 235 35 3
235 218 35 3
218 140 35 5
140 162 35 3
162 191 35 3
191 41 35 5
41 0 35 0
36 13
0 222 36 3
222 108 36 3
108 43 36 4
43 61 36 4
61 182 36 5
182 177 36 3
177 143 36 3
143 223 36 4
223 133 36 4
133 203 36 5
203 28 36 3
28 263 36 3
263 0 36 0
37 13
0 222 37 4
222 284 37 5
284 244 37 5
244 15 37 4
15 221 37 5
221 183 37 4
183 148 37 4
148 9 37 5
9 224 37 4
224 101 37 4
101 144 37 5
144 253 37 5
253 0 37 0
38 11
0 200 38 3
200 249 38 3
249 236 38 4
236 244 38 3
244 19 38 3
19 190 38 3
190 239 38 5
239 141 38 4
141 270 38 4
270 258 38 4
258 0 38 0
39 7
0 249 39 4
249 236 39 5
236 261 39 4
261 256 39 5
256 221 39 3
221 243 39 5
243 0 39 0
