# Solution for ../instances-HHCRSP/InstanzVNS_HCSRP_200_10.txt
# Cost = 1468.75 Dist = 4380.51 Tard = 19.5297 TMax = 6.20263
# <vehicle> <route length>
# <origin node> <dest node> <vehicle> <service type>
0 16
0 192 0 0
192 181 0 0
181 33 0 0
33 4 0 0
4 185 0 0
185 138 0 0
138 178 0 0
178 193 0 0
193 16 0 0
16 118 0 0
118 177 0 0
177 47 0 0
47 122 0 0
122 14 0 0
14 66 0 0
66 0 0 0
1 18
0 63 1 2
63 171 1 2
171 175 1 1
175 26 1 1
26 108 1 2
108 103 1 1
103 137 1 2
137 133 1 2
133 91 1 1
91 139 1 1
139 36 1 1
36 187 1 2
187 43 1 2
43 199 1 1
199 77 1 1
77 30 1 2
30 59 1 2
59 0 1 0
2 6
0 189 2 1
189 94 2 1
94 35 2 1
35 18 2 1
18 172 2 1
172 0 2 0
3 7
0 180 3 1
180 11 3 1
11 7 3 1
7 64 3 1
64 105 3 1
105 42 3 1
42 0 3 0
4 10
0 50 4 1
50 22 4 1
22 125 4 1
125 198 4 1
198 90 4 1
90 173 4 1
173 19 4 1
19 40 4 1
40 132 4 1
132 0 4 0
5 16
0 104 5 0
104 2 5 0
2 188 5 0
188 89 5 0
89 183 5 0
183 58 5 0
58 195 5 0
195 83 5 0
83 24 5 2
24 44 5 0
44 95 5 0
95 179 5 0
179 62 5 0
62 60 5 0
60 48 5 0
48 0 5 0
6 13
0 176 6 2
176 70 6 2
70 57 6 2
57 61 6 2
61 34 6 2
34 126 6 2
126 174 6 2
174 27 6 2
27 191 6 2
191 182 6 2
182 107 6 2
107 184 6 2
184 0 6 0
7 4
0 102 7 2
102 129 7 2
129 190 7 2
190 0 7 0
8 13
0 194 8 0
194 197 8 0
197 113 8 0
113 29 8 2
29 84 8 0
84 32 8 2
32 31 8 2
31 111 8 1
111 186 8 0
186 99 8 0
99 196 8 0
196 200 8 2
200 0 8 0
9 4
0 80 9 2
80 124 9 2
124 28 9 2
28 0 9 0
10 13
0 171 10 3
171 175 10 4
175 170 10 3
170 155 10 3
155 9 10 3
9 198 10 3
198 182 10 3
182 157 10 3
157 13 10 3
13 177 10 5
177 160 10 3
160 121 10 4
121 0 10 0
11 9
0 189 11 3
189 106 11 3
106 194 11 5
194 197 11 5
197 159 11 4
159 146 11 3
146 25 11 5
25 172 11 4
172 0 11 0
12 8
0 127 12 5
127 12 12 5
12 156 12 3
156 186 12 3
186 54 12 5
54 196 12 3
196 142 12 5
142 0 12 0
13 16
0 192 13 5
192 68 13 5
68 130 13 3
130 37 13 4
37 15 13 3
15 154 13 3
154 165 13 3
165 86 13 5
86 143 13 3
143 96 13 3
96 81 13 3
81 179 13 3
179 156 13 4
156 98 13 4
98 92 13 5
92 0 13 0
14 13
0 134 14 4
134 45 14 4
45 154 14 5
154 165 14 5
165 38 14 4
38 143 14 4
143 51 14 5
51 56 14 5
56 173 14 3
173 184 14 4
184 160 14 4
160 67 14 4
67 0 14 0
15 3
0 169 15 3
169 168 15 4
168 0 15 0
16 5
0 169 16 5
169 87 16 5
87 110 16 5
110 200 16 5
200 0 16 0
17 7
0 20 17 4
20 135 17 3
135 161 17 3
161 164 17 3
164 153 17 3
153 114 17 4
114 0 17 0
18 11
0 149 18 3
149 150 18 3
150 181 18 4
181 140 18 3
140 8 18 4
8 145 18 4
145 112 18 4
112 1 18 3
1 10 18 4
10 166 18 3
166 0 18 0
19 13
0 49 19 5
49 149 19 5
149 150 19 5
150 170 19 5
170 131 19 4
131 88 19 5
88 52 19 5
52 119 19 4
119 120 19 4
120 161 19 4
161 164 19 4
164 79 19 5
79 0 19 0
20 5
0 148 20 3
148 188 20 3
188 159 20 5
159 146 20 5
146 0 20 0
21 11
0 148 21 5
148 163 21 4
163 183 21 4
183 141 21 4
141 17 21 4
17 97 21 3
97 128 21 4
128 76 21 3
76 151 21 4
151 82 21 4
82 0 21 0
22 5
0 163 22 5
163 195 22 5
195 151 22 5
151 190 22 3
190 0 22 0
23 13
0 78 23 3
78 180 23 3
180 185 23 3
185 155 23 5
155 93 23 3
93 157 23 4
157 167 23 4
167 21 23 5
21 162 23 3
162 152 23 3
152 75 23 5
75 199 23 4
199 0 23 0
24 5
0 176 24 4
176 5 24 4
5 85 24 4
85 142 24 4
142 0 24 0
25 14
0 123 25 3
123 144 25 3
144 158 25 3
158 147 25 3
147 3 25 3
3 178 25 4
178 193 25 3
193 191 25 4
191 167 25 5
167 162 25 4
162 152 25 4
152 187 25 4
187 166 25 4
166 0 25 0
26 17
0 115 26 3
115 144 26 5
144 158 26 5
158 147 26 4
147 39 26 3
39 174 26 4
174 6 26 4
6 136 26 5
136 23 26 3
23 116 26 4
116 145 26 5
145 69 26 5
69 74 26 5
74 109 26 5
109 153 26 5
153 72 26 4
72 0 26 0
27 2
0 168 27 5
168 0 27 0
28 10
0 73 28 4
73 101 28 3
101 53 28 3
53 100 28 5
100 141 28 5
141 41 28 5
41 117 28 3
117 55 28 5
55 46 28 5
46 0 28 0
29 3
0 71 29 4
71 65 29 4
65 0 29 0
