# Solution for ../instances-HHCRSP/InstanzVNS_HCSRP_200_10.txt
# Cost = 1418.53 Dist = 4251.86 Tard = 2.56426 TMax = 1.17772
# <vehicle> <route length>
# <origin node> <dest node> <vehicle> <service type>
0 13
0 192 0 0
192 181 0 0
181 33 0 0
33 4 0 0
4 185 0 0
185 138 0 0
138 178 0 0
178 193 0 0
193 16 0 0
16 118 0 0
118 62 0 0
62 177 0 0
177 0 0 0
1 17
0 103 1 1
103 70 1 2
70 108 1 2
108 63 1 2
63 26 1 1
26 139 1 1
139 91 1 1
91 133 1 2
133 137 1 2
137 36 1 1
36 187 1 2
187 43 1 2
43 199 1 1
199 77 1 1
77 30 1 2
30 59 1 2
59 0 1 0
2 6
0 7 2 1
7 64 2 1
64 11 2 1
11 105 2 1
105 42 2 1
42 0 2 0
3 10
0 180 3 1
180 175 3 1
175 22 3 1
22 198 3 1
198 125 3 1
125 90 3 1
90 173 3 1
173 19 3 1
19 132 3 1
132 0 3 0
4 7
0 189 4 1
189 50 4 1
50 111 4 1
111 35 4 1
35 18 4 1
18 172 4 1
172 0 4 0
5 16
0 104 5 0
104 2 5 0
2 194 5 0
194 197 5 0
197 113 5 0
113 29 5 2
29 84 5 0
84 95 5 0
95 179 5 0
179 186 5 0
186 31 5 2
31 60 5 0
60 99 5 0
99 196 5 0
196 48 5 0
48 0 5 0
6 2
0 200 6 2
200 0 6 0
7 13
0 176 7 2
176 57 7 2
57 171 7 2
171 61 7 2
61 174 7 2
174 126 7 2
126 34 7 2
34 191 7 2
191 27 7 2
27 182 7 2
182 107 7 2
107 184 7 2
184 0 7 0
8 17
0 188 8 0
188 94 8 1
94 183 8 0
183 89 8 0
89 195 8 0
195 58 8 0
58 83 8 0
83 24 8 2
24 44 8 0
44 190 8 2
190 40 8 1
40 47 8 0
47 122 8 0
122 14 8 0
14 66 8 0
66 28 8 2
28 0 8 0
9 6
0 80 9 2
80 124 9 2
124 129 9 2
129 102 9 2
102 32 9 2
32 0 9 0
10 15
0 192 10 5
192 68 10 5
68 130 10 3
130 154 10 3
154 165 10 3
165 38 10 4
38 143 10 3
143 86 10 5
86 96 10 3
96 81 10 3
81 179 10 3
179 156 10 3
156 186 10 3
186 54 10 5
54 0 10 0
11 11
0 12 11 5
12 154 11 5
154 165 11 5
165 143 11 4
143 51 11 5
51 173 11 3
173 56 11 5
56 184 11 4
184 160 11 3
160 67 11 4
67 0 11 0
12 4
0 169 12 3
169 110 12 5
110 200 12 5
200 0 12 0
13 8
0 169 13 5
169 87 13 5
87 194 13 5
194 197 13 5
197 146 13 3
146 25 13 5
25 172 13 4
172 0 13 0
14 15
0 115 14 3
115 78 14 3
78 149 14 3
149 170 14 3
170 150 14 3
150 39 14 3
39 88 14 5
88 52 14 5
52 119 14 4
119 120 14 4
120 161 14 3
161 135 14 3
135 156 14 4
156 98 14 4
98 0 14 0
15 10
0 188 15 3
188 148 15 3
148 163 15 4
163 183 15 4
183 117 15 3
117 141 15 4
141 76 15 3
76 151 15 4
151 82 15 4
82 0 15 0
16 15
0 149 16 5
149 170 16 5
170 150 16 5
150 181 16 4
181 174 16 4
174 6 16 4
6 136 16 5
136 23 16 3
23 116 16 4
116 145 16 4
145 112 16 4
112 1 16 3
1 166 16 3
166 199 16 4
199 0 16 0
17 14
0 144 17 3
144 123 17 3
123 158 17 3
158 147 17 3
147 3 17 3
3 178 17 4
178 167 17 4
167 193 17 3
193 162 17 3
162 152 17 3
152 187 17 4
187 166 17 4
166 10 17 4
10 0 17 0
18 13
0 176 18 4
176 180 18 3
180 171 18 3
171 185 18 3
185 155 18 3
155 93 18 3
93 157 18 3
157 131 18 4
131 161 18 4
161 164 18 3
164 114 18 4
114 153 18 3
153 0 18 0
19 8
0 148 19 5
148 163 19 5
163 195 19 5
195 128 19 4
128 17 19 4
17 97 19 3
97 92 19 5
92 0 19 0
20 13
0 144 20 5
144 158 20 5
158 147 20 4
147 167 20 5
167 191 20 4
191 162 20 4
162 152 20 4
152 21 20 5
21 75 20 5
75 13 20 3
13 177 20 5
177 160 20 4
160 0 20 0
21 10
0 49 21 5
49 20 21 4
20 140 21 3
140 8 21 4
8 145 21 5
145 69 21 5
69 74 21 5
74 164 21 4
164 79 21 5
79 0 21 0
22 3
0 142 22 5
142 196 22 3
196 0 22 0
23 13
0 5 23 4
5 45 23 4
45 15 23 3
15 37 23 4
37 175 23 4
175 198 23 3
198 155 23 5
155 157 23 4
157 9 23 3
9 182 23 3
182 109 23 5
109 153 23 5
153 0 23 0
24 4
0 71 24 4
71 142 24 4
142 168 24 4
168 0 24 0
25 9
0 159 25 4
159 73 25 4
73 53 25 3
53 100 25 5
100 46 25 5
46 141 25 5
141 41 25 5
41 55 25 5
55 0 25 0
26 5
0 159 26 5
159 106 26 3
106 101 26 3
101 146 26 5
146 0 26 0
27 2
0 189 27 3
189 0 27 0
28 8
0 85 28 4
85 127 28 5
127 134 28 4
134 151 28 5
151 190 28 3
190 72 28 4
72 121 28 4
121 0 28 0
29 3
0 65 29 4
65 168 29 5
168 0 29 0
