# Solution for ../instances-HHCRSP/InstanzCPLEX_HCSRP_75_6.txt
# Cost = 754.836 Dist = 2260.73 Tard = 1.88914 TMax = 1.88914
# <vehicle> <route length>
# <origin node> <dest node> <vehicle> <service type>
0 14
0 67 0 1
67 65 0 1
65 13 0 0
13 74 0 0
74 20 0 2
20 33 0 0
33 19 0 1
19 15 0 1
15 23 0 1
23 12 0 2
12 24 0 1
24 73 0 1
73 1 0 1
1 0 0 0
1 7
0 25 1 2
25 66 1 2
66 51 1 2
51 47 1 2
47 3 1 2
3 40 1 2
40 0 1 0
2 9
0 16 2 0
16 4 2 0
4 18 2 0
18 2 2 0
2 44 2 0
44 41 2 0
41 68 2 2
68 70 2 0
70 0 2 0
3 3
0 30 3 2
30 22 3 2
22 0 3 0
4 11
0 5 4 1
5 36 4 1
36 43 4 1
43 31 4 2
31 64 4 1
64 26 4 0
26 71 4 0
71 72 4 2
72 69 4 2
69 75 4 1
75 0 4 0
5 7
0 56 5 5
56 45 5 5
45 39 5 5
39 6 5 5
6 64 5 3
64 10 5 5
10 0 5 0
6 3
0 56 6 4
56 75 6 4
75 0 6 0
7 9
0 60 7 4
60 65 7 5
65 55 7 3
55 52 7 3
52 46 7 4
46 53 7 3
53 61 7 4
61 73 7 4
73 0 7 0
8 10
0 60 8 5
60 48 8 4
48 11 8 4
11 74 8 3
74 17 8 5
17 53 8 4
53 61 8 5
61 38 8 5
38 58 8 3
58 0 8 0
9 11
0 67 9 3
67 27 9 4
27 8 9 4
8 55 9 4
55 32 9 4
32 21 9 3
21 9 9 4
9 28 9 5
28 29 9 3
29 58 9 5
58 0 9 0
10 7
0 54 10 4
54 50 10 3
50 63 10 4
63 59 10 4
59 57 10 3
57 42 10 4
42 0 10 0
11 6
0 62 11 4
62 71 11 4
71 72 11 4
72 69 11 4
69 14 11 3
14 0 11 0
12 9
0 54 12 5
54 35 12 5
35 66 12 3
66 62 12 5
62 7 12 5
7 63 12 5
63 59 12 5
59 68 12 5
68 0 12 0
13 6
0 49 13 4
49 37 13 4
37 34 13 5
34 57 13 5
57 70 13 5
70 0 13 0
14 1
0 0 14 0
