# Solution for ../instances-HHCRSP/InstanzVNS_HCSRP_300_8.txt
# Cost = 1570 Dist = 4686.83 Tard = 17.5552 TMax = 5.63015
# <vehicle> <route length>
# <origin node> <dest node> <vehicle> <service type>
0 9
0 55 0 0
55 22 0 1
22 107 0 1
107 274 0 1
274 290 0 1
290 262 0 1
262 174 0 0
174 300 0 1
300 0 0 0
1 14
0 179 1 2
179 91 1 2
91 197 1 1
197 57 1 1
57 68 1 2
68 94 1 0
94 78 1 0
78 295 1 1
295 283 1 2
283 90 1 0
90 270 1 0
270 258 1 2
258 129 1 0
129 0 1 0
2 16
0 10 2 0
10 112 2 0
112 145 2 0
145 117 2 2
117 188 2 0
188 135 2 0
135 275 2 2
275 277 2 2
277 291 2 0
291 62 2 0
62 296 2 2
296 76 2 0
76 269 2 0
269 263 2 0
263 93 2 2
93 0 2 0
3 5
0 293 3 2
293 272 3 2
272 256 3 2
256 56 3 2
56 0 3 0
4 10
0 286 4 1
286 45 4 2
45 168 4 1
168 44 4 1
44 267 4 1
267 166 4 1
166 167 4 2
167 265 4 1
265 71 4 1
71 0 4 0
5 15
0 87 5 1
87 261 5 1
261 92 5 1
92 102 5 2
102 23 5 2
23 36 5 1
36 159 5 2
159 6 5 2
6 12 5 2
12 192 5 2
192 253 5 2
253 172 5 1
172 287 5 2
287 264 5 2
264 0 5 0
6 6
0 271 6 0
271 17 6 0
17 21 6 0
21 139 6 0
139 251 6 0
251 0 6 0
7 5
0 278 7 2
278 104 7 2
104 127 7 2
127 150 7 2
150 0 7 0
8 17
0 42 8 0
42 281 8 0
281 125 8 0
125 195 8 1
195 33 8 1
33 53 8 1
53 294 8 2
294 75 8 1
75 132 8 0
132 164 8 2
164 120 8 0
120 280 8 0
280 72 8 0
72 51 8 0
51 48 8 1
48 46 8 2
46 0 8 0
9 16
0 161 9 1
161 126 9 1
126 282 9 2
282 178 9 1
178 151 9 2
151 58 9 2
58 4 9 1
4 252 9 1
252 32 9 1
32 279 9 2
279 113 9 2
113 257 9 1
257 77 9 2
77 276 9 1
276 255 9 1
255 0 9 0
10 8
0 11 10 0
11 284 10 0
284 268 10 0
268 74 10 0
74 297 10 0
297 173 10 0
173 109 10 0
109 0 10 0
11 2
0 260 11 2
260 0 11 0
12 4
0 60 12 2
60 170 12 2
170 289 12 2
289 0 12 0
13 22
0 134 13 0
134 65 13 0
65 186 13 2
186 40 13 0
40 185 13 1
185 298 13 2
298 285 13 2
285 266 13 2
266 288 13 2
288 149 13 0
149 254 13 1
254 119 13 0
119 196 13 2
196 187 13 2
187 13 13 2
13 105 13 2
105 73 13 0
73 181 13 1
181 103 13 2
103 18 13 1
18 158 13 0
158 0 13 0
14 8
0 130 14 0
130 95 14 0
95 27 14 1
27 273 14 1
273 259 14 1
259 98 14 0
98 81 14 0
81 0 14 0
15 12
0 299 15 1
299 54 15 1
54 66 15 1
66 292 15 0
292 156 15 1
156 131 15 1
131 100 15 0
100 138 15 1
138 5 15 0
5 16 15 0
16 160 15 0
160 0 15 0
16 3
0 110 16 1
110 115 16 1
115 0 16 0
17 1
0 0 17 0
18 22
0 230 18 4
230 184 18 5
184 232 18 3
232 286 18 3
286 1 18 4
1 250 18 3
250 194 18 4
194 277 18 3
277 37 18 5
37 114 18 5
114 291 18 5
291 296 18 3
296 180 18 4
180 69 18 3
69 234 18 3
234 228 18 4
228 238 18 3
238 152 18 4
152 265 18 3
265 229 18 3
229 153 18 5
153 0 18 0
19 18
0 230 19 5
230 232 19 4
232 216 19 3
216 64 19 3
64 219 19 4
219 274 19 5
274 171 19 5
171 290 19 4
290 220 19 4
220 262 19 3
262 227 19 3
227 3 19 4
3 259 19 5
259 213 19 4
213 79 19 3
79 80 19 5
80 210 19 3
210 0 19 0
20 17
0 231 20 3
231 207 20 3
207 204 20 3
204 137 20 4
137 211 20 3
211 25 20 5
25 193 20 3
193 237 20 3
237 294 20 3
294 83 20 3
83 225 20 3
225 89 20 4
89 280 20 4
280 246 20 3
246 39 20 4
39 300 20 4
300 0 20 0
21 22
0 231 21 4
231 207 21 5
207 204 21 4
204 250 21 4
250 70 21 5
70 128 21 4
128 202 21 4
202 212 21 3
212 201 21 3
201 215 21 4
215 242 21 4
242 38 21 4
38 252 21 3
252 223 21 4
223 133 21 4
133 203 21 3
203 67 21 5
67 257 21 4
257 276 21 5
276 123 21 4
123 255 21 5
255 0 21 0
22 15
0 241 22 4
241 49 22 5
49 216 22 4
216 219 22 5
219 82 22 4
82 217 22 4
217 205 22 3
205 285 22 4
285 266 22 5
266 220 22 5
220 227 22 4
227 99 22 5
99 157 22 5
157 88 22 5
88 0 22 0
23 8
0 241 23 5
241 278 23 4
278 218 23 4
218 140 23 5
140 162 23 3
162 191 23 3
191 41 23 5
41 0 23 0
24 14
0 245 24 3
245 59 24 3
59 86 24 4
86 106 24 4
106 136 24 3
136 50 24 4
50 233 24 4
233 297 24 3
297 295 24 3
295 239 24 3
239 141 24 4
141 270 24 4
270 258 24 4
258 0 24 0
25 18
0 245 25 5
245 247 25 3
247 222 25 4
222 108 25 3
108 43 25 4
43 182 25 5
182 61 25 4
61 143 25 3
143 282 25 5
282 233 25 5
233 279 25 5
279 2 25 4
2 142 25 4
142 283 25 3
283 214 25 4
214 29 25 3
29 206 25 4
206 0 25 0
26 14
0 163 26 5
163 281 26 4
281 7 26 3
7 97 26 4
97 121 26 3
121 202 26 5
202 212 26 4
212 201 26 5
201 122 26 5
122 165 26 5
165 273 26 4
273 111 26 5
111 213 26 5
213 0 26 0
27 4
0 261 27 4
261 221 27 3
221 15 27 4
15 0 27 0
28 15
0 247 28 5
247 222 28 3
222 284 28 5
284 272 28 5
272 155 28 3
155 268 28 5
268 19 28 3
19 190 28 3
190 239 28 5
239 30 28 5
30 175 28 5
175 214 28 5
214 146 28 3
146 206 28 3
206 0 28 0
29 12
0 293 29 4
293 249 29 4
249 236 29 4
236 240 29 4
240 244 29 5
244 275 29 5
275 215 29 5
215 242 29 5
242 269 29 4
269 31 29 5
31 210 29 4
210 0 29 0
30 12
0 200 30 3
200 249 30 3
249 236 30 5
236 240 30 5
240 244 30 3
244 177 30 3
177 223 30 3
223 203 30 5
203 28 30 3
28 263 30 3
263 176 30 5
176 0 30 0
31 7
0 271 31 5
271 84 31 4
84 208 31 5
208 9 31 5
9 251 31 4
251 52 31 4
52 0 31 0
32 9
0 209 32 4
209 26 32 3
26 116 32 5
116 14 32 5
14 20 32 3
20 147 32 4
147 226 32 3
226 169 32 4
169 0 32 0
33 9
0 209 33 5
209 208 33 3
208 148 33 4
148 183 33 4
183 63 33 5
63 224 33 4
224 154 33 5
154 264 33 3
264 0 33 0
34 2
0 198 34 4
198 0 34 0
35 9
0 199 35 5
199 124 35 3
124 218 35 3
218 235 35 3
235 96 35 5
96 248 35 3
248 289 35 3
289 243 35 3
243 0 35 0
36 13
0 211 36 5
211 24 36 4
24 34 36 5
34 237 36 4
237 298 36 3
298 47 36 4
47 267 36 3
267 225 36 5
225 234 36 5
234 228 36 5
228 238 36 4
238 229 36 4
229 0 36 0
37 7
0 299 37 5
299 260 37 5
260 292 37 5
292 235 37 4
235 248 37 4
248 243 37 5
243 0 37 0
38 10
0 189 38 3
189 8 38 5
8 217 38 5
217 205 38 5
205 288 38 5
288 254 38 4
254 118 38 5
118 246 38 4
246 35 38 4
35 0 38 0
39 10
0 256 39 5
256 221 39 5
221 101 39 4
101 144 39 5
144 253 39 5
253 224 39 5
224 85 39 3
85 287 39 3
287 226 39 5
226 0 39 0
