# Solution for ../instances-HHCRSP/InstanzCPLEX_HCSRP_25_8.txt
# Cost = 359.695 Dist = 1075.06 Tard = 2.01282 TMax = 2.01282
# <vehicle> <route length>
# <origin node> <dest node> <vehicle> <service type>
0 8
0 10 0 0
10 17 0 0
17 11 0 0
11 22 0 0
22 24 0 1
24 4 0 1
4 16 0 0
16 0 0 0
1 7
0 25 1 2
25 23 1 2
23 6 1 2
6 12 1 2
12 5 1 0
5 13 1 2
13 0 1 0
2 9
0 25 2 4
25 8 2 5
8 7 2 3
7 1 2 4
1 22 2 3
22 24 2 4
24 3 2 4
3 18 2 3
18 0 2 0
3 8
0 21 3 4
21 23 3 5
23 20 3 4
20 19 3 4
19 2 3 4
2 15 3 4
15 18 3 4
18 0 3 0
4 6
0 21 4 3
21 14 4 5
14 20 4 5
20 19 4 5
19 9 4 5
9 0 4 0
