# Solution for ../instances-HHCRSP/InstanzVNS_HCSRP_200_5.txt
# Cost = 1378.89 Dist = 4106.13 Tard = 22.661 TMax = 7.88029
# <vehicle> <route length>
# <origin node> <dest node> <vehicle> <service type>
0 16
0 77 0 1
77 14 0 0
14 99 0 0
99 46 0 2
46 184 0 1
184 9 0 2
9 17 0 0
17 186 0 2
186 200 0 2
200 69 0 2
69 39 0 1
39 27 0 2
27 97 0 1
97 4 0 2
4 5 0 0
5 0 0 0
1 7
0 174 1 1
174 194 1 1
194 192 1 1
192 82 1 1
82 76 1 1
76 40 1 1
40 0 1 0
2 10
0 15 2 2
15 135 2 2
135 195 2 2
195 124 2 2
124 117 2 2
117 171 2 2
171 173 2 2
173 140 2 2
140 187 2 2
187 0 2 0
3 12
0 179 3 0
179 181 3 0
181 43 3 0
43 190 3 0
190 191 3 0
191 21 3 0
21 56 3 0
56 137 3 0
137 41 3 0
41 114 3 0
114 193 3 0
193 0 3 0
4 13
0 196 4 2
196 188 4 2
188 198 4 2
198 121 4 1
121 180 4 2
180 64 4 2
64 18 4 1
18 51 4 1
51 33 4 1
33 189 4 2
189 35 4 1
35 24 4 2
24 0 4 0
5 14
0 199 5 0
199 93 5 0
93 34 5 1
34 131 5 0
131 118 5 1
118 87 5 0
87 177 5 0
177 178 5 0
178 104 5 0
104 86 5 1
86 197 5 1
197 176 5 1
176 75 5 1
75 0 5 0
6 2
0 32 6 2
32 0 6 0
7 10
0 182 7 0
182 115 7 0
115 70 7 0
70 126 7 0
126 74 7 0
74 23 7 0
23 85 7 0
85 88 7 0
88 116 7 0
116 0 7 0
8 10
0 81 8 1
81 172 8 1
172 183 8 1
183 91 8 1
91 185 8 1
185 31 8 1
31 119 8 1
119 25 8 1
25 106 8 1
106 0 8 0
9 13
0 175 9 1
175 71 9 1
71 36 9 2
36 3 9 2
3 102 9 1
102 100 9 2
100 84 9 1
84 90 9 1
90 30 9 2
30 108 9 2
108 13 9 1
13 96 9 1
96 0 9 0
10 9
0 167 10 3
167 143 10 3
143 50 10 3
50 8 10 5
8 20 10 3
20 128 10 3
128 141 10 5
141 57 10 5
57 0 10 0
11 13
0 167 11 4
167 143 11 5
143 182 11 4
182 58 11 4
58 195 11 3
195 79 11 3
79 132 11 4
132 65 11 4
65 19 11 5
19 171 11 5
171 187 11 3
187 136 11 5
136 0 11 0
12 17
0 154 12 3
154 153 12 3
153 122 12 4
122 164 12 3
164 11 12 5
11 184 12 4
184 127 12 5
127 186 12 5
186 200 12 3
200 67 12 3
67 168 12 4
168 113 12 3
113 48 12 4
48 159 12 4
159 89 12 3
89 61 12 5
61 0 12 0
13 18
0 154 13 5
154 153 13 5
153 78 13 4
78 164 13 4
164 2 13 4
2 66 13 3
66 155 13 3
155 72 13 4
72 63 13 3
63 103 13 4
103 157 13 3
157 158 13 4
158 162 13 3
162 146 13 3
146 150 13 3
150 92 13 3
92 123 13 4
123 0 13 0
14 5
0 166 14 5
166 174 14 4
174 196 14 4
196 145 14 5
145 0 14 0
15 17
0 166 15 3
166 28 15 3
28 188 15 5
188 198 15 4
198 22 15 5
22 130 15 4
130 83 15 4
83 142 15 3
142 125 15 4
125 177 15 3
177 157 15 5
157 158 15 5
158 162 15 5
162 146 15 4
146 150 15 4
150 26 15 4
26 0 15 0
16 3
0 138 16 5
138 179 16 5
179 0 16 0
17 13
0 111 17 4
111 54 17 5
54 199 17 3
199 180 17 3
180 147 17 4
147 144 17 4
144 29 17 3
29 161 17 3
161 151 17 5
151 62 17 3
62 112 17 5
112 107 17 5
107 0 17 0
18 9
0 152 18 4
152 38 18 3
38 55 18 5
55 129 18 3
129 94 18 3
94 105 18 4
105 197 18 4
197 176 18 3
176 0 18 0
19 12
0 16 19 4
16 139 19 3
139 194 19 3
194 192 19 4
192 12 19 3
12 120 19 4
120 161 19 4
161 151 19 4
151 37 19 4
37 173 19 4
173 95 19 4
95 0 19 0
20 7
0 152 20 5
152 98 20 3
98 190 20 3
190 191 20 3
191 109 20 4
109 1 20 5
1 0 20 0
21 14
0 160 21 3
160 59 21 3
59 163 21 3
163 80 21 5
80 165 21 3
165 172 21 5
172 183 21 5
183 142 21 4
142 68 21 5
68 168 21 5
168 159 21 5
159 7 21 4
7 189 21 4
189 0 21 0
22 14
0 160 22 5
160 163 22 5
163 165 22 4
165 155 22 4
155 185 22 3
185 47 22 4
47 10 22 3
10 53 22 4
53 149 22 3
149 178 22 4
178 170 22 3
170 156 22 4
156 148 22 3
148 0 22 0
23 15
0 42 23 5
42 49 23 5
49 60 23 5
60 6 23 5
6 133 23 3
133 45 23 3
45 52 23 5
52 147 23 5
147 144 23 5
144 134 23 3
134 149 23 5
149 170 23 5
170 156 23 5
156 148 23 5
148 0 23 0
24 8
0 175 24 4
175 181 24 5
181 110 24 5
110 141 24 4
141 193 24 4
193 73 24 4
73 145 24 3
145 0 24 0
25 2
0 44 25 3
44 0 25 0
26 2
0 169 26 3
169 0 26 0
27 2
0 169 27 5
169 0 27 0
28 2
0 101 28 5
101 0 28 0
29 1
0 0 29 0
