# Solution for ../instances-HHCRSP/InstanzCPLEX_HCSRP_75_8.txt
# Cost = 695.064 Dist = 2083.09 Tard = 1.26371 TMax = 0.840084
# <vehicle> <route length>
# <origin node> <dest node> <vehicle> <service type>
0 10
0 42 0 0
42 65 0 0
65 40 0 0
40 75 0 2
75 64 0 0
64 13 0 2
13 51 0 0
51 69 0 2
69 73 0 2
73 0 0 0
1 10
0 68 1 1
68 36 1 1
36 74 1 1
74 16 1 0
16 4 1 1
4 32 1 1
32 67 1 1
67 5 1 0
5 71 1 0
71 0 1 0
2 6
0 10 2 0
10 17 2 0
17 21 2 0
21 11 2 0
11 66 2 0
66 0 2 0
3 11
0 33 3 1
33 45 3 2
45 22 3 1
22 70 3 2
70 27 3 1
27 44 3 1
44 48 3 1
48 72 3 1
72 46 3 2
46 18 3 1
18 0 3 0
4 4
0 23 4 2
23 6 4 2
6 12 4 2
12 0 4 0
5 11
0 61 5 3
61 7 5 3
7 55 5 3
55 24 5 4
24 64 5 4
64 53 5 3
53 39 5 4
39 72 5 3
72 69 5 4
69 35 5 4
35 0 5 0
6 10
0 61 6 4
61 55 6 5
55 75 6 5
75 53 6 5
53 47 6 4
47 34 6 5
34 62 6 3
62 3 6 4
3 73 6 3
73 0 6 0
7 10
0 43 7 4
43 49 7 5
49 8 7 5
8 25 7 5
25 65 7 4
65 1 7 4
1 70 7 3
70 41 7 5
41 31 7 5
31 0 7 0
8 11
0 68 8 3
68 50 8 4
50 63 8 3
63 26 8 3
26 20 8 3
20 19 8 3
19 2 8 4
2 56 8 4
56 67 8 5
67 52 8 4
52 0 8 0
9 7
0 57 9 3
57 59 9 3
59 63 9 5
63 14 9 5
14 74 9 5
74 29 9 3
29 0 9 0
10 9
0 57 10 5
57 59 10 5
59 60 10 3
60 54 10 5
54 58 10 3
58 56 10 3
56 30 10 5
30 9 10 5
9 0 10 0
11 8
0 60 11 4
60 54 11 4
54 58 11 4
58 38 11 4
38 37 11 5
37 62 11 5
62 71 11 5
71 0 11 0
12 2
0 15 12 4
15 0 12 0
13 3
0 66 13 4
66 28 13 3
28 0 13 0
14 1
0 0 14 0
