# Solution for ../instances-HHCRSP/InstanzVNS_HCSRP_300_9.txt
# Cost = 1982.34 Dist = 5874.81 Tard = 56.4362 TMax = 15.7858
# <vehicle> <route length>
# <origin node> <dest node> <vehicle> <service type>
0 10
0 287 0 0
287 297 0 0
297 79 0 0
79 4 0 1
4 27 0 0
27 56 0 0
56 8 0 0
8 137 0 1
137 267 0 0
267 0 0 0
1 7
0 82 1 1
82 274 1 1
274 96 1 1
96 142 1 1
142 10 1 1
10 263 1 1
263 0 1 0
2 6
0 71 2 0
71 298 2 0
298 284 2 0
284 151 2 0
151 53 2 0
53 0 2 0
3 13
0 269 3 1
269 177 3 0
177 9 3 1
9 283 3 0
283 195 3 0
195 257 3 0
257 1 3 1
1 69 3 0
69 125 3 1
125 258 3 0
258 291 3 0
291 261 3 0
261 0 3 0
4 7
0 268 4 0
268 194 4 0
194 61 4 0
61 141 4 0
141 278 4 0
278 31 4 0
31 0 4 0
5 17
0 288 5 2
288 272 5 2
272 47 5 2
47 124 5 2
124 84 5 2
84 58 5 2
58 123 5 0
123 187 5 0
187 182 5 2
182 186 5 2
186 127 5 2
127 184 5 0
184 140 5 0
140 285 5 2
285 251 5 0
251 296 5 2
296 0 5 0
6 3
0 73 6 0
73 32 6 0
32 0 6 0
7 13
0 97 7 1
97 54 7 1
54 117 7 1
117 275 7 0
275 265 7 1
265 295 7 0
295 33 7 0
33 252 7 1
252 55 7 0
55 293 7 1
293 183 7 0
183 174 7 0
174 0 7 0
8 3
0 273 8 0
273 43 8 0
43 0 8 0
9 18
0 280 9 2
280 36 9 2
36 281 9 1
281 11 9 2
11 255 9 1
255 178 9 2
178 300 9 2
300 139 9 2
139 72 9 2
72 18 9 2
18 86 9 1
86 193 9 2
193 259 9 2
259 111 9 2
111 74 9 1
74 148 9 1
148 138 9 1
138 0 9 0
10 12
0 185 10 2
185 101 10 1
101 64 10 2
64 277 10 1
277 98 10 1
98 143 10 1
143 180 10 1
180 266 10 2
266 271 10 2
271 135 10 1
135 253 10 2
253 0 10 0
11 13
0 42 11 2
42 294 11 1
294 16 11 2
16 122 11 1
122 85 11 1
85 28 11 2
28 254 11 1
254 152 11 1
152 105 11 1
105 292 11 1
292 169 11 2
169 44 11 2
44 0 11 0
12 1
0 0 12 0
13 14
0 89 13 1
89 50 13 1
50 161 13 1
161 166 13 0
166 162 13 0
162 299 13 0
299 144 13 0
144 30 13 1
30 80 13 0
80 78 13 1
78 134 13 1
134 21 13 1
21 176 13 0
176 0 13 0
14 16
0 116 14 2
116 81 14 0
81 146 14 2
146 147 14 0
147 264 14 0
264 83 14 0
83 286 14 0
286 87 14 2
87 279 14 2
279 90 14 0
90 20 14 0
20 188 14 2
188 26 14 0
26 260 14 2
260 57 14 2
57 0 14 0
15 11
0 35 15 2
35 150 15 2
150 262 15 2
262 95 15 2
95 158 15 2
158 77 15 2
77 191 15 2
191 45 15 2
45 112 15 2
112 276 15 2
276 0 15 0
16 8
0 59 16 2
59 23 16 2
23 197 16 2
197 270 16 2
270 126 16 2
126 60 16 2
60 93 16 2
93 0 16 0
17 7
0 282 17 2
282 289 17 1
289 256 17 2
256 172 17 1
172 290 17 2
290 157 17 2
157 0 17 0
18 13
0 164 18 4
164 287 18 5
287 297 18 3
297 106 18 3
106 168 18 3
168 155 18 4
155 132 18 3
132 75 18 5
75 300 18 5
300 245 18 4
245 24 18 4
24 92 18 4
92 0 18 0
19 15
0 228 19 3
228 288 19 5
288 269 19 3
269 294 19 3
294 128 19 5
128 109 19 3
109 211 19 5
211 209 19 3
209 17 19 5
17 254 19 3
254 292 19 5
292 102 19 3
102 251 19 5
251 296 19 4
296 0 19 0
20 13
0 228 20 5
228 179 20 5
179 110 20 3
110 5 20 5
5 203 20 3
203 249 20 4
249 103 20 5
103 256 20 3
256 121 20 4
121 159 20 5
159 293 20 5
293 94 20 4
94 0 20 0
21 12
0 100 21 5
100 165 21 5
165 7 21 5
7 224 21 3
224 284 21 5
284 218 21 3
218 153 21 5
153 181 21 3
181 46 21 5
46 285 21 3
285 290 21 3
290 0 21 0
22 7
0 274 22 5
274 203 22 4
203 249 22 5
249 278 22 4
278 171 22 5
171 65 22 5
65 0 22 0
23 9
0 234 23 3
234 99 23 4
99 25 23 5
25 120 23 4
120 224 23 5
224 218 23 5
218 270 23 3
270 253 23 3
253 0 23 0
24 14
0 272 24 5
272 227 24 5
227 216 24 3
216 226 24 3
226 225 24 3
225 229 24 3
229 6 24 3
6 175 24 3
175 19 24 5
19 15 24 5
15 233 24 3
233 245 24 3
245 267 24 5
267 0 24 0
25 15
0 234 25 4
234 217 25 4
217 298 25 5
298 39 25 3
39 277 25 3
277 3 25 4
3 189 25 3
189 215 25 3
215 198 25 5
198 266 25 3
266 244 25 3
244 271 25 5
271 240 25 4
240 241 25 3
241 0 25 0
26 13
0 192 26 3
192 280 26 4
280 227 26 4
227 216 26 5
216 226 26 5
226 225 26 4
225 229 26 5
229 299 26 3
299 129 26 5
129 37 26 5
37 279 26 4
279 236 26 3
236 0 26 0
27 12
0 243 27 5
243 217 27 5
217 133 27 3
133 156 27 3
156 154 27 5
154 199 27 3
199 91 27 3
91 215 27 5
215 244 27 5
244 240 27 5
240 241 27 5
241 0 27 0
28 5
0 243 28 4
243 14 28 4
14 219 28 3
219 207 28 3
207 0 28 0
29 15
0 223 29 3
223 231 29 3
231 281 29 4
281 242 29 4
242 264 29 4
264 210 29 3
210 119 29 3
119 201 29 3
201 286 29 5
286 88 29 4
88 208 29 4
208 220 29 4
220 29 29 3
29 236 29 4
236 0 29 0
30 21
0 145 30 4
145 239 30 4
239 66 30 3
66 130 30 4
130 2 30 4
2 206 30 4
206 248 30 4
248 76 30 3
76 211 30 3
211 209 30 4
209 115 30 3
115 205 30 3
205 257 30 3
257 232 30 3
232 247 30 3
247 237 30 3
237 190 30 4
190 235 30 3
235 230 30 3
230 51 30 4
51 0 30 0
31 15
0 223 31 5
223 231 31 5
231 22 31 4
22 242 31 5
242 255 31 5
255 210 31 4
210 12 31 4
12 221 31 3
221 212 31 4
212 62 31 3
62 233 31 4
233 259 31 4
259 167 31 4
167 276 31 3
276 0 31 0
32 17
0 49 32 5
49 239 32 5
239 107 32 5
107 113 32 3
113 52 32 4
52 206 32 5
206 248 32 5
248 283 32 4
283 38 32 3
38 205 32 4
205 232 32 4
232 247 32 5
247 237 32 5
237 40 32 5
40 235 32 4
235 230 32 5
230 0 32 0
33 9
0 170 33 3
170 214 33 3
214 262 33 5
262 67 33 5
67 208 33 5
208 220 33 5
220 213 33 3
213 136 33 3
136 0 33 0
34 16
0 268 34 4
268 104 34 4
104 173 34 4
173 63 34 4
63 68 34 4
68 196 34 5
196 201 34 4
201 70 34 5
70 221 34 4
221 212 34 5
212 160 34 4
160 200 34 3
200 131 34 5
131 213 34 5
213 260 34 4
260 0 34 0
35 7
0 246 35 4
246 282 35 4
282 222 35 3
222 263 35 3
263 219 35 5
219 207 35 4
207 0 35 0
36 5
0 246 36 5
246 222 36 5
222 114 36 4
114 149 36 4
149 0 36 0
37 14
0 214 37 5
214 34 37 4
34 275 37 3
275 265 37 3
265 295 37 3
295 48 37 5
48 163 37 4
163 252 37 5
252 13 37 4
13 258 37 4
258 291 37 5
291 261 37 5
261 118 37 3
118 0 37 0
38 7
0 238 38 4
238 289 38 5
289 202 38 4
202 204 38 5
204 108 38 5
108 250 38 5
250 0 38 0
39 7
0 238 39 3
238 273 39 3
273 202 39 5
202 204 39 3
204 41 39 4
41 250 39 3
250 0 39 0
