# Solution for ../instances-HHCRSP/InstanzCPLEX_HCSRP_75_7.txt
# Cost = 599.83 Dist = 1776.81 Tard = 14.8658 TMax = 7.81714
# <vehicle> <route length>
# <origin node> <dest node> <vehicle> <service type>
0 7
0 50 0 0
50 64 0 0
64 10 0 0
10 74 0 0
74 39 0 0
39 13 0 0
13 0 0 0
1 16
0 65 1 1
65 11 1 0
11 38 1 0
38 2 1 2
2 42 1 2
42 51 1 0
51 24 1 1
24 69 1 1
69 40 1 2
40 14 1 1
14 70 1 1
70 68 1 1
68 26 1 2
26 71 1 0
71 46 1 1
46 0 1 0
2 10
0 72 2 1
72 18 2 0
18 73 2 0
73 75 2 1
75 12 2 0
12 29 2 0
29 33 2 1
33 9 2 0
9 15 2 1
15 0 2 0
3 1
0 0 3 0
4 7
0 25 4 2
25 45 4 1
45 67 4 2
67 66 4 1
66 22 4 2
22 36 4 2
36 0 4 0
5 8
0 21 5 4
21 65 5 5
65 31 5 3
31 52 5 3
52 55 5 3
55 7 5 4
7 71 5 3
71 0 5 0
6 10
0 23 6 3
23 53 6 3
53 58 6 3
58 43 6 3
43 73 6 3
73 28 6 4
28 6 6 4
6 67 6 5
67 66 6 3
66 0 6 0
7 6
0 53 7 5
53 58 7 4
58 5 7 4
5 75 7 4
75 37 7 4
37 0 7 0
8 5
0 34 8 3
34 20 8 3
20 54 8 3
54 60 8 3
60 0 8 0
9 9
0 72 9 4
72 35 9 3
35 4 9 4
4 49 9 4
49 19 9 3
19 8 9 5
8 61 9 3
61 63 9 3
63 0 9 0
10 15
0 56 10 3
56 3 10 3
3 64 10 4
64 1 10 4
1 41 10 5
41 32 10 3
32 62 10 4
62 70 10 5
70 68 10 4
68 55 10 4
55 16 10 4
16 57 10 4
57 61 10 4
61 63 10 4
63 0 10 0
11 6
0 56 11 5
56 69 11 3
69 62 11 5
62 57 11 5
57 30 11 5
30 0 11 0
12 5
0 17 12 3
17 74 12 4
74 27 12 3
27 48 12 3
48 0 12 0
13 5
0 59 13 4
59 47 13 4
47 54 13 4
54 60 13 5
60 0 13 0
14 3
0 59 14 3
59 44 14 3
44 0 14 0
