# Solution for ../instances-HHCRSP/InstanzCPLEX_HCSRP_75_6.txt
# Cost = 735.38 Dist = 2197.74 Tard = 4.71712 TMax = 3.68169
# <vehicle> <route length>
# <origin node> <dest node> <vehicle> <service type>
0 14
0 67 0 1
67 65 0 1
65 4 0 0
4 13 0 0
13 74 0 0
74 33 0 0
33 19 0 1
19 40 0 2
40 15 0 1
15 23 0 1
23 24 0 1
24 73 0 1
73 1 0 1
1 0 0 0
1 8
0 25 1 2
25 66 1 2
66 51 1 2
51 20 1 2
20 3 1 2
3 47 1 2
47 12 1 2
12 0 1 0
2 7
0 30 2 2
30 16 2 0
16 41 2 0
41 44 2 0
44 68 2 2
68 70 2 0
70 0 2 0
3 2
0 22 3 2
22 0 3 0
4 13
0 5 4 1
5 43 4 1
43 36 4 1
36 18 4 0
18 2 4 0
2 31 4 2
31 64 4 1
64 26 4 0
26 72 4 2
72 71 4 0
71 69 4 2
69 75 4 1
75 0 4 0
5 9
0 7 5 5
7 35 5 5
35 62 5 5
62 17 5 5
17 74 5 3
74 53 5 3
53 61 5 5
61 58 5 3
58 0 5 0
6 6
0 50 6 3
50 6 6 5
6 32 6 4
32 64 6 3
64 10 6 5
10 0 6 0
7 12
0 60 7 4
60 65 7 5
65 27 7 4
27 55 7 3
55 52 7 3
52 46 7 4
46 53 7 4
53 61 7 4
61 73 7 4
73 38 7 5
38 29 7 3
29 0 7 0
8 9
0 60 8 5
60 48 8 4
48 11 8 4
11 55 8 4
55 9 8 4
9 21 8 3
21 28 8 5
28 58 8 5
58 0 8 0
9 9
0 67 9 3
67 66 9 3
66 62 9 4
62 8 9 4
8 72 9 4
72 71 9 4
71 69 9 4
69 14 9 3
14 0 9 0
10 3
0 56 10 4
56 75 10 4
75 0 10 0
11 6
0 54 11 4
54 63 11 4
63 59 11 4
59 57 11 3
57 42 11 4
42 0 11 0
12 8
0 56 12 5
56 45 12 5
45 54 12 5
54 39 12 5
39 63 12 5
63 59 12 5
59 68 12 5
68 0 12 0
13 6
0 49 13 4
49 37 13 4
37 34 13 5
34 57 13 5
57 70 13 5
70 0 13 0
14 1
0 0 14 0
