# Solution for ../instances-HHCRSP/InstanzVNS_HCSRP_300_4.txt
# Cost = 1639.61 Dist = 4886.76 Tard = 23.6492 TMax = 8.41679
# <vehicle> <route length>
# <origin node> <dest node> <vehicle> <service type>
0 13
0 90 0 1
90 270 0 1
270 163 0 1
163 71 0 1
71 20 0 0
20 278 0 1
278 25 0 1
25 254 0 1
254 108 0 0
108 268 0 1
268 296 0 0
296 65 0 1
65 0 0 0
1 9
0 300 1 0
300 266 1 0
266 105 1 0
105 121 1 0
121 85 1 0
85 178 1 0
178 291 1 0
291 265 1 0
265 0 1 0
2 14
0 160 2 1
160 186 2 0
186 69 2 0
69 285 2 0
285 263 2 0
263 50 2 0
50 92 2 1
92 280 2 0
280 162 2 0
162 140 2 1
140 146 2 1
146 132 2 1
132 9 2 0
9 0 2 0
3 10
0 144 3 2
144 77 3 1
77 185 3 2
185 127 3 0
127 63 3 0
63 274 3 1
274 10 3 1
10 109 3 1
109 193 3 1
193 0 3 0
4 10
0 251 4 2
251 261 4 2
261 290 4 0
290 277 4 2
277 288 4 0
288 87 4 2
87 258 4 2
258 34 4 2
34 292 4 0
292 0 4 0
5 8
0 139 5 1
139 183 5 2
183 191 5 1
191 99 5 1
99 111 5 1
111 11 5 2
11 142 5 1
142 0 5 0
6 14
0 283 6 2
283 15 6 2
15 122 6 2
122 33 6 0
33 284 6 2
284 149 6 0
149 16 6 0
16 148 6 2
148 255 6 2
255 286 6 1
286 137 6 1
137 102 6 0
102 252 6 1
252 0 6 0
7 9
0 47 7 2
47 51 7 2
51 166 7 2
166 257 7 2
257 84 7 2
84 86 7 2
86 98 7 2
98 112 7 2
112 0 7 0
8 12
0 7 8 1
7 168 8 1
168 152 8 2
152 14 8 2
14 94 8 1
94 155 8 1
155 24 8 1
24 184 8 2
184 76 8 2
76 135 8 1
135 36 8 1
36 0 8 0
9 10
0 106 9 2
106 287 9 2
287 13 9 2
13 158 9 2
158 264 9 2
264 271 9 2
271 12 9 2
12 176 9 2
176 282 9 2
282 0 9 0
10 13
0 259 10 1
259 273 10 2
273 174 10 1
174 289 10 2
289 88 10 2
88 197 10 2
197 123 10 2
123 72 10 2
72 125 10 2
125 269 10 1
269 56 10 2
56 89 10 2
89 0 10 0
11 8
0 170 11 0
170 298 11 0
298 54 11 0
54 295 11 0
295 181 11 0
181 165 11 0
165 294 11 0
294 0 11 0
12 7
0 275 12 2
275 39 12 0
39 113 12 2
113 44 12 0
44 18 12 0
18 100 12 0
100 0 12 0
13 17
0 40 13 1
40 55 13 1
55 279 13 0
279 262 13 0
262 128 13 2
128 1 13 2
1 260 13 0
260 297 13 2
297 281 13 2
281 192 13 1
192 62 13 0
62 41 13 0
41 64 13 0
64 299 13 2
299 256 13 1
256 276 13 1
276 0 13 0
14 3
0 293 14 0
293 120 14 0
120 0 14 0
15 2
0 195 15 2
195 0 15 0
16 9
0 173 16 1
173 253 16 1
253 267 16 1
267 272 16 1
272 81 16 1
81 17 16 1
17 167 16 1
167 95 16 1
95 0 16 0
17 3
0 157 17 0
157 130 17 0
130 0 17 0
18 20
0 49 18 4
49 206 18 3
206 238 18 3
238 212 18 3
212 226 18 3
226 31 18 4
31 279 18 3
279 134 18 3
134 216 18 4
216 254 18 5
254 217 18 3
217 219 18 4
219 68 18 3
68 156 18 3
156 269 18 4
269 129 18 5
129 78 18 3
78 110 18 5
110 159 18 3
159 0 18 0
19 12
0 206 19 5
206 238 19 5
238 212 19 4
212 259 19 5
259 260 19 4
260 297 19 5
297 281 19 5
281 104 19 4
104 208 19 4
208 236 19 4
236 256 19 5
256 0 19 0
20 10
0 82 20 3
82 202 20 4
202 231 20 4
231 204 20 3
204 246 20 4
246 5 20 3
5 205 20 4
205 280 20 5
280 252 20 4
252 0 20 0
21 14
0 228 21 5
228 251 21 5
251 230 21 5
230 273 21 4
273 143 21 5
143 214 21 4
214 169 21 5
169 220 21 5
220 249 21 5
249 294 21 4
294 57 21 4
57 250 21 4
250 265 21 4
265 0 21 0
22 13
0 228 22 3
228 66 22 3
66 270 22 5
270 230 22 3
230 289 22 3
289 214 22 3
214 60 22 4
60 220 22 3
220 249 22 3
249 218 22 4
218 222 22 4
222 250 22 3
250 0 22 0
23 8
0 28 23 3
28 103 23 4
103 189 23 5
189 298 23 3
298 4 23 4
4 22 23 5
22 151 23 5
151 0 23 0
24 18
0 161 24 5
161 244 24 3
244 261 24 4
261 196 24 5
196 226 24 5
226 262 24 5
262 83 24 5
83 239 24 3
239 243 24 3
243 237 24 4
237 96 24 3
96 235 24 4
235 223 24 3
223 240 24 3
240 3 24 3
3 225 24 3
225 276 24 3
276 0 24 0
25 18
0 202 25 5
202 231 25 5
231 204 25 5
204 246 25 5
246 131 25 4
131 245 25 3
245 153 25 4
153 201 25 4
201 241 25 3
241 232 25 4
232 187 25 3
187 205 25 5
205 19 25 4
19 29 25 5
29 224 25 3
224 182 25 3
182 141 25 4
141 0 25 0
26 18
0 145 26 4
145 244 26 4
244 114 26 5
114 190 26 3
190 177 26 4
177 198 26 4
198 290 26 5
290 194 26 4
194 119 26 3
119 277 26 5
277 171 26 4
171 73 26 3
73 117 26 3
117 61 26 4
61 218 26 5
218 222 26 5
222 291 26 5
291 0 26 0
27 13
0 248 27 4
248 213 27 3
213 116 27 3
116 287 27 3
287 6 27 3
6 278 27 3
278 227 27 3
227 210 27 3
210 37 27 4
37 79 27 4
79 138 27 4
138 207 27 3
207 0 27 0
28 16
0 248 28 5
248 213 28 5
213 264 28 4
264 271 28 3
271 216 28 5
216 217 28 5
217 219 28 5
219 199 28 5
199 175 28 4
175 124 28 5
124 93 28 4
93 136 28 3
136 70 28 5
70 282 28 3
282 67 28 3
67 0 28 0
29 15
0 59 29 4
59 30 29 5
30 245 29 5
245 201 29 5
201 241 29 4
241 232 29 5
232 80 29 5
80 101 29 4
101 233 29 4
233 75 29 3
75 274 29 5
274 229 29 4
229 221 29 4
221 292 29 4
292 0 29 0
30 11
0 283 30 5
283 38 30 5
38 48 30 5
48 284 30 5
284 43 30 5
43 188 30 4
188 255 30 5
255 286 30 3
286 224 30 5
224 234 30 4
234 0 30 0
31 14
0 97 31 4
97 52 31 5
52 42 31 4
42 58 31 3
58 275 31 5
275 285 31 3
285 263 31 5
263 257 31 3
257 180 31 3
180 46 31 4
46 21 31 5
21 53 31 5
53 207 31 5
207 0 31 0
32 7
0 215 32 3
215 242 32 3
242 293 32 5
293 233 32 5
233 172 32 3
172 234 32 3
234 0 32 0
33 17
0 23 33 4
23 32 33 3
32 74 33 5
74 300 33 3
300 266 33 5
266 179 33 3
179 45 33 3
45 239 33 5
239 243 33 4
243 237 33 5
237 235 33 5
235 223 33 5
223 240 33 5
240 299 33 3
299 208 33 5
208 236 33 3
236 0 33 0
34 7
0 203 34 5
203 209 34 3
209 253 34 3
253 295 34 5
295 91 34 5
91 26 34 3
26 0 34 0
35 12
0 215 35 4
215 242 35 4
242 107 35 3
107 267 35 3
267 211 35 4
211 288 35 3
288 258 35 3
258 150 35 4
150 35 35 3
35 118 35 3
118 225 35 5
225 0 35 0
36 8
0 203 36 4
203 209 36 4
209 147 36 5
147 211 36 5
211 272 36 4
272 229 36 5
229 221 36 5
221 0 36 0
37 11
0 27 37 3
27 164 37 3
164 126 37 4
126 227 37 4
227 210 37 5
210 268 37 5
268 133 37 3
133 8 37 4
8 296 37 4
296 154 37 3
154 0 37 0
38 4
0 247 38 3
247 115 38 4
115 2 38 4
2 0 38 0
39 3
0 247 39 4
247 200 39 4
200 0 39 0
