# Solution for ../instances-HHCRSP/InstanzCPLEX_HCSRP_75_5.txt
# Cost = 738.031 Dist = 2214.09 Tard = 0 TMax = 0
# <vehicle> <route length>
# <origin node> <dest node> <vehicle> <service type>
0 16
0 14 0 0
14 66 0 0
66 72 0 1
72 67 0 0
67 17 0 0
17 31 0 1
31 68 0 0
68 39 0 1
39 69 0 1
69 75 0 1
75 5 0 0
5 25 0 1
25 33 0 1
33 35 0 1
35 24 0 2
24 0 0 0
1 7
0 15 1 2
15 36 1 2
36 3 1 2
3 74 1 2
74 32 1 2
32 30 1 2
30 0 1 0
2 9
0 71 2 1
71 64 2 1
64 34 2 1
34 51 2 1
51 18 2 1
18 65 2 1
65 40 2 1
40 13 2 1
13 0 2 0
3 7
0 23 3 0
23 21 3 0
21 70 3 0
70 43 3 0
43 73 3 0
73 41 3 0
41 0 3 0
4 5
0 9 4 2
9 46 4 2
46 27 4 2
27 4 4 2
4 0 4 0
5 10
0 28 5 3
28 60 5 3
60 52 5 5
52 63 5 3
63 11 5 5
11 22 5 5
22 12 5 3
12 19 5 5
19 1 5 5
1 0 5 0
6 13
0 60 6 5
60 63 6 5
63 66 6 4
66 2 6 4
2 72 6 3
72 10 6 3
10 67 6 3
67 68 6 4
68 47 6 4
47 69 6 3
69 26 6 4
26 61 6 3
61 0 6 0
7 8
0 38 7 3
38 54 7 3
54 45 7 3
45 59 7 3
59 53 7 5
53 75 7 3
75 61 7 5
61 0 7 0
8 7
0 54 8 5
54 49 8 5
49 6 8 5
6 29 8 3
29 62 8 3
62 56 8 3
56 0 8 0
9 6
0 8 9 5
8 71 9 4
71 55 9 4
55 65 9 4
65 57 9 5
57 0 9 0
10 9
0 50 10 3
50 59 10 4
59 64 10 4
64 53 10 4
53 48 10 4
48 62 10 4
62 7 10 4
7 37 10 4
37 0 10 0
11 7
0 42 11 5
42 16 11 4
16 55 11 5
55 70 11 3
70 74 11 4
74 56 11 5
56 0 11 0
12 3
0 58 12 3
58 44 12 3
44 0 12 0
13 3
0 58 13 5
58 73 13 5
73 0 13 0
14 3
0 20 14 3
20 57 14 3
57 0 14 0
