# Solution for ../instances-HHCRSP/InstanzVNS_HCSRP_100_3.txt
# Cost = 796.67 Dist = 2377.22 Tard = 7.51549 TMax = 5.28011
# <vehicle> <route length>
# <origin node> <dest node> <vehicle> <service type>
0 13
0 40 0 1
40 33 0 0
33 9 0 1
9 90 0 1
90 6 0 0
6 59 0 0
59 67 0 1
67 5 0 0
5 17 0 0
17 87 0 0
87 60 0 0
60 54 0 1
54 0 0 0
1 6
0 96 1 0
96 34 1 0
34 22 1 0
22 94 1 0
94 86 1 0
86 0 1 0
2 10
0 23 2 1
23 88 2 1
88 92 2 1
92 91 2 2
91 69 2 2
69 29 2 2
29 21 2 1
21 64 2 2
64 65 2 1
65 0 2 0
3 9
0 26 3 1
26 20 3 1
20 62 3 1
62 4 3 1
4 41 3 1
41 63 3 1
63 93 3 1
93 3 3 0
3 0 3 0
4 9
0 35 4 2
35 50 4 2
50 98 4 2
98 45 4 2
45 43 4 2
43 47 4 2
47 31 4 2
31 99 4 2
99 0 4 0
5 10
0 61 5 2
61 2 5 2
2 1 5 2
1 100 5 1
100 10 5 1
10 89 5 1
89 95 5 0
95 38 5 0
38 97 5 2
97 0 5 0
6 2
0 68 6 0
68 0 6 0
7 8
0 71 7 3
71 74 7 3
74 55 7 3
55 82 7 3
82 52 7 3
52 87 7 3
87 11 7 3
11 0 7 0
8 7
0 16 8 4
16 88 8 5
88 73 8 4
73 46 8 4
46 48 8 5
48 77 8 3
77 0 8 0
9 13
0 71 9 4
71 44 9 4
44 74 9 4
74 98 9 4
98 8 9 4
8 84 9 4
84 75 9 4
75 32 9 5
32 85 9 3
85 76 9 4
76 14 9 4
14 72 9 4
72 0 9 0
10 7
0 27 10 5
27 28 10 5
28 100 10 3
100 95 10 5
95 81 10 5
81 39 10 3
39 0 10 0
11 6
0 42 11 5
42 83 11 5
83 91 11 5
91 79 11 5
79 30 11 5
30 0 11 0
12 7
0 19 12 4
19 13 12 5
13 18 12 3
18 94 12 5
94 86 12 5
86 99 12 5
99 0 12 0
13 9
0 96 13 5
96 70 13 5
70 80 13 3
80 7 13 3
7 84 13 3
84 75 13 5
75 85 13 5
85 78 13 5
78 0 13 0
14 7
0 83 14 4
83 92 14 4
92 79 14 3
79 73 14 5
73 97 14 4
97 53 14 3
53 0 14 0
15 11
0 15 15 3
15 36 15 3
36 56 15 4
56 90 15 3
90 12 15 4
12 82 15 5
82 51 15 3
51 57 15 3
57 66 15 3
66 78 15 4
78 0 15 0
16 5
0 80 16 4
80 93 16 4
93 76 16 5
76 72 16 5
72 0 16 0
17 2
0 37 17 3
37 0 17 0
18 6
0 49 18 4
49 24 18 5
24 89 18 3
89 81 18 4
81 77 18 4
77 0 18 0
19 3
0 58 19 4
58 25 19 4
25 0 19 0
