# Solution for ../instances-HHCRSP/InstanzVNS_HCSRP_300_4.txt
# Cost = 1600.63 Dist = 4791.52 Tard = 6.86512 TMax = 3.48683
# <vehicle> <route length>
# <origin node> <dest node> <vehicle> <service type>
0 14
0 7 0 1
7 94 0 1
94 298 0 0
298 108 0 0
108 24 0 1
24 268 0 1
268 155 0 1
155 132 0 1
132 146 0 1
146 162 0 0
162 140 0 1
140 100 0 0
100 65 0 1
65 0 0 0
1 9
0 266 1 0
266 300 1 0
300 105 1 0
105 20 1 0
20 262 1 0
262 178 1 0
178 291 1 0
291 265 1 0
265 0 1 0
2 13
0 55 2 1
55 279 2 0
279 191 2 1
191 260 2 0
260 288 2 0
288 290 2 0
290 41 2 0
41 62 2 0
62 192 2 1
192 256 2 1
256 64 2 0
64 276 2 1
276 0 2 0
3 14
0 283 3 2
283 92 3 1
92 144 3 2
144 77 3 1
77 149 3 0
149 284 3 2
284 16 3 0
16 148 3 2
148 137 3 1
137 255 3 2
255 286 3 1
286 102 3 0
102 252 3 1
252 0 3 0
4 13
0 275 4 2
275 39 4 0
39 186 4 0
186 69 4 0
69 285 4 0
285 263 4 0
263 50 4 0
50 257 4 2
257 113 4 2
113 44 4 0
44 18 4 0
18 296 4 0
296 0 4 0
5 12
0 261 5 2
261 259 5 1
259 183 5 2
183 139 5 1
139 40 5 1
40 267 5 1
267 272 5 1
272 87 5 2
87 34 5 2
34 99 5 1
99 89 5 2
89 0 5 0
6 14
0 106 6 2
106 287 6 2
287 278 6 1
278 25 6 1
25 54 6 0
54 295 6 0
295 181 6 0
181 165 6 0
165 294 6 0
294 17 6 1
17 292 6 0
292 167 6 1
167 95 6 1
95 0 6 0
7 8
0 251 7 2
251 128 7 2
128 1 7 2
1 297 7 2
297 281 7 2
281 277 7 2
277 258 7 2
258 0 7 0
8 9
0 160 8 1
160 51 8 2
51 152 8 2
152 168 8 1
168 173 8 1
173 253 8 1
253 81 8 1
81 195 8 2
195 0 8 0
9 6
0 122 9 2
122 15 9 2
15 185 9 2
185 98 9 2
98 112 9 2
112 0 9 0
10 15
0 90 10 1
90 71 10 1
71 13 10 2
13 158 10 2
158 264 10 2
264 254 10 1
254 271 10 2
271 12 10 2
12 176 10 2
176 135 10 1
135 76 10 2
76 184 10 2
184 282 10 2
282 36 10 1
36 0 10 0
11 7
0 157 11 0
157 293 11 0
293 33 11 0
33 127 11 0
127 63 11 0
63 120 11 0
120 0 11 0
12 8
0 170 12 0
170 47 12 2
47 14 12 2
14 166 12 2
166 84 12 2
84 280 12 0
280 86 12 2
86 0 12 0
13 19
0 270 13 1
270 273 13 2
273 289 13 2
289 163 13 1
163 174 13 1
174 197 13 2
197 88 13 2
88 123 13 2
123 269 13 1
269 125 13 2
125 72 13 2
72 121 13 0
121 85 13 0
85 56 13 2
56 299 13 2
299 142 13 1
142 11 13 2
11 111 13 1
111 0 13 0
14 3
0 130 14 0
130 9 14 0
9 0 14 0
15 1
0 0 15 0
16 5
0 274 16 1
274 10 16 1
10 109 16 1
109 193 16 1
193 0 16 0
17 1
0 0 17 0
18 16
0 49 18 4
49 23 18 4
23 212 18 3
212 261 18 4
261 279 18 3
279 134 18 3
134 216 18 4
216 254 18 5
254 271 18 3
271 217 18 3
217 219 18 4
219 110 18 5
110 78 18 3
78 156 18 3
156 129 18 5
129 0 18 0
19 16
0 203 19 4
203 212 19 4
212 259 19 5
259 297 19 5
297 281 19 5
281 239 19 5
239 243 19 4
243 237 19 4
237 235 19 4
235 240 19 5
240 223 19 5
223 236 19 4
236 225 19 5
225 218 19 4
218 222 19 4
222 0 19 0
20 13
0 203 20 5
203 177 20 4
177 251 20 5
251 83 20 5
83 60 20 4
60 260 20 4
260 237 20 5
237 235 20 5
235 96 20 3
96 104 20 4
104 299 20 3
299 208 20 4
208 0 20 0
21 11
0 283 21 5
283 38 21 5
38 30 21 5
30 48 21 5
48 284 21 5
284 43 21 5
43 224 21 5
224 29 21 5
29 234 21 4
234 141 21 4
141 0 21 0
22 17
0 275 22 5
275 58 22 3
58 246 22 4
246 245 22 3
245 201 22 4
201 59 22 4
59 241 22 3
241 232 22 4
232 187 22 3
187 19 22 4
19 205 22 4
205 224 22 3
224 188 22 4
188 255 22 5
255 286 22 3
286 182 22 3
182 0 22 0
23 16
0 164 23 3
164 248 23 4
248 287 23 3
287 213 23 3
213 227 23 3
227 264 23 4
264 216 23 5
216 68 23 3
68 217 23 5
217 219 23 5
219 199 23 5
199 70 23 5
70 124 23 5
124 91 23 5
91 200 23 4
200 0 23 0
24 17
0 161 24 5
161 228 24 3
228 244 24 3
244 114 24 5
114 198 24 4
198 190 24 3
190 171 24 4
171 290 24 5
290 277 24 5
277 35 24 3
35 150 24 4
150 258 24 3
258 118 24 3
118 225 24 3
225 3 24 3
3 276 24 3
276 0 24 0
25 17
0 206 25 3
206 230 25 3
230 266 25 5
266 300 25 3
300 273 25 4
273 179 25 3
179 45 25 3
45 269 25 4
269 214 25 3
214 220 25 3
220 249 25 3
249 294 25 4
294 57 25 4
57 250 25 4
250 265 25 4
265 136 25 3
136 0 25 0
26 16
0 206 26 5
206 230 26 5
230 270 26 5
270 143 26 5
143 289 26 3
289 238 26 3
238 226 26 3
226 196 26 5
196 31 26 4
31 73 26 3
73 262 26 5
262 214 26 4
214 61 26 4
61 218 26 5
218 222 26 5
222 0 26 0
27 11
0 246 27 5
246 245 27 5
245 201 27 5
201 241 27 4
241 232 27 5
232 80 27 5
80 101 27 4
101 233 27 4
233 75 27 3
75 247 27 3
247 0 27 0
28 12
0 248 28 5
248 213 28 5
213 227 28 4
227 210 28 3
210 126 28 4
126 133 28 3
133 268 28 5
268 79 28 4
79 37 28 4
37 67 28 3
67 282 28 3
282 0 28 0
29 8
0 27 29 3
27 131 29 4
131 153 29 4
153 5 29 3
5 205 29 5
205 280 29 5
280 252 29 4
252 0 29 0
30 16
0 52 30 5
52 42 30 4
42 82 30 3
82 231 30 4
231 202 30 4
202 204 30 3
204 285 30 3
285 263 30 5
263 257 30 3
257 180 30 3
180 207 30 3
207 138 30 4
138 296 30 4
296 8 30 4
8 154 30 3
154 0 30 0
31 13
0 145 31 4
145 228 31 5
228 244 31 4
244 194 31 4
194 119 31 3
119 239 31 3
239 243 31 3
243 240 31 3
240 223 31 3
223 236 31 3
236 256 31 5
256 208 31 5
208 0 31 0
32 8
0 215 32 3
215 242 32 3
242 293 32 5
293 274 32 5
274 233 32 5
233 172 32 3
172 234 32 3
234 0 32 0
33 8
0 215 33 4
215 242 33 4
242 209 33 3
209 147 33 5
147 211 33 4
211 288 33 3
288 292 33 4
292 0 33 0
34 13
0 32 34 3
32 66 34 3
66 74 34 5
74 238 34 5
238 226 34 5
226 117 34 3
117 169 34 5
169 220 34 5
220 249 34 5
249 291 34 5
291 159 34 3
159 250 34 3
250 0 34 0
35 8
0 231 35 5
231 202 35 5
202 204 35 5
204 46 35 4
46 21 35 5
21 53 35 5
53 207 35 5
207 0 35 0
36 12
0 97 36 4
97 298 36 3
298 189 36 5
189 115 36 4
115 151 36 5
151 253 36 3
253 93 36 4
93 295 36 5
295 26 36 3
26 229 36 4
229 221 36 4
221 0 36 0
37 10
0 103 37 4
103 116 37 3
116 6 37 3
6 278 37 3
278 210 37 5
210 175 37 4
175 22 37 5
22 4 37 4
4 2 37 4
2 0 37 0
38 9
0 28 38 3
28 209 38 4
209 211 38 5
211 267 38 3
267 272 38 4
272 107 38 3
107 229 38 5
229 221 38 5
221 0 38 0
39 2
0 247 39 4
247 0 39 0
