# Solution for ../instances-HHCRSP/InstanzVNS_HCSRP_100_1.txt
# Cost = 1344 Dist = 2762.88 Tard = 1045.23 TMax = 223.883
# <vehicle> <route length>
# <origin node> <dest node> <vehicle> <service type>
0 17
0 47 0 0
47 33 0 0
33 86 0 0
86 94 0 0
94 15 0 0
15 48 0 0
48 100 0 0
100 90 0 0
90 66 0 0
66 61 0 0
61 18 0 0
18 38 0 0
38 92 0 0
92 19 0 0
19 46 0 0
46 55 0 0
55 0 0 0
1 12
0 31 1 1
31 43 1 1
43 70 1 2
70 98 1 2
98 17 1 2
17 56 1 1
56 41 1 1
41 3 1 1
3 93 1 1
93 96 1 1
96 59 1 2
59 0 1 0
2 10
0 12 2 1
12 91 2 2
91 62 2 1
62 60 2 2
60 97 2 1
97 30 2 2
30 99 2 2
99 11 2 1
11 53 2 2
53 0 2 0
3 3
0 40 3 2
40 21 3 2
21 0 3 0
4 7
0 88 4 2
88 22 4 2
22 5 4 2
5 57 4 2
57 25 4 2
25 7 4 2
7 0 4 0
5 3
0 13 5 1
13 58 5 1
58 0 5 0
6 6
0 42 6 2
42 95 6 2
95 87 6 2
87 67 6 2
67 89 6 2
89 0 6 0
7 14
0 49 7 4
49 86 7 4
86 27 7 4
27 6 7 4
6 94 7 4
94 79 7 3
79 16 7 4
16 39 7 3
39 97 7 4
97 71 7 4
71 36 7 3
36 93 7 5
93 96 7 4
96 0 7 0
8 5
0 10 8 4
10 50 8 5
50 78 8 5
78 34 8 4
34 0 8 0
9 10
0 83 9 4
83 98 9 4
98 84 9 4
84 85 9 4
85 73 9 5
73 26 9 5
26 35 9 5
35 82 9 4
82 92 9 4
92 0 9 0
10 12
0 81 10 3
81 91 10 3
91 65 10 4
65 63 10 4
63 23 10 4
23 100 10 3
100 77 10 4
77 76 10 3
76 1 10 3
1 80 10 3
80 72 10 3
72 0 10 0
11 11
0 83 11 5
83 52 11 3
52 84 11 5
84 85 11 3
85 73 11 3
73 4 11 3
4 74 11 3
74 89 11 4
89 75 11 3
75 51 11 4
51 0 11 0
12 12
0 81 12 4
81 14 12 3
14 37 12 3
37 20 12 5
20 79 12 4
79 77 12 5
77 76 12 4
76 64 12 3
64 80 12 4
80 72 12 5
72 28 12 5
28 0 12 0
13 7
0 88 13 3
88 68 13 4
68 78 13 3
78 2 13 4
2 90 13 4
90 44 13 3
44 0 13 0
14 8
0 45 14 3
45 54 14 3
54 24 14 5
24 71 14 3
71 69 14 5
69 99 14 5
99 29 14 3
29 0 14 0
15 8
0 8 15 4
8 95 15 4
95 87 15 5
87 82 15 3
82 74 15 5
74 32 15 4
32 75 15 5
75 0 15 0
16 1
0 0 16 0
17 1
0 0 17 0
18 2
0 9 18 4
9 0 18 0
19 1
0 0 19 0
