# Solution for ../instances-HHCRSP/InstanzVNS_HCSRP_300_6.txt
# Cost = 1767.46 Dist = 5283.71 Tard = 14.0024 TMax = 4.68229
# <vehicle> <route length>
# <origin node> <dest node> <vehicle> <service type>
0 14
0 290 0 0
290 5 0 1
5 157 0 0
157 275 0 1
275 103 0 0
103 295 0 0
295 277 0 1
277 23 0 1
23 190 0 0
190 127 0 1
127 189 0 0
189 106 0 1
106 254 0 0
254 0 0 0
1 6
0 193 1 1
193 269 1 1
269 182 1 1
182 264 1 1
264 147 1 1
147 0 1 0
2 17
0 51 2 2
51 198 2 0
198 20 2 2
20 158 2 1
158 173 2 0
173 256 2 1
256 134 2 0
134 292 2 1
292 61 2 1
61 288 2 1
288 172 2 1
172 114 2 0
114 12 2 2
12 73 2 2
73 113 2 0
113 150 2 2
150 0 2 0
3 19
0 43 3 1
43 30 3 2
30 143 3 2
143 299 3 2
299 255 3 2
255 285 3 1
285 265 3 2
265 129 3 2
129 19 3 1
19 104 3 1
104 15 3 1
15 126 3 1
126 174 3 1
174 278 3 1
278 266 3 2
266 58 3 1
58 168 3 2
168 1 3 1
1 0 3 0
4 14
0 183 4 1
183 66 4 0
66 165 4 0
165 279 4 1
279 95 4 1
95 33 4 0
33 271 4 0
271 252 4 1
252 188 4 1
188 262 4 0
262 268 4 1
268 191 4 1
191 289 4 1
289 0 4 0
5 14
0 16 5 0
16 283 5 0
283 284 5 0
284 36 5 1
36 2 5 0
2 18 5 0
18 78 5 0
78 77 5 0
77 72 5 0
72 136 5 0
136 273 5 1
273 261 5 1
261 177 5 1
177 0 5 0
6 9
0 144 6 2
144 60 6 2
60 276 6 2
276 47 6 2
47 287 6 2
287 3 6 2
3 251 6 2
251 267 6 2
267 0 6 0
7 11
0 25 7 2
25 282 7 2
282 67 7 2
67 82 7 2
82 97 7 2
97 184 7 2
184 40 7 2
40 128 7 2
128 296 7 2
296 98 7 2
98 0 7 0
8 4
0 159 8 1
159 281 8 1
281 298 8 1
298 0 8 0
9 12
0 22 9 2
22 131 9 0
131 124 9 2
124 90 9 0
90 260 9 0
260 259 9 0
259 293 9 1
293 187 9 2
187 156 9 2
156 294 9 2
294 161 9 0
161 0 9 0
10 11
0 4 10 0
4 258 10 0
258 13 10 0
13 94 10 0
94 53 10 1
53 24 10 1
24 80 10 1
80 297 10 1
297 253 10 1
253 109 10 0
109 0 10 0
11 6
0 139 11 2
139 116 11 2
116 92 11 2
92 300 11 2
300 181 11 2
181 0 11 0
12 14
0 31 12 2
31 44 12 0
44 197 12 2
197 133 12 2
133 119 12 2
119 64 12 2
64 111 12 1
111 121 12 1
121 99 12 2
99 76 12 1
76 180 12 2
180 257 12 1
257 79 12 2
79 0 12 0
13 10
0 122 13 1
122 151 13 0
151 280 13 0
280 26 13 0
26 291 13 0
291 286 13 0
286 199 13 0
199 272 13 0
272 274 13 1
274 0 13 0
14 3
0 41 14 0
41 142 14 0
142 0 14 0
15 2
0 85 15 1
85 0 15 0
16 5
0 59 16 1
59 112 16 1
112 263 16 1
263 270 16 1
270 0 16 0
17 2
0 132 17 0
132 0 17 0
18 19
0 195 18 4
195 216 18 4
216 48 18 4
48 276 18 3
276 242 18 3
242 46 18 4
46 138 18 3
138 271 18 5
271 244 18 3
244 155 18 5
155 239 18 4
239 196 18 4
196 236 18 3
236 251 18 3
251 247 18 3
247 297 18 3
297 38 18 5
38 176 18 5
176 0 18 0
19 15
0 290 19 5
290 86 19 5
86 83 19 4
83 210 19 3
210 68 19 5
68 146 19 3
146 81 19 4
81 203 19 4
203 222 19 3
222 220 19 4
220 179 19 5
179 272 19 4
272 201 19 3
201 96 19 3
96 0 19 0
20 15
0 35 20 5
35 216 20 5
216 258 20 3
258 89 20 4
89 84 20 5
84 186 20 5
186 241 20 3
241 252 20 5
252 292 20 3
292 219 20 3
219 211 20 3
211 288 20 4
288 101 20 3
101 218 20 3
218 0 20 0
21 12
0 249 21 3
249 152 21 5
152 27 21 4
27 279 21 3
279 241 21 4
241 87 21 5
87 262 21 3
262 268 21 3
268 29 21 3
29 278 21 4
278 266 21 5
266 0 21 0
22 11
0 249 22 5
249 11 22 4
11 74 22 5
74 141 22 5
141 192 22 3
192 256 22 5
256 107 22 4
107 219 22 4
219 211 22 5
211 218 22 4
218 0 22 0
23 15
0 231 23 3
231 204 23 4
204 65 23 3
65 207 23 3
207 171 23 5
171 275 23 5
275 17 23 5
17 248 23 4
248 28 23 5
28 108 23 4
108 230 23 3
230 206 23 4
206 229 23 3
229 110 23 3
110 0 23 0
24 14
0 231 24 5
231 204 24 5
204 93 24 5
93 207 24 5
207 242 24 5
242 287 24 5
287 153 24 5
153 100 24 4
100 248 24 5
248 102 24 5
102 230 24 4
230 206 24 5
206 166 24 5
166 0 24 0
25 9
0 50 25 3
50 299 25 3
299 284 25 5
284 233 25 4
233 34 25 5
34 213 25 4
213 270 25 5
270 42 25 4
42 0 25 0
26 15
0 160 26 5
160 148 26 4
148 137 26 5
137 91 26 4
91 194 26 5
194 243 26 3
243 280 26 4
280 162 26 5
162 185 26 5
185 296 26 5
296 235 26 3
235 69 26 3
69 125 26 3
125 226 26 3
226 0 26 0
27 8
0 209 27 3
209 250 27 3
250 255 27 3
255 285 27 4
285 221 27 3
221 118 27 4
118 213 27 5
213 0 27 0
28 12
0 209 28 5
209 250 28 4
250 223 28 4
223 232 28 3
232 140 28 5
140 105 28 5
105 32 28 4
32 130 28 3
130 227 28 5
227 225 28 3
225 224 28 5
224 0 28 0
29 13
0 154 29 3
154 238 29 3
238 215 29 4
215 228 29 3
228 214 29 3
214 145 29 3
145 52 29 3
52 244 29 4
244 239 29 5
239 236 29 5
236 247 29 4
247 253 29 4
253 0 29 0
30 13
0 238 30 4
238 215 30 5
215 8 30 4
8 55 30 4
55 21 30 3
21 265 30 3
265 273 30 3
273 117 30 4
117 169 30 4
169 257 30 4
257 115 30 5
115 14 30 3
14 0 30 0
31 17
0 88 31 4
88 282 31 5
282 62 31 4
62 228 31 5
228 214 31 5
214 269 31 4
269 264 31 3
264 9 31 4
9 295 31 4
295 277 31 5
277 71 31 5
71 135 31 4
135 163 31 5
163 267 31 4
267 229 31 4
229 254 31 3
254 0 31 0
32 11
0 56 32 5
56 283 32 5
283 54 32 3
54 233 32 5
233 240 32 3
240 245 32 3
245 263 32 4
263 300 32 4
300 217 32 5
217 70 32 3
70 0 32 0
33 13
0 178 33 4
178 208 33 3
208 202 33 3
202 7 33 5
7 243 33 4
243 291 33 3
291 120 33 5
120 123 33 3
123 235 33 4
235 170 33 5
170 175 33 3
175 226 33 4
226 0 33 0
34 13
0 167 34 4
167 205 34 4
205 237 34 4
237 210 34 4
210 281 34 5
281 298 34 3
298 260 34 3
260 203 34 5
203 222 34 5
222 220 34 5
220 75 34 4
75 294 34 3
294 0 34 0
35 10
0 208 35 5
208 202 35 4
202 223 35 5
223 232 35 4
232 221 35 5
221 200 35 4
200 149 35 4
149 261 35 4
261 289 35 4
289 0 35 0
36 6
0 234 36 4
234 63 36 3
63 240 36 4
240 245 36 4
245 217 36 4
217 0 36 0
37 7
0 246 37 3
246 212 37 4
212 57 37 3
57 227 37 4
227 225 37 4
225 224 37 3
224 0 37 0
38 8
0 205 38 5
205 237 38 5
237 234 38 5
234 246 38 5
246 212 38 5
212 164 38 3
164 10 38 5
10 0 38 0
39 11
0 39 39 5
39 45 39 5
45 49 39 4
49 6 39 5
6 37 39 4
37 259 39 5
259 293 39 4
293 286 39 5
286 274 39 5
274 201 39 4
201 0 39 0
