# Solution for ../instances-HHCRSP/InstanzVNS_HCSRP_100_8.txt
# Cost = 764.824 Dist = 2285.78 Tard = 6.27657 TMax = 2.41417
# <vehicle> <route length>
# <origin node> <dest node> <vehicle> <service type>
0 7
0 86 0 2
86 17 0 0
17 21 0 0
21 94 0 0
94 23 0 2
23 90 0 2
90 0 0 0
1 17
0 42 1 0
42 65 1 0
65 33 1 1
33 22 1 1
22 45 1 2
45 55 1 0
55 97 1 0
97 53 1 1
53 100 1 1
100 89 1 0
89 13 1 2
13 44 1 1
44 98 1 2
98 48 1 1
48 51 1 0
51 46 1 2
46 0 1 0
2 7
0 11 2 0
11 40 2 0
40 95 2 0
95 62 2 0
62 16 2 0
16 5 2 0
5 0 2 0
3 7
0 57 3 1
57 92 3 1
92 36 3 1
36 96 3 1
96 27 3 1
27 18 3 1
18 0 3 0
4 8
0 91 4 2
91 68 4 2
68 6 4 2
6 12 4 2
12 56 4 2
56 58 4 2
58 93 4 2
93 0 4 0
5 3
0 87 5 2
87 60 5 2
60 0 5 0
6 8
0 10 6 0
10 54 6 1
54 66 6 1
66 32 6 1
32 4 6 1
4 99 6 0
99 88 6 1
88 0 6 0
7 13
0 25 7 5
25 75 7 3
75 8 7 5
8 47 7 4
47 82 7 5
82 34 7 5
34 76 7 3
76 80 7 4
80 98 7 4
98 39 7 4
39 99 7 3
99 88 7 3
88 0 7 0
8 13
0 86 8 5
86 26 8 3
26 50 8 4
50 14 8 5
14 20 8 3
20 94 8 3
94 19 8 3
19 78 8 4
78 15 8 4
15 52 8 4
52 28 8 3
28 67 8 5
67 0 8 0
9 8
0 91 9 5
91 92 9 5
92 78 9 5
78 63 9 5
63 90 9 3
90 30 9 5
30 29 9 3
29 0 9 0
10 8
0 75 10 4
75 82 10 3
82 83 10 3
83 72 10 3
72 69 10 3
69 35 10 4
35 79 10 4
79 0 10 0
11 3
0 87 11 4
87 77 11 4
77 0 11 0
12 12
0 49 12 5
49 7 12 3
7 97 12 4
97 64 12 3
64 24 12 4
24 100 12 3
100 89 12 4
89 83 12 4
83 72 12 4
72 3 12 4
3 73 12 3
73 0 12 0
13 9
0 43 13 4
43 61 13 4
61 1 13 4
1 70 13 5
70 76 13 4
76 80 13 5
80 71 13 3
71 73 13 5
73 0 13 0
14 2
0 2 14 4
2 0 14 0
15 5
0 84 15 5
84 74 15 5
74 85 15 5
85 9 15 5
9 0 15 0
16 5
0 59 16 3
59 84 16 3
84 74 16 3
74 85 16 4
85 0 16 0
17 6
0 81 17 3
81 38 17 4
38 41 17 5
41 96 17 3
96 77 17 3
77 0 17 0
18 6
0 81 18 5
81 37 18 5
37 31 18 5
31 71 18 4
71 93 18 5
93 0 18 0
19 3
0 95 19 5
95 79 19 3
79 0 19 0
