# Solution for ../instances-HHCRSP/InstanzCPLEX_HCSRP_75_5.txt
# Cost = 696.175 Dist = 2084.72 Tard = 2.11077 TMax = 1.69089
# <vehicle> <route length>
# <origin node> <dest node> <vehicle> <service type>
0 19
0 14 0 0
14 46 0 2
46 17 0 0
17 66 0 0
66 72 0 1
72 67 0 0
67 9 0 2
9 39 0 1
39 68 0 0
68 69 0 1
69 31 0 1
31 27 0 2
27 75 0 1
75 4 0 2
4 25 0 1
25 33 0 1
33 5 0 0
5 24 0 2
24 0 0 0
1 5
0 36 1 2
36 3 1 2
3 74 1 2
74 32 1 2
32 0 1 0
2 10
0 71 2 1
71 64 2 1
64 34 2 1
34 51 2 1
51 65 2 1
65 18 2 1
18 35 2 1
35 40 2 1
40 13 2 1
13 0 2 0
3 7
0 23 3 0
23 21 3 0
21 70 3 0
70 43 3 0
43 73 3 0
73 41 3 0
41 0 3 0
4 3
0 15 4 2
15 30 4 2
30 0 4 0
5 10
0 60 5 3
60 42 5 5
42 52 5 5
52 63 5 3
63 11 5 5
11 22 5 5
22 12 5 3
12 19 5 5
19 1 5 5
1 0 5 0
6 14
0 16 6 4
16 60 6 5
60 63 6 5
63 66 6 4
66 2 6 4
2 72 6 3
72 10 6 3
10 67 6 3
67 68 6 4
68 69 6 3
69 47 6 4
47 26 6 4
26 61 6 3
61 0 6 0
7 8
0 50 7 3
50 55 7 5
55 54 7 3
54 28 7 3
28 29 7 3
29 62 7 3
62 56 7 3
56 0 7 0
8 3
0 58 8 3
58 44 8 3
44 0 8 0
9 3
0 58 9 5
58 73 9 5
73 0 9 0
10 7
0 55 10 4
55 54 10 5
54 38 10 3
38 70 10 3
70 74 10 4
74 56 10 5
56 0 10 0
11 5
0 8 11 5
8 71 11 4
71 65 11 4
65 57 11 5
57 0 11 0
12 8
0 59 12 3
59 64 12 4
64 53 12 4
53 48 12 4
48 62 12 4
62 7 12 4
7 37 12 4
37 0 12 0
13 8
0 49 13 5
49 6 13 5
6 45 13 3
45 59 13 4
59 53 13 5
53 75 13 3
75 61 13 5
61 0 13 0
14 3
0 20 14 3
20 57 14 3
57 0 14 0
