# Solution for ../instances-HHCRSP/InstanzVNS_HCSRP_100_1.txt
# Cost = 1331.49 Dist = 2702.54 Tard = 1068.05 TMax = 223.883
# <vehicle> <route length>
# <origin node> <dest node> <vehicle> <service type>
0 17
0 47 0 0
47 33 0 0
33 86 0 0
86 94 0 0
94 15 0 0
15 48 0 0
48 100 0 0
100 90 0 0
90 66 0 0
66 61 0 0
61 18 0 0
18 38 0 0
38 92 0 0
92 19 0 0
19 46 0 0
46 55 0 0
55 0 0 0
1 11
0 43 1 1
43 56 1 1
56 91 1 2
91 62 1 1
62 60 1 2
60 97 1 1
97 11 1 1
11 53 1 2
53 99 1 2
99 30 1 2
30 0 1 0
2 8
0 12 2 1
12 88 2 2
88 41 2 1
41 3 2 1
3 93 2 1
93 96 2 1
96 59 2 2
59 0 2 0
3 9
0 70 3 2
70 98 3 2
98 17 3 2
17 5 3 2
5 22 3 2
22 57 3 2
57 25 3 2
25 7 3 2
7 0 3 0
4 6
0 42 4 2
42 95 4 2
95 87 4 2
87 67 4 2
67 89 4 2
89 0 4 0
5 4
0 13 5 1
13 31 5 1
31 58 5 1
58 0 5 0
6 3
0 21 6 2
21 40 6 2
40 0 6 0
7 13
0 50 7 5
50 86 7 4
86 27 7 4
27 6 7 4
6 94 7 4
94 79 7 3
79 71 7 3
71 97 7 4
97 39 7 3
39 16 7 4
16 29 7 3
29 99 7 5
99 0 7 0
8 12
0 8 8 4
8 83 8 4
83 95 8 4
95 98 8 4
98 85 8 4
85 26 8 5
26 73 8 5
73 84 8 4
84 82 8 4
82 87 8 5
87 92 8 4
92 0 8 0
9 10
0 10 9 4
10 78 9 5
78 34 9 4
34 2 9 4
2 35 9 5
35 74 9 5
74 32 9 4
32 75 9 5
75 51 9 4
51 0 9 0
10 11
0 81 10 3
81 91 10 3
91 37 10 3
37 63 10 4
63 23 10 4
23 77 10 4
77 76 10 3
76 1 10 3
1 80 10 3
80 72 10 3
72 0 10 0
11 11
0 83 11 5
83 52 11 3
52 85 11 3
85 73 11 3
73 84 11 5
84 82 11 3
82 4 11 3
4 74 11 3
74 89 11 4
89 75 11 3
75 0 11 0
12 11
0 81 12 4
81 14 12 3
14 65 12 4
65 20 12 5
20 100 12 3
100 77 12 5
77 76 12 4
76 64 12 3
64 80 12 4
80 72 12 5
72 0 12 0
13 6
0 88 13 3
88 68 13 4
68 78 13 3
78 90 13 4
90 44 13 3
44 0 13 0
14 1
0 0 14 0
15 12
0 49 15 4
49 45 15 3
45 54 15 3
54 24 15 5
24 79 15 4
79 71 15 4
71 69 15 5
69 36 15 3
36 93 15 5
93 96 15 4
96 28 15 5
28 0 15 0
16 1
0 0 16 0
17 1
0 0 17 0
18 2
0 9 18 4
9 0 18 0
19 1
0 0 19 0
