# Solution for ../instances-HHCRSP/InstanzVNS_HCSRP_200_3.txt
# Cost = 1293.87 Dist = 3879.87 Tard = 0.86262 TMax = 0.86262
# <vehicle> <route length>
# <origin node> <dest node> <vehicle> <service type>
0 12
0 20 0 1
20 111 0 1
111 198 0 1
198 80 0 1
80 90 0 1
90 26 0 1
26 4 0 1
4 62 0 1
62 188 0 1
188 65 0 1
65 21 0 1
21 0 0 0
1 13
0 50 1 2
50 33 1 0
33 122 1 0
122 174 1 2
174 45 1 2
45 191 1 2
191 17 1 0
17 137 1 0
137 5 1 0
5 31 1 2
31 139 1 0
139 76 1 2
76 0 1 0
2 13
0 23 2 1
23 88 2 2
88 179 2 1
179 1 2 2
1 184 2 2
184 10 2 1
10 138 2 2
138 180 2 1
180 69 2 2
69 133 2 1
133 187 2 2
187 200 2 1
200 0 2 0
3 11
0 2 3 2
2 61 3 2
61 79 3 2
79 89 3 2
89 140 3 2
140 38 3 0
38 186 3 0
186 97 3 0
97 135 3 0
135 136 3 2
136 0 3 0
4 7
0 35 4 2
35 192 4 2
192 86 4 2
86 112 4 2
112 72 4 2
72 103 4 2
103 0 4 0
5 9
0 114 5 0
114 117 5 0
117 59 5 0
59 22 5 0
22 171 5 0
171 6 5 0
6 34 5 0
34 189 5 0
189 0 5 0
6 14
0 181 6 1
181 107 6 1
107 124 6 2
124 91 6 0
91 172 6 0
172 196 6 1
196 64 6 2
64 118 6 2
118 41 6 1
41 29 6 2
29 185 6 1
185 193 6 2
193 199 6 2
199 0 6 0
7 3
0 68 7 0
68 3 7 0
3 0 7 0
8 16
0 195 8 1
195 9 8 1
9 40 8 1
40 176 8 1
176 108 8 1
108 182 8 2
182 175 8 2
175 47 8 2
47 125 8 1
125 43 8 2
43 183 8 2
183 123 8 1
123 87 8 2
87 130 8 2
130 54 8 1
54 0 8 0
9 13
0 63 9 1
63 197 9 1
197 177 9 0
177 190 9 1
190 194 9 1
194 173 9 1
173 178 9 1
178 121 9 0
121 128 9 0
128 67 9 1
67 60 9 0
60 126 9 0
126 0 9 0
10 10
0 100 10 4
100 127 10 4
127 196 10 4
196 58 10 4
58 19 10 4
19 189 10 4
189 25 10 4
25 14 10 4
14 159 10 4
159 0 10 0
11 11
0 28 11 5
28 179 11 3
179 163 11 3
163 83 11 4
83 172 11 3
172 180 11 3
180 39 11 3
39 187 11 5
187 81 11 5
81 77 11 5
77 0 11 0
12 11
0 165 12 4
165 156 12 3
156 16 12 4
16 92 12 4
92 169 12 4
169 185 12 3
185 30 12 5
30 193 12 4
193 199 12 5
199 150 12 4
150 0 12 0
13 4
0 165 13 5
165 27 13 5
27 144 13 5
144 0 13 0
14 13
0 143 14 4
143 110 14 5
110 145 14 5
145 146 14 5
146 176 14 5
176 102 14 4
102 182 14 4
182 160 14 4
160 171 14 5
171 104 14 5
104 12 14 4
12 141 14 4
141 0 14 0
15 11
0 143 15 3
143 145 15 3
145 55 15 3
55 174 15 3
174 51 15 3
51 191 15 4
191 155 15 3
155 134 15 4
134 170 15 3
170 167 15 3
167 0 15 0
16 13
0 147 16 3
147 42 16 5
42 181 16 4
181 162 16 3
162 142 16 4
142 184 16 3
184 148 16 3
148 154 16 3
154 186 16 5
186 73 16 4
73 53 16 3
53 200 16 4
200 0 16 0
17 7
0 147 17 4
147 156 17 5
156 162 17 4
162 142 17 5
142 46 17 4
46 48 17 5
48 0 17 0
18 15
0 158 18 4
158 198 18 5
198 168 18 3
168 151 18 4
151 109 18 3
109 8 18 4
8 149 18 3
149 177 18 5
177 190 18 4
190 194 18 3
194 18 18 3
18 32 18 5
32 94 18 4
94 167 18 5
167 0 18 0
19 15
0 158 19 5
158 168 19 4
168 151 19 5
151 197 19 5
197 149 19 5
149 75 19 4
75 119 19 3
119 173 19 5
173 131 19 4
131 155 19 4
155 178 19 5
178 52 19 3
52 170 19 5
170 78 19 5
78 0 19 0
20 8
0 152 20 3
152 161 20 3
161 70 20 5
70 129 20 5
129 115 20 3
115 169 20 3
169 150 20 3
150 0 20 0
21 10
0 132 21 4
132 44 21 4
44 146 21 3
146 7 21 3
7 74 21 3
74 160 21 3
160 192 21 4
192 13 21 5
13 120 21 5
120 0 21 0
22 9
0 152 22 4
152 161 22 5
161 93 22 5
93 153 22 4
153 164 22 4
164 85 22 4
85 157 22 5
157 159 22 5
159 0 22 0
23 9
0 49 23 4
49 24 23 5
24 163 23 5
163 105 23 5
105 116 23 3
116 95 23 5
95 148 23 5
148 154 23 5
154 0 23 0
24 12
0 195 24 5
195 71 24 5
71 98 24 5
98 175 24 5
175 84 24 3
84 183 24 3
183 57 24 3
57 66 24 3
66 82 24 5
82 11 24 3
11 141 24 5
141 0 24 0
25 8
0 113 25 4
113 36 25 3
36 153 25 3
153 164 25 3
164 157 25 3
157 99 25 3
99 101 25 5
101 0 25 0
26 3
0 15 26 3
15 166 26 3
166 0 26 0
27 7
0 96 27 5
96 56 27 4
56 188 27 3
188 106 27 5
106 144 27 4
144 37 27 3
37 0 27 0
28 2
0 166 28 5
166 0 28 0
29 1
0 0 29 0
