# Solution for ../instances-HHCRSP/InstanzVNS_HCSRP_100_2.txt
# Cost = 869.884 Dist = 2570.14 Tard = 29.014 TMax = 10.4965
# <vehicle> <route length>
# <origin node> <dest node> <vehicle> <service type>
0 3
0 7 0 0
7 86 0 0
86 0 0 0
1 8
0 43 1 2
43 3 1 2
3 92 1 1
92 38 1 1
38 90 1 1
90 87 1 1
87 16 1 2
16 0 1 0
2 14
0 54 2 1
54 91 2 0
91 61 2 2
61 14 2 0
14 19 2 2
19 41 2 2
41 45 2 0
45 34 2 2
34 31 2 1
31 15 2 2
15 97 2 2
97 42 2 1
42 32 2 0
32 0 2 0
3 3
0 39 3 1
39 100 3 1
100 0 3 0
4 5
0 93 4 2
93 36 4 2
36 40 4 2
40 59 4 2
59 0 4 0
5 11
0 11 5 2
11 26 5 0
26 94 5 2
94 88 5 2
88 2 5 0
2 66 5 2
66 65 5 2
65 10 5 0
10 12 5 2
12 21 5 0
21 0 5 0
6 16
0 96 6 1
96 89 6 1
89 46 6 0
46 9 6 1
9 17 6 1
17 67 6 0
67 44 6 1
44 57 6 0
57 98 6 1
98 99 6 1
99 95 6 1
95 56 6 1
56 4 6 1
4 33 6 1
33 6 6 0
6 0 6 0
7 8
0 92 7 4
92 63 7 4
63 64 7 3
64 90 7 3
90 87 7 4
87 86 7 3
86 20 7 5
20 0 7 0
8 12
0 1 8 4
1 72 8 3
72 28 8 5
28 73 8 3
73 48 8 3
48 81 8 5
81 22 8 3
22 76 8 3
76 85 8 5
85 23 8 5
23 70 8 5
70 0 8 0
9 13
0 72 9 4
72 73 9 5
73 49 9 4
49 68 9 4
68 27 9 4
27 84 9 4
84 78 9 4
78 88 9 5
88 35 9 4
35 74 9 4
74 55 9 5
55 79 9 3
79 0 9 0
10 14
0 71 10 4
71 77 10 4
77 8 10 3
8 13 10 4
13 75 10 4
75 80 10 4
80 81 10 3
81 29 10 3
29 25 10 4
25 76 10 4
76 85 10 3
85 58 10 4
58 79 10 4
79 0 10 0
11 12
0 71 11 5
71 77 11 3
77 91 11 3
91 94 11 3
94 75 11 3
75 80 11 3
80 84 11 5
84 78 11 3
78 5 11 3
5 18 11 3
18 74 11 3
74 0 11 0
12 10
0 96 12 5
96 50 12 5
50 93 12 4
93 89 12 5
89 30 12 4
30 52 12 4
52 47 12 4
47 97 12 4
97 82 12 4
82 0 12 0
13 4
0 60 13 5
60 100 13 4
100 69 13 4
69 0 13 0
14 6
0 83 14 4
83 51 14 5
51 99 14 4
99 24 14 4
24 95 14 4
95 0 14 0
15 7
0 83 15 5
83 53 15 4
53 62 15 4
62 98 15 3
98 37 15 3
37 82 15 3
82 0 15 0
16 1
0 0 16 0
17 1
0 0 17 0
18 1
0 0 18 0
19 1
0 0 19 0
