# Solution for ../instances-HHCRSP/InstanzVNS_HCSRP_300_5.txt
# Cost = 1746.99 Dist = 5169.89 Tard = 43.8892 TMax = 27.1926
# <vehicle> <route length>
# <origin node> <dest node> <vehicle> <service type>
0 16
0 260 0 1
260 93 0 0
93 131 0 0
131 77 0 1
77 87 0 0
87 283 0 1
283 144 0 1
144 18 0 1
18 147 0 1
147 104 0 0
104 35 0 1
35 156 0 1
156 82 0 1
82 264 0 0
264 40 0 1
40 0 0 0
1 6
0 175 1 1
175 71 1 1
71 174 1 1
174 279 1 1
279 273 1 1
273 0 1 0
2 15
0 286 2 2
286 118 2 1
118 268 2 1
268 9 2 2
9 299 2 2
299 291 2 2
291 285 2 1
285 186 2 1
186 39 2 1
39 27 2 2
27 69 2 2
69 158 2 2
158 178 2 1
178 289 2 2
289 0 2 0
3 6
0 259 3 0
259 126 3 0
126 274 3 0
274 278 3 0
278 281 3 0
281 0 3 0
4 10
0 293 4 2
293 276 4 2
276 253 4 2
253 265 4 2
265 3 4 2
3 277 4 2
277 140 4 2
140 145 4 2
145 108 4 2
108 0 4 0
5 4
0 195 5 0
195 43 5 0
43 267 5 0
267 0 5 0
6 9
0 154 6 1
154 121 6 1
121 102 6 1
102 170 6 1
170 51 6 1
51 86 6 1
86 197 6 1
197 76 6 1
76 0 6 0
7 17
0 262 7 0
262 46 7 2
46 165 7 0
165 255 7 0
255 99 7 0
99 296 7 0
296 272 7 2
272 183 7 2
183 284 7 2
284 5 7 0
5 280 7 0
280 88 7 0
88 116 7 0
116 271 7 0
271 24 7 2
24 270 7 0
270 0 7 0
8 4
0 135 8 2
135 32 8 2
32 30 8 2
30 0 8 0
9 6
0 15 9 2
15 167 9 2
167 181 9 2
181 179 9 2
179 258 9 2
258 0 9 0
10 13
0 261 10 0
261 292 10 0
292 64 10 2
64 36 10 2
36 56 10 0
56 74 10 0
74 21 10 0
21 171 10 2
171 137 10 0
137 41 10 0
41 114 10 0
114 290 10 2
290 0 10 0
11 17
0 269 11 0
269 192 11 2
192 257 11 2
257 180 11 0
180 188 11 0
188 117 11 2
117 161 11 1
161 23 11 0
23 34 11 1
34 85 11 0
85 254 11 2
254 300 11 0
300 251 11 0
251 275 11 1
275 4 11 2
4 106 11 1
106 0 11 0
12 4
0 266 12 1
266 81 12 1
81 90 12 1
90 0 12 0
13 3
0 297 13 1
297 287 13 1
287 0 13 0
14 15
0 14 14 0
14 256 14 1
256 164 14 0
164 91 14 1
91 17 14 0
17 31 14 1
31 146 14 0
146 119 14 1
119 294 14 0
294 162 14 1
162 97 14 1
97 25 14 1
25 263 14 1
263 33 14 1
33 0 14 0
15 10
0 115 15 0
115 182 15 2
182 288 15 2
288 124 15 2
124 100 15 2
100 295 15 2
295 70 15 0
70 298 15 0
298 282 15 0
282 0 15 0
16 3
0 252 16 2
252 193 16 2
193 0 16 0
17 6
0 169 17 1
169 84 17 1
84 96 17 1
96 75 17 1
75 13 17 1
13 0 17 0
18 6
0 235 18 4
235 244 18 4
244 215 18 4
215 141 18 4
141 252 18 4
252 0 18 0
19 19
0 229 19 5
229 286 19 5
286 217 19 5
217 233 19 4
233 299 19 5
299 241 19 5
241 212 19 4
212 103 19 4
103 125 19 4
125 230 19 4
230 249 19 5
249 112 19 5
112 225 19 4
225 208 19 4
208 232 19 4
232 105 19 4
105 148 19 4
148 234 19 5
234 0 19 0
20 14
0 229 20 3
229 260 20 4
260 217 20 3
217 63 20 3
63 157 20 5
157 212 20 5
212 283 20 3
283 7 20 4
7 149 20 4
149 254 20 3
254 113 20 3
113 242 20 3
242 221 20 3
221 0 20 0
21 14
0 259 21 5
259 202 21 3
202 269 21 4
269 12 21 3
12 28 21 3
28 166 21 3
166 222 21 3
222 279 21 5
279 274 21 5
274 1 21 5
1 207 21 3
207 258 21 4
258 231 21 3
231 0 21 0
22 15
0 235 22 3
235 248 22 3
248 210 22 3
210 236 22 3
236 152 22 5
152 111 22 4
111 288 22 3
288 201 22 3
201 265 22 4
265 228 22 4
228 129 22 3
129 238 22 4
238 44 22 3
44 73 22 4
73 0 22 0
23 20
0 293 23 5
293 139 23 3
139 292 23 3
292 52 23 5
52 250 23 3
250 206 23 4
206 240 23 4
240 237 23 4
237 130 23 4
130 230 23 3
230 249 23 3
249 168 23 3
168 294 23 5
294 47 23 4
47 224 23 3
224 150 23 5
150 205 23 3
205 263 23 5
263 243 23 3
243 0 23 0
24 12
0 248 24 5
248 210 24 5
210 297 24 3
297 50 24 3
50 65 24 4
65 191 24 3
191 211 24 3
211 203 24 3
203 287 24 5
287 132 24 4
132 238 24 5
238 0 24 0
25 24
0 45 25 3
45 262 25 3
262 78 25 4
78 122 25 4
122 184 25 3
184 172 25 3
172 268 25 3
268 233 25 5
233 80 25 5
80 241 25 3
241 226 25 3
226 68 25 5
68 223 25 4
223 48 25 4
48 62 25 3
62 220 25 4
220 213 25 4
213 134 25 3
134 61 25 5
61 159 25 4
159 214 25 3
214 89 25 3
89 107 25 5
107 0 25 0
26 20
0 219 26 3
219 261 26 3
261 245 26 4
245 11 26 5
11 255 26 5
255 216 26 3
216 272 26 4
272 142 26 5
142 284 26 4
284 177 26 5
177 53 26 4
53 223 26 5
223 83 26 4
83 220 26 5
220 213 26 5
213 189 26 5
189 280 26 4
280 271 26 5
271 270 26 4
270 0 26 0
27 20
0 219 27 4
219 6 27 5
6 245 27 5
245 163 27 3
163 256 27 5
256 291 27 4
291 66 27 3
66 155 27 3
155 2 27 4
2 10 27 3
10 285 27 3
285 300 27 3
300 123 27 4
123 92 27 3
92 251 27 5
251 26 27 4
26 275 27 4
275 242 27 5
242 221 27 4
221 0 27 0
28 18
0 218 28 3
218 42 28 5
42 160 28 5
160 239 28 3
239 49 28 5
49 133 28 3
133 250 28 5
250 206 28 3
206 240 28 5
240 237 28 5
237 204 28 3
204 227 28 5
227 277 28 3
277 278 28 5
278 273 28 5
273 187 28 3
187 281 28 3
281 0 28 0
29 15
0 218 29 5
218 16 29 4
16 239 29 4
239 199 29 4
199 55 29 5
55 120 29 4
120 109 29 4
109 295 29 4
295 228 29 5
228 19 29 5
19 211 29 5
211 203 29 5
203 298 29 3
298 282 29 5
282 0 29 0
30 7
0 138 30 5
138 236 30 5
236 244 30 3
244 215 30 3
215 110 30 5
110 128 30 3
128 0 30 0
31 14
0 202 31 4
202 54 31 5
54 209 31 4
209 198 31 5
198 22 31 5
22 29 31 3
29 204 31 5
204 227 31 4
227 151 31 3
151 225 31 3
225 208 31 3
208 232 31 3
232 289 31 4
289 0 31 0
32 4
0 58 32 4
58 266 32 4
266 57 32 5
57 0 32 0
33 9
0 8 33 5
8 196 33 3
196 60 33 5
60 209 33 5
209 257 33 4
257 222 33 5
222 264 33 5
264 234 33 3
234 0 33 0
34 15
0 59 34 3
59 153 34 4
153 296 34 4
296 216 34 5
216 200 34 4
200 72 34 4
72 226 34 5
226 67 34 3
67 127 34 5
127 185 34 3
185 224 34 4
224 214 34 4
214 205 34 4
205 243 34 4
243 0 34 0
35 6
0 98 35 3
98 143 35 3
143 207 35 5
207 101 35 5
101 231 35 4
231 0 35 0
36 2
0 267 36 3
267 0 36 0
37 10
0 276 37 4
276 38 37 3
38 194 37 4
194 94 37 3
94 253 37 3
253 37 37 4
37 173 37 3
173 176 37 5
176 136 37 5
136 0 37 0
38 6
0 246 38 4
246 190 38 4
190 247 38 4
247 201 38 5
201 95 38 4
95 0 38 0
39 6
0 246 39 5
246 20 39 3
20 247 39 5
247 79 39 3
79 290 39 5
290 0 39 0
