# Solution for ../instances-HHCRSP/InstanzVNS_HCSRP_100_6.txt
# Cost = 793.495 Dist = 2379.23 Tard = 0.62551 TMax = 0.62551
# <vehicle> <route length>
# <origin node> <dest node> <vehicle> <service type>
0 8
0 88 0 2
88 95 0 2
95 67 0 2
67 2 0 0
2 33 0 0
33 40 0 2
40 26 0 0
26 0 0 0
1 6
0 22 1 2
22 90 1 2
90 100 1 2
100 92 1 2
92 64 1 2
64 0 1 0
2 7
0 97 2 1
97 18 2 0
18 66 2 0
66 91 2 1
91 99 2 0
99 98 2 1
98 0 2 0
3 10
0 43 3 1
43 93 3 2
93 20 3 2
20 51 3 2
51 19 3 1
19 53 3 1
53 24 3 1
24 12 3 2
12 58 3 1
58 0 3 0
4 7
0 86 4 0
86 16 4 0
16 44 4 0
44 31 4 2
31 41 4 0
41 96 4 0
96 0 4 0
5 13
0 4 5 0
4 13 5 0
13 60 5 2
60 89 5 0
89 47 5 2
47 3 5 2
3 61 5 1
61 94 5 2
94 87 5 1
87 15 5 1
15 23 5 1
23 1 5 1
1 0 5 0
6 6
0 5 6 1
5 25 6 2
25 36 6 1
36 30 6 2
30 59 6 1
59 0 6 0
7 8
0 97 7 4
97 48 7 4
48 84 7 4
84 52 7 3
52 71 7 3
71 72 7 4
72 14 7 3
14 0 7 0
8 13
0 35 8 5
35 88 8 3
88 82 8 3
82 93 8 5
93 17 8 5
17 84 8 5
84 74 8 5
74 94 8 3
94 80 8 3
80 87 8 5
87 38 8 5
38 73 8 5
73 0 8 0
9 14
0 82 9 5
82 55 9 4
55 95 9 5
95 8 9 4
8 62 9 4
62 78 9 4
78 77 9 3
77 21 9 3
21 9 9 4
9 71 9 5
71 72 9 5
72 28 9 5
28 29 9 3
29 0 9 0
10 9
0 6 10 5
6 45 10 5
45 39 10 5
39 92 10 3
92 63 10 3
63 70 10 3
70 85 10 3
85 75 10 5
75 0 10 0
11 7
0 50 11 3
50 56 11 5
56 83 11 3
83 68 11 5
68 10 11 5
10 96 11 3
96 0 11 0
12 7
0 49 12 4
49 86 12 4
86 90 12 3
90 100 12 3
100 85 12 5
85 75 12 4
75 0 12 0
13 9
0 27 13 4
27 65 13 3
65 11 13 4
11 89 13 3
89 74 13 4
74 46 13 4
46 80 13 4
80 73 13 4
73 0 13 0
14 12
0 54 14 3
54 7 14 5
7 91 14 3
91 78 14 5
78 77 14 4
77 32 14 4
32 99 14 5
99 98 14 5
98 69 14 3
69 76 14 4
76 79 14 3
79 0 14 0
15 4
0 34 15 5
34 76 15 5
76 79 15 5
79 0 15 0
16 4
0 37 16 4
37 57 16 3
57 42 16 4
42 0 16 0
17 2
0 81 17 5
81 0 17 0
18 3
0 83 18 4
83 81 18 4
81 0 18 0
19 1
0 0 19 0
