# Solution for ../instances-HHCRSP/InstanzVNS_HCSRP_300_3.txt
# Cost = 1566.15 Dist = 4684.13 Tard = 10.8248 TMax = 3.49009
# <vehicle> <route length>
# <origin node> <dest node> <vehicle> <service type>
0 10
0 288 0 1
288 251 0 1
251 260 0 0
260 169 0 1
169 278 0 0
278 275 0 0
275 65 0 1
65 193 0 0
193 256 0 0
256 0 0 0
1 13
0 20 1 1
20 252 1 0
252 286 1 0
286 257 1 0
257 6 1 0
6 287 1 0
287 123 1 1
123 67 1 1
67 137 1 0
137 270 1 0
270 5 1 0
5 269 1 1
269 0 1 0
2 9
0 293 2 2
293 162 2 2
162 89 2 2
89 88 2 2
88 300 2 2
300 140 2 2
140 138 2 2
138 276 2 2
276 0 2 0
3 16
0 261 3 0
261 62 3 1
62 4 3 1
4 90 3 1
90 22 3 0
22 108 3 1
108 284 3 1
284 122 3 0
122 17 3 0
17 178 3 0
178 191 3 1
191 121 3 0
121 128 3 0
128 289 3 1
289 60 3 0
60 0 3 0
4 4
0 23 4 1
23 295 4 1
295 267 4 1
267 0 4 0
5 14
0 143 5 2
143 9 5 1
9 50 5 2
50 33 5 0
33 40 5 1
40 125 5 1
125 43 5 2
43 149 5 1
149 126 5 0
126 155 5 0
155 87 5 2
87 292 5 2
292 54 5 1
54 0 5 0
6 14
0 281 6 0
281 285 6 1
285 161 6 0
161 34 6 0
34 266 6 1
266 151 6 1
151 273 6 1
273 253 6 0
253 272 6 0
272 283 6 0
283 159 6 0
159 279 6 1
279 157 6 1
157 0 6 0
7 13
0 168 7 2
168 280 7 2
280 195 7 2
195 262 7 2
262 47 7 2
47 45 7 2
45 130 7 2
130 31 7 2
31 86 7 2
86 277 7 2
277 139 7 0
139 76 7 2
76 0 7 0
8 9
0 265 8 1
265 107 8 1
107 181 8 1
181 10 8 1
10 142 8 1
142 184 8 1
184 133 8 1
133 258 8 1
258 0 8 0
9 6
0 296 9 0
296 91 9 0
91 291 9 0
291 97 9 0
97 135 9 0
135 0 9 0
10 13
0 271 10 2
271 111 10 1
111 298 10 0
298 59 10 0
59 117 10 0
117 274 10 2
274 80 10 1
80 282 10 2
282 188 10 0
188 68 10 0
68 72 10 2
72 118 10 2
118 0 10 0
11 7
0 290 11 2
290 61 11 2
61 124 11 2
124 156 11 2
156 136 11 2
136 263 11 2
263 0 11 0
12 11
0 114 12 0
114 35 12 2
35 171 12 2
171 190 12 0
190 112 12 2
112 177 12 2
177 64 12 2
64 297 12 2
297 166 12 0
166 103 12 2
103 0 12 0
13 3
0 21 13 1
21 199 13 1
199 0 13 0
14 10
0 147 14 1
147 254 14 2
254 299 14 2
299 165 14 1
165 264 14 1
264 172 14 2
172 163 14 1
163 79 14 2
79 185 14 1
185 0 14 0
15 3
0 2 15 2
2 29 15 2
29 0 15 0
16 11
0 259 16 0
259 179 16 0
179 294 16 2
294 1 16 2
1 268 16 2
268 38 16 0
38 154 16 2
154 69 16 2
69 189 16 2
189 3 16 0
3 0 16 0
17 6
0 26 17 1
26 164 17 1
164 63 17 1
63 41 17 1
41 255 17 1
255 0 17 0
18 14
0 248 18 5
248 265 18 3
265 254 18 5
254 299 18 5
299 213 18 3
213 236 18 3
236 206 18 3
206 291 18 5
291 276 18 5
276 148 18 3
148 77 18 5
77 231 18 5
231 81 18 5
81 0 18 0
19 9
0 248 19 4
248 95 19 5
95 300 19 5
300 53 19 3
53 48 19 5
48 39 19 3
39 220 19 3
220 203 19 3
203 0 19 0
20 16
0 221 20 3
221 44 20 4
44 146 20 5
146 250 20 3
250 232 20 3
232 7 20 3
7 197 20 3
197 216 20 3
216 223 20 3
223 174 20 3
174 51 20 3
51 82 20 5
82 57 20 3
57 52 20 3
52 289 20 4
289 0 20 0
21 16
0 221 21 4
221 250 21 5
250 232 21 4
232 71 21 5
71 109 21 3
109 182 21 4
182 8 21 4
8 160 21 5
160 94 21 4
94 12 21 4
12 131 21 4
131 11 21 3
11 170 21 4
170 292 21 5
292 78 21 5
78 0 21 0
22 11
0 261 22 4
261 219 22 4
219 100 22 4
100 49 22 4
49 83 22 4
83 92 22 4
92 187 22 3
187 243 22 3
243 207 22 3
207 231 22 4
231 0 22 0
23 14
0 288 23 5
288 251 23 3
251 222 23 4
222 28 23 5
28 212 23 3
212 294 23 3
294 46 23 4
46 268 23 3
268 227 23 3
227 244 23 4
244 258 23 5
258 225 23 3
225 30 23 5
30 0 23 0
24 17
0 70 24 5
70 252 24 4
252 205 24 4
205 280 24 4
280 286 24 3
286 257 24 3
257 274 24 3
274 218 24 3
218 282 24 5
282 85 24 4
85 173 24 4
173 75 24 4
75 119 24 3
119 104 24 5
104 277 24 3
277 269 24 4
269 0 24 0
25 12
0 293 25 5
293 296 25 5
296 222 25 5
222 116 25 3
116 212 25 4
212 73 25 4
73 227 25 4
227 244 25 5
244 186 25 4
186 200 25 4
200 225 25 4
225 0 25 0
26 7
0 219 26 5
219 209 26 5
209 217 26 5
217 240 26 5
240 255 26 5
255 224 26 5
224 0 26 0
27 12
0 208 27 4
208 241 27 4
241 196 27 5
196 127 27 4
127 215 27 4
215 242 27 3
242 218 27 5
218 153 27 3
153 249 27 3
249 273 27 4
273 167 27 4
167 0 27 0
28 13
0 208 28 5
208 241 28 5
241 259 28 4
259 213 28 5
213 264 28 4
264 209 28 3
209 217 28 4
217 240 28 3
240 25 28 4
25 37 28 3
37 220 28 4
220 203 28 4
203 0 28 0
29 13
0 36 29 3
36 205 29 3
205 229 29 5
229 262 29 3
262 238 29 5
238 246 29 5
246 175 29 3
175 247 29 5
247 84 29 3
84 66 29 3
66 204 29 3
204 141 29 5
141 0 29 0
30 17
0 281 30 4
281 132 30 4
132 176 30 4
176 98 30 5
98 74 30 3
74 216 30 5
216 223 30 5
223 183 30 4
183 284 30 3
284 237 30 4
237 202 30 4
202 233 30 4
233 211 30 4
211 201 30 4
201 279 30 3
279 228 30 3
228 0 30 0
31 8
0 113 31 4
113 260 31 5
260 27 31 5
27 230 31 4
230 129 31 5
129 19 31 4
19 234 31 4
234 0 31 0
32 14
0 226 32 3
226 158 32 3
158 13 32 5
13 266 32 3
266 18 32 3
18 194 32 5
194 237 32 3
237 202 32 5
202 233 32 5
233 211 32 3
211 201 32 5
201 99 32 3
99 234 32 5
234 0 32 0
33 14
0 226 33 5
226 229 33 4
229 298 33 4
298 102 33 4
102 32 33 5
32 192 33 4
192 249 33 5
249 253 33 5
253 272 33 5
272 120 33 5
120 283 33 5
283 101 33 5
101 228 33 4
228 0 33 0
34 13
0 42 34 5
42 290 34 3
290 24 34 5
24 16 34 4
16 236 34 4
236 206 34 5
206 180 34 4
180 105 34 5
105 243 34 5
243 207 34 4
207 263 34 4
263 256 34 4
256 0 34 0
35 5
0 235 35 4
235 144 35 4
144 295 35 4
295 267 35 4
267 0 35 0
36 16
0 271 36 5
271 15 36 3
15 152 36 4
152 96 36 5
96 215 36 5
215 242 36 4
242 58 36 4
58 56 36 4
56 210 36 3
210 214 36 3
214 239 36 3
239 14 36 4
14 106 36 5
106 224 36 3
224 245 36 3
245 0 36 0
37 7
0 285 37 3
285 115 37 3
115 230 37 5
230 278 37 3
278 275 37 3
275 245 37 4
245 0 37 0
38 8
0 235 38 5
235 93 38 5
93 210 38 5
210 214 38 5
214 239 38 5
239 297 38 5
297 150 38 5
150 0 38 0
39 12
0 198 39 3
198 110 39 5
110 55 39 3
55 145 39 5
145 238 39 4
238 246 39 4
246 247 39 4
247 287 39 4
287 270 39 3
270 204 39 5
204 134 39 4
134 0 39 0
