# Solution for ../instances-HHCRSP/InstanzVNS_HCSRP_300_3.txt
# Cost = 1554.12 Dist = 4612.91 Tard = 40.7151 TMax = 8.74413
# <vehicle> <route length>
# <origin node> <dest node> <vehicle> <service type>
0 14
0 298 0 0
298 9 0 1
9 33 0 0
33 40 0 1
40 125 0 1
125 122 0 0
122 17 0 0
17 178 0 0
178 191 0 1
191 121 0 0
121 128 0 0
128 289 0 1
289 60 0 0
60 0 0 0
1 11
0 161 1 0
161 62 1 1
62 151 1 1
151 190 1 0
190 4 1 1
4 273 1 1
273 272 1 0
272 253 1 0
253 283 1 0
283 159 1 0
159 0 1 0
2 7
0 293 2 2
293 88 2 2
88 89 2 2
89 162 2 2
162 138 2 2
138 79 2 2
79 0 2 0
3 12
0 114 3 0
114 111 3 1
111 90 3 1
90 22 3 0
22 59 3 0
59 108 3 1
108 284 3 1
284 149 3 1
149 155 3 0
155 126 3 0
126 54 3 1
54 0 3 0
4 9
0 147 4 1
147 181 4 1
181 107 4 1
107 265 4 1
265 163 4 1
163 165 4 1
165 185 4 1
185 199 4 1
199 0 4 0
5 14
0 168 5 2
168 117 5 0
117 252 5 0
252 6 5 0
6 286 5 0
286 257 5 0
257 282 5 2
282 277 5 2
277 86 5 2
86 31 5 2
31 269 5 1
269 139 5 0
139 76 5 2
76 0 5 0
6 10
0 260 6 0
260 281 6 0
281 285 6 1
285 169 6 1
169 34 6 0
34 266 6 1
266 157 6 1
157 279 6 1
279 3 6 0
3 0 6 0
7 11
0 124 7 2
124 156 7 2
156 61 7 2
61 2 7 2
2 91 7 0
91 172 7 2
172 68 7 0
68 188 7 0
188 72 7 2
72 118 7 2
118 0 7 0
8 8
0 251 8 1
251 288 8 1
288 10 8 1
10 142 8 1
142 184 8 1
184 133 8 1
133 258 8 1
258 0 8 0
9 3
0 261 9 0
261 166 9 0
166 0 9 0
10 15
0 280 10 2
280 195 10 2
195 50 10 2
50 143 10 2
143 262 10 2
262 47 10 2
47 45 10 2
45 287 10 0
287 130 10 2
130 123 10 1
123 5 10 0
5 67 10 1
67 137 10 0
137 270 10 0
270 0 10 0
11 8
0 35 11 2
35 177 11 2
177 112 11 2
112 171 11 2
171 43 11 2
43 87 11 2
87 292 11 2
292 0 11 0
12 16
0 290 12 2
290 179 12 0
179 294 12 2
294 1 12 2
1 268 12 2
268 38 12 0
38 154 12 2
154 69 12 2
69 278 12 0
278 189 12 2
189 275 12 0
275 263 12 2
263 136 12 2
136 193 12 0
193 256 12 0
256 0 12 0
13 6
0 264 13 1
264 63 13 1
63 41 13 1
41 255 13 1
255 21 13 1
21 0 13 0
14 11
0 271 14 2
271 20 14 1
20 80 14 1
80 274 14 2
274 26 14 1
26 164 14 1
164 64 14 2
64 297 14 2
297 295 14 1
295 267 14 1
267 0 14 0
15 3
0 29 15 2
29 103 15 2
103 0 15 0
16 11
0 259 16 0
259 296 16 0
296 254 16 2
254 299 16 2
299 291 16 0
291 300 16 2
300 140 16 2
140 276 16 2
276 97 16 0
97 135 16 0
135 0 16 0
17 3
0 23 17 1
23 65 17 1
65 0 17 0
18 12
0 293 18 5
293 28 18 5
28 222 18 5
222 251 18 3
251 288 18 5
288 27 18 5
27 230 18 5
230 278 18 3
278 275 18 3
275 30 18 5
30 225 18 3
225 0 18 0
19 16
0 298 19 4
298 7 19 3
7 110 19 5
110 74 19 3
74 182 19 4
182 98 19 5
98 216 19 3
216 174 19 3
174 223 19 3
223 131 19 4
131 12 19 4
12 8 19 4
8 94 19 4
94 99 19 3
99 234 19 4
234 0 19 0
20 15
0 219 20 4
219 100 20 4
100 115 20 3
115 285 20 3
285 129 20 5
129 19 20 4
19 266 20 3
266 160 20 5
160 18 20 3
18 194 20 5
194 233 20 4
233 211 20 3
211 201 20 4
201 279 20 3
279 0 20 0
21 15
0 219 21 5
219 42 21 5
42 49 21 4
49 83 21 4
83 24 21 5
24 16 21 4
16 180 21 4
180 206 21 3
206 236 21 3
236 105 21 5
105 81 21 5
81 77 21 5
77 231 21 4
231 207 21 3
207 0 21 0
22 12
0 226 22 3
226 158 22 3
158 232 22 3
232 229 22 4
229 102 22 4
102 249 22 3
249 153 22 3
153 210 22 3
210 214 22 3
214 58 22 4
58 228 22 4
228 0 22 0
23 17
0 226 23 5
226 232 23 4
232 229 23 5
229 262 23 3
262 75 23 4
75 119 23 3
119 287 23 4
287 173 23 4
173 85 23 4
85 277 23 3
277 269 23 4
269 104 23 5
104 134 23 4
134 141 23 5
141 270 23 3
270 204 23 3
204 0 23 0
24 13
0 260 24 5
260 222 24 4
222 116 24 3
116 294 24 3
294 212 24 3
212 46 24 4
46 268 24 3
268 227 24 3
227 244 24 4
244 186 24 4
186 200 24 4
200 225 24 4
225 0 24 0
25 12
0 252 25 4
252 280 25 4
280 286 25 3
286 257 25 3
257 274 25 3
274 282 25 5
282 242 25 4
242 218 25 3
218 272 25 5
272 120 25 5
120 25 25 4
25 0 25 0
26 8
0 241 26 5
241 208 26 5
208 240 26 5
240 217 26 5
217 255 26 5
255 106 26 5
106 224 26 5
224 0 26 0
27 13
0 241 27 4
241 152 27 4
152 264 27 4
264 215 27 4
215 127 27 4
127 196 27 5
196 240 27 3
240 39 27 3
39 48 27 5
48 220 27 4
220 203 27 4
203 37 27 3
37 0 27 0
28 17
0 205 28 3
205 146 28 5
146 221 28 3
221 44 28 4
44 250 28 3
250 247 28 4
247 84 28 3
84 175 28 3
175 246 28 4
246 284 28 3
284 237 28 3
237 202 28 4
202 233 28 5
233 211 28 4
211 201 28 5
201 234 28 5
234 0 28 0
29 13
0 36 29 3
36 70 29 5
70 271 29 5
271 15 29 3
15 96 29 5
96 215 29 5
215 242 29 3
242 218 29 5
218 253 29 5
253 283 29 5
283 228 29 3
228 101 29 5
101 0 29 0
30 16
0 205 30 4
205 221 30 4
221 145 30 5
145 250 30 5
250 247 30 5
247 238 30 4
238 216 30 5
216 223 30 5
223 51 30 3
51 82 30 5
82 57 30 3
57 11 30 3
11 170 30 4
170 292 30 5
292 78 30 5
78 0 30 0
31 10
0 281 31 4
281 13 31 5
13 249 31 5
249 192 31 4
192 32 31 5
32 273 31 4
273 237 31 4
237 202 31 5
202 167 31 4
167 0 31 0
32 13
0 290 32 3
290 248 32 5
248 265 32 3
265 213 32 3
213 291 32 5
291 95 32 5
95 300 32 5
300 53 32 3
53 276 32 5
276 148 32 3
148 220 32 3
220 203 32 3
203 0 32 0
33 11
0 208 33 4
208 248 33 4
248 212 33 4
212 73 33 4
73 227 33 4
227 244 33 5
244 258 33 5
258 243 33 3
243 263 33 4
263 256 33 4
256 0 33 0
34 15
0 198 34 3
198 176 34 4
176 132 34 4
132 55 34 3
55 71 34 5
71 109 34 3
109 197 34 3
197 238 34 5
238 246 34 5
246 183 34 4
183 52 34 3
52 289 34 4
289 66 34 3
66 204 34 5
204 0 34 0
35 5
0 261 35 4
261 144 35 4
144 235 35 4
235 245 35 4
245 0 35 0
36 8
0 113 36 4
113 230 36 4
230 92 36 4
92 187 36 3
187 243 36 5
243 231 36 5
231 207 36 4
207 0 36 0
37 9
0 259 37 4
259 296 37 5
296 254 37 5
254 299 37 5
299 213 37 5
213 206 37 5
206 236 37 4
236 217 37 4
217 0 37 0
38 11
0 209 38 5
209 239 38 5
239 56 38 4
56 14 38 4
14 210 38 5
210 214 38 5
214 297 38 5
297 295 38 4
295 267 38 4
267 150 38 5
150 0 38 0
39 7
0 209 39 3
209 239 39 3
239 93 39 5
93 235 39 5
235 245 39 3
245 224 39 3
224 0 39 0
