# Solution for ../instances-HHCRSP/InstanzVNS_HCSRP_200_6.txt
# Cost = 1415.66 Dist = 4177.01 Tard = 57.6565 TMax = 12.3035
# <vehicle> <route length>
# <origin node> <dest node> <vehicle> <service type>
0 15
0 198 0 2
198 173 0 2
173 60 0 2
60 13 0 0
13 134 0 0
134 3 0 2
3 188 0 2
188 186 0 2
186 61 0 1
61 94 0 0
94 196 0 1
196 113 0 0
113 114 0 0
114 172 0 0
172 0 0 0
1 11
0 178 1 2
178 67 1 2
67 20 1 2
20 97 1 2
97 194 1 2
194 189 1 2
189 129 1 2
129 40 1 2
40 176 1 2
176 191 1 2
191 0 1 0
2 13
0 183 2 1
183 66 2 0
66 82 2 2
82 182 2 0
182 72 2 0
72 136 2 0
136 185 2 1
185 128 2 2
128 177 2 1
177 180 2 1
180 98 2 2
98 79 2 2
79 0 2 0
3 17
0 122 3 1
122 25 3 2
25 36 3 1
36 51 3 2
51 95 3 1
95 192 3 2
192 47 3 2
47 190 3 2
190 127 3 1
127 126 3 1
126 174 3 1
174 53 3 1
53 80 3 1
80 24 3 1
24 12 3 2
12 73 3 2
73 0 3 0
4 16
0 171 4 0
171 4 4 0
4 195 4 1
195 103 4 0
103 184 4 1
184 18 4 0
18 33 4 0
33 19 4 1
19 104 4 1
104 23 4 1
23 109 4 0
109 15 4 1
15 58 4 1
58 1 4 1
1 106 4 1
106 0 4 0
5 9
0 131 5 0
131 90 5 0
90 44 5 0
44 199 5 0
199 41 5 0
41 181 5 0
181 132 5 0
132 179 5 0
179 0 5 0
6 5
0 124 6 2
124 187 6 2
187 99 6 2
99 175 6 2
175 0 6 0
7 12
0 5 7 1
5 139 7 2
139 22 7 2
22 30 7 2
30 31 7 2
31 111 7 1
111 119 7 2
119 121 7 1
121 92 7 2
92 59 7 1
59 112 7 1
112 0 7 0
8 7
0 64 8 2
64 133 8 2
133 197 8 2
197 200 8 1
200 116 8 2
116 85 8 1
85 0 8 0
9 9
0 16 9 0
16 43 9 1
43 193 9 0
193 26 9 0
26 2 9 0
2 78 9 0
78 77 9 0
77 76 9 1
76 0 9 0
10 10
0 198 10 3
198 144 10 3
144 158 10 3
158 153 10 3
153 141 10 3
141 138 10 3
138 196 10 3
196 163 10 3
163 29 10 3
29 0 10 0
11 10
0 173 11 4
173 74 11 5
74 152 11 4
152 89 11 4
89 188 11 3
188 186 11 5
186 107 11 4
107 101 11 3
101 172 11 5
172 0 11 0
12 8
0 159 12 5
159 86 12 5
86 167 12 5
167 146 12 5
146 164 12 5
164 142 12 5
142 156 12 5
156 0 12 0
13 11
0 160 13 3
160 154 13 3
154 148 13 3
148 7 13 5
7 105 13 5
105 130 13 3
130 147 13 3
147 170 13 3
170 123 13 3
123 166 13 5
166 0 13 0
14 13
0 160 14 5
160 154 14 5
154 148 14 5
148 140 14 5
140 193 14 3
193 162 14 3
162 177 14 5
177 69 14 3
69 125 14 3
125 169 14 3
169 180 14 5
180 14 14 3
14 0 14 0
15 10
0 165 15 5
165 157 15 5
157 65 15 3
65 195 15 3
195 152 15 5
152 17 15 5
17 145 15 3
145 194 15 3
194 175 15 3
175 0 15 0
16 8
0 159 16 4
159 167 16 4
167 146 16 4
146 83 16 4
83 68 16 5
68 75 16 4
75 42 16 4
42 0 16 0
17 4
0 6 17 5
6 45 17 5
45 187 17 5
187 0 17 0
18 17
0 183 18 4
183 93 18 5
93 144 18 5
144 158 18 4
158 153 18 4
153 46 18 4
46 100 18 4
100 52 18 3
52 149 18 3
149 71 18 5
71 9 18 4
9 147 18 5
147 170 18 5
170 117 18 4
117 118 18 4
118 115 18 5
115 0 18 0
19 9
0 178 19 4
178 37 19 4
37 34 19 5
34 199 19 4
199 197 19 4
197 57 19 3
57 81 19 4
81 181 19 4
181 0 19 0
20 15
0 165 20 4
165 157 20 4
157 171 20 4
171 27 20 4
27 182 20 4
182 21 20 3
21 91 20 4
91 162 20 4
162 185 20 4
185 32 20 4
32 120 20 5
120 169 20 5
169 135 20 4
135 166 20 4
166 0 20 0
21 8
0 56 21 5
56 50 21 3
50 143 21 3
143 39 21 5
39 63 21 3
63 96 21 3
96 70 21 3
70 0 21 0
22 14
0 49 22 4
49 143 22 5
143 54 22 3
54 137 22 5
137 55 22 4
55 149 22 5
149 108 22 4
108 189 22 3
189 102 22 5
102 155 22 4
155 150 22 4
150 168 22 3
168 110 22 3
110 0 22 0
23 12
0 151 23 4
151 35 23 5
35 88 23 4
88 62 23 4
62 8 23 4
8 184 23 5
184 145 23 4
145 28 23 5
28 163 23 4
163 176 23 5
176 191 23 5
191 0 23 0
24 14
0 151 24 5
151 11 24 4
11 48 24 4
48 141 24 5
141 84 24 5
84 192 24 4
192 190 24 5
190 87 24 5
87 38 24 5
38 174 24 5
174 155 24 5
155 150 24 5
150 168 24 5
168 0 24 0
25 5
0 200 25 3
200 161 25 3
161 179 25 3
179 10 25 5
10 0 25 0
26 1
0 0 26 0
27 4
0 164 27 4
164 142 27 4
142 156 27 4
156 0 27 0
28 2
0 161 28 4
161 0 28 0
29 1
0 0 29 0
