# Solution for ../instances-HHCRSP/InstanzVNS_HCSRP_300_3.txt
# Cost = 1553.92 Dist = 4640.51 Tard = 14.1568 TMax = 7.08608
# <vehicle> <route length>
# <origin node> <dest node> <vehicle> <service type>
0 18
0 33 0 0
33 40 0 1
40 9 0 1
9 298 0 0
298 59 0 0
59 108 0 1
108 284 0 1
284 122 0 0
122 17 0 0
17 178 0 0
178 191 0 1
191 121 0 0
121 128 0 0
128 60 0 0
60 155 0 0
155 126 0 0
126 54 0 1
54 0 0 0
1 12
0 23 1 1
23 251 1 1
251 288 1 1
288 179 1 0
179 181 1 1
181 10 1 1
10 142 1 1
142 184 1 1
184 133 1 1
133 38 1 0
38 258 1 1
258 0 1 0
2 10
0 195 2 2
195 280 2 2
280 262 2 2
262 50 2 2
50 143 2 2
143 47 2 2
47 45 2 2
45 130 2 2
130 31 2 2
31 0 2 0
3 14
0 20 3 1
20 80 3 1
80 252 3 0
252 286 3 0
286 257 3 0
257 6 3 0
6 287 3 0
287 123 3 1
123 67 3 1
67 137 3 0
137 270 3 0
270 5 3 0
5 269 3 1
269 0 3 0
4 8
0 147 4 1
147 265 4 1
265 165 4 1
165 264 4 1
264 63 4 1
63 41 4 1
41 255 4 1
255 0 4 0
5 15
0 114 5 0
114 26 5 1
26 111 5 1
111 117 5 0
117 274 5 2
274 168 5 2
168 22 5 0
22 90 5 1
90 151 5 1
151 112 5 2
112 190 5 0
190 279 5 1
279 157 5 1
157 3 5 0
3 0 5 0
6 14
0 260 6 0
260 281 6 0
281 161 6 0
161 34 6 0
34 266 6 1
266 62 6 1
62 4 6 1
4 164 6 1
164 253 6 0
253 272 6 0
272 273 6 1
273 283 6 0
283 159 6 0
159 0 6 0
7 11
0 254 7 2
254 299 7 2
299 291 7 0
291 162 7 2
162 300 7 2
300 140 7 2
140 138 7 2
138 276 7 2
276 97 7 0
97 135 7 0
135 0 7 0
8 4
0 285 8 1
285 169 8 1
169 65 8 1
65 0 8 0
9 3
0 261 9 0
261 166 9 0
166 0 9 0
10 8
0 293 10 2
293 107 10 1
107 89 10 2
89 88 10 2
88 79 10 2
79 163 10 1
163 185 10 1
185 0 10 0
11 11
0 290 11 2
290 61 11 2
61 124 11 2
124 156 11 2
156 294 11 2
294 1 11 2
1 268 11 2
268 154 11 2
154 136 11 2
136 263 11 2
263 0 11 0
12 11
0 271 12 2
271 172 12 2
172 68 12 0
68 188 12 0
188 282 12 2
282 277 12 2
277 86 12 2
86 139 12 0
139 76 12 2
76 72 12 2
72 0 12 0
13 3
0 21 13 1
21 199 13 1
199 0 13 0
14 10
0 35 14 2
35 177 14 2
177 171 14 2
171 149 14 1
149 125 14 1
125 43 14 2
43 87 14 2
87 292 14 2
292 289 14 1
289 0 14 0
15 2
0 103 15 2
103 0 15 0
16 15
0 259 16 0
259 296 16 0
296 91 16 0
91 2 16 2
2 29 16 2
29 118 16 2
118 64 16 2
64 297 16 2
297 189 16 2
189 69 16 2
69 278 16 0
278 275 16 0
275 193 16 0
193 256 16 0
256 0 16 0
17 3
0 295 17 1
295 267 17 1
267 0 17 0
18 16
0 110 18 5
110 55 18 3
55 145 18 5
145 146 18 5
146 250 18 3
250 221 18 3
221 238 18 5
238 246 18 5
246 175 18 3
175 247 18 5
247 84 18 3
84 66 18 3
66 204 18 3
204 141 18 5
141 104 18 5
104 0 18 0
19 13
0 251 19 3
251 222 19 4
222 288 19 5
288 92 19 4
92 49 19 4
49 83 19 4
83 24 19 5
24 16 19 4
16 243 19 3
243 187 19 3
187 225 19 3
225 258 19 5
258 0 19 0
20 15
0 96 20 5
96 127 20 4
127 252 20 4
252 280 20 4
280 286 20 3
286 257 20 3
257 85 20 4
85 173 20 4
173 75 20 4
75 119 20 3
119 32 20 5
32 167 20 4
167 292 20 5
292 78 20 5
78 0 20 0
21 10
0 226 21 3
226 158 21 3
158 36 21 3
36 70 21 5
70 196 21 5
196 240 21 3
240 25 21 4
25 255 21 5
255 224 21 3
224 0 21 0
22 13
0 113 22 4
113 132 22 4
132 176 22 4
176 174 22 3
174 223 22 3
223 216 22 3
216 131 22 4
131 12 22 4
12 8 22 4
8 94 22 4
94 99 22 3
99 234 22 4
234 0 22 0
23 12
0 226 23 5
226 153 23 3
153 192 23 4
192 274 23 3
274 218 23 3
218 249 23 3
249 253 23 5
253 272 23 5
272 273 23 4
273 101 23 5
101 228 23 4
228 0 23 0
24 16
0 222 24 5
222 116 24 3
116 28 24 5
28 294 24 3
294 212 24 3
212 46 24 4
46 268 24 3
268 227 24 3
227 244 24 5
244 73 24 4
73 276 24 5
276 231 24 4
231 207 24 3
207 263 24 4
263 256 24 4
256 0 24 0
25 14
0 219 25 4
219 100 25 4
100 261 25 4
261 235 25 4
235 209 25 3
209 239 25 3
239 56 25 4
56 210 25 3
210 214 25 3
214 297 25 5
297 144 25 4
144 245 25 3
245 150 25 5
150 0 25 0
26 5
0 219 26 5
219 27 26 5
27 230 26 5
230 30 26 5
30 0 26 0
27 15
0 241 27 4
241 248 27 4
248 254 27 5
254 299 27 5
299 213 27 3
213 236 27 3
236 206 27 3
206 180 27 4
180 105 27 5
105 243 27 5
243 231 27 5
231 207 27 4
207 81 27 5
81 77 27 5
77 0 27 0
28 13
0 241 28 5
241 248 28 5
248 265 28 3
265 291 28 5
291 148 28 3
148 300 28 5
300 95 28 5
95 53 28 3
53 48 28 5
48 39 28 3
39 220 28 4
220 203 28 4
203 0 28 0
29 12
0 293 29 5
293 290 29 3
290 42 29 5
42 296 29 5
296 213 29 5
213 206 29 5
206 217 29 5
217 240 29 5
240 37 29 3
37 220 29 3
220 203 29 3
203 0 29 0
30 9
0 260 30 5
260 281 30 4
281 129 30 5
129 115 30 3
115 285 30 3
285 230 30 4
230 278 30 3
278 275 30 3
275 0 30 0
31 14
0 208 31 4
208 271 31 5
271 152 31 4
152 264 31 4
264 215 31 4
215 242 31 4
242 218 31 5
218 249 31 5
249 58 31 4
58 283 31 5
283 14 31 4
14 106 31 5
106 224 31 5
224 0 31 0
32 9
0 208 32 5
208 15 32 3
15 215 32 5
215 242 32 3
242 282 32 5
282 277 32 3
277 120 32 5
120 228 32 3
228 0 32 0
33 14
0 205 33 3
205 229 33 4
229 44 33 4
44 250 33 5
250 221 33 4
221 238 33 4
238 246 33 4
246 247 33 4
247 287 33 4
287 270 33 3
270 204 33 5
204 134 33 4
134 269 33 4
269 0 33 0
34 17
0 205 34 4
205 229 34 5
229 262 34 3
262 298 34 4
298 102 34 4
102 13 34 5
13 266 34 3
266 160 34 5
160 18 34 3
18 194 34 5
194 237 34 3
237 202 34 4
202 233 34 4
233 211 34 3
211 201 34 4
201 279 34 3
279 0 34 0
35 9
0 259 35 4
259 236 35 4
236 212 35 4
212 227 35 4
227 244 35 4
244 186 35 4
186 225 35 4
225 200 35 4
200 0 35 0
36 16
0 198 36 3
198 232 36 3
232 98 36 5
98 182 36 4
182 74 36 3
74 223 36 5
223 216 36 5
216 183 36 4
183 52 36 3
52 82 36 5
82 51 36 3
51 11 36 3
11 170 36 4
170 57 36 3
57 289 36 4
289 0 36 0
37 13
0 232 37 4
232 71 37 5
71 109 37 3
109 7 37 3
7 197 37 3
197 284 37 3
284 237 37 4
237 202 37 5
202 233 37 5
233 211 37 4
211 201 37 5
201 234 37 5
234 0 37 0
38 10
0 235 38 5
235 209 38 5
209 239 38 5
239 93 38 5
93 210 38 5
210 214 38 5
214 19 38 4
19 295 38 4
295 267 38 4
267 0 38 0
39 3
0 217 39 4
217 245 39 4
245 0 39 0
