# Solution for ../instances-HHCRSP/InstanzCPLEX_HCSRP_75_10.txt
# Cost = 1360.97 Dist = 2535.09 Tard = 1312.11 TMax = 235.709
# <vehicle> <route length>
# <origin node> <dest node> <vehicle> <service type>
0 18
0 70 0 0
70 73 0 0
73 2 0 0
2 68 0 1
68 26 0 1
26 4 0 0
4 64 0 0
64 33 0 0
33 16 0 0
16 69 0 0
69 67 0 0
67 44 0 0
44 72 0 0
72 71 0 0
71 14 0 0
14 48 0 0
48 47 0 0
47 0 0 0
1 3
0 29 1 2
29 31 1 2
31 0 1 0
2 5
0 34 2 2
34 27 2 2
27 43 2 2
43 30 2 2
30 0 2 0
3 14
0 7 3 1
7 11 3 1
11 22 3 1
22 35 3 1
35 50 3 1
50 18 3 1
18 65 3 1
65 40 3 1
40 19 3 1
19 74 3 1
74 36 3 1
36 42 3 1
42 75 3 1
75 0 3 0
4 5
0 32 4 2
32 24 4 2
24 66 4 2
66 28 4 2
28 0 4 0
5 12
0 49 5 5
49 5 5 4
5 70 5 3
70 15 5 3
15 68 5 5
68 38 5 4
38 62 5 3
62 52 5 5
52 69 5 4
69 59 5 5
59 54 5 3
54 0 5 0
6 5
0 58 6 4
58 20 6 4
20 72 6 5
72 54 6 5
54 0 6 0
7 3
0 53 7 5
53 73 7 5
73 0 7 0
8 6
0 58 8 3
58 65 8 5
65 17 8 4
17 55 8 3
55 75 8 3
75 0 8 0
9 7
0 53 9 3
53 12 9 5
12 51 9 5
51 56 9 5
56 74 9 3
74 60 9 5
60 0 9 0
10 8
0 57 10 4
57 9 10 3
9 64 10 3
64 23 10 3
23 1 10 3
1 56 10 3
56 60 10 4
60 0 10 0
11 9
0 45 11 4
45 37 11 4
37 63 11 3
63 39 11 3
39 61 11 3
61 62 11 4
62 67 11 4
67 59 11 4
59 0 11 0
12 6
0 41 12 5
41 46 12 5
46 25 12 5
25 66 12 5
66 55 12 5
55 0 12 0
13 10
0 57 13 5
57 63 13 4
63 61 13 5
61 3 13 3
3 8 13 4
8 6 13 4
6 10 13 4
10 21 13 5
21 13 13 3
13 0 13 0
14 2
0 71 14 4
71 0 14 0
