# Solution for ../instances-HHCRSP/InstanzVNS_HCSRP_100_5.txt
# Cost = 786.56 Dist = 2359.43 Tard = 0.12519 TMax = 0.12519
# <vehicle> <route length>
# <origin node> <dest node> <vehicle> <service type>
0 18
0 93 0 0
93 14 0 0
14 99 0 0
99 46 0 2
46 17 0 0
17 91 0 0
91 9 0 2
9 87 0 0
87 39 0 1
39 100 0 2
100 27 0 2
27 31 0 1
31 69 0 2
69 89 0 2
89 97 0 0
97 92 0 1
92 4 0 2
4 0 0 0
1 6
0 15 1 2
15 3 1 2
3 36 1 2
36 64 1 2
64 24 1 2
24 0 1 0
2 1
0 0 2 0
3 12
0 21 3 0
21 23 3 0
23 34 3 1
34 18 3 1
18 51 3 1
51 86 3 0
86 33 3 1
33 25 3 1
25 5 3 0
5 88 3 0
88 35 3 1
35 0 3 0
4 6
0 98 4 1
98 96 4 1
96 40 4 1
40 95 4 1
95 13 4 1
13 0 4 0
5 9
0 70 5 0
70 94 5 2
94 56 5 0
56 41 5 0
41 43 5 0
43 32 5 2
32 90 5 0
90 30 5 2
30 0 5 0
6 1
0 0 6 0
7 9
0 81 7 5
81 20 7 3
20 8 7 5
8 19 7 5
19 94 7 3
94 76 7 3
76 82 7 5
82 88 7 3
88 0 7 0
8 14
0 93 8 4
93 77 8 5
77 99 8 4
99 11 8 5
11 91 8 5
91 68 8 5
68 48 8 4
48 83 8 4
83 61 8 5
61 26 8 4
26 89 8 5
89 97 8 5
97 92 8 5
92 0 8 0
9 4
0 81 9 4
81 90 9 5
90 57 9 5
57 0 9 0
10 15
0 16 10 4
16 6 10 5
6 59 10 3
59 45 10 3
45 77 10 3
77 78 10 4
78 80 10 4
80 72 10 3
72 63 10 3
63 66 10 3
66 2 10 4
2 47 10 4
47 7 10 4
7 85 10 3
85 0 10 0
11 12
0 38 11 3
38 42 11 5
42 78 11 5
78 80 11 5
80 72 11 5
72 67 11 3
67 87 11 4
87 10 11 3
10 100 11 5
100 53 11 4
53 85 11 5
85 0 11 0
12 15
0 54 12 5
54 60 12 5
60 28 12 3
28 49 12 5
49 29 12 3
29 52 12 5
52 22 12 5
22 83 12 5
83 62 12 3
62 86 12 4
86 76 12 4
76 82 12 4
82 37 12 4
37 95 12 4
95 0 12 0
13 6
0 98 13 4
98 71 13 3
71 50 13 3
50 12 13 3
12 74 13 3
74 0 13 0
14 4
0 71 14 4
71 55 14 5
55 74 14 4
74 0 14 0
15 2
0 73 15 3
73 0 15 0
16 2
0 73 16 4
73 0 16 0
17 9
0 58 17 4
58 84 17 3
84 79 17 3
79 75 17 3
75 65 17 4
65 1 17 5
1 96 17 5
96 44 17 3
44 0 17 0
18 4
0 84 18 4
84 79 18 4
79 75 18 4
75 0 18 0
19 1
0 0 19 0
