# Solution for ../instances-HHCRSP/InstanzCPLEX_HCSRP_75_2.txt
# Cost = 719.955 Dist = 2131.29 Tard = 19.4291 TMax = 9.14299
# <vehicle> <route length>
# <origin node> <dest node> <vehicle> <service type>
0 20
0 71 0 0
71 14 0 0
14 11 0 2
11 26 0 0
26 72 0 2
72 41 0 2
41 19 0 2
19 2 0 0
2 45 0 0
45 68 0 2
68 34 0 2
34 65 0 0
65 74 0 0
74 10 0 0
10 15 0 2
15 21 0 0
21 4 0 1
4 12 0 2
12 42 0 1
42 0 0 0
1 5
0 9 1 1
9 73 1 1
73 66 1 1
66 31 1 1
31 0 1 0
2 8
0 46 2 0
46 69 2 0
69 70 2 0
70 64 2 0
64 7 2 0
7 6 2 0
6 32 2 0
32 0 2 0
3 9
0 39 3 1
39 3 3 2
3 75 3 2
75 40 3 2
40 17 3 1
17 36 3 2
36 43 3 2
43 16 3 2
16 0 3 0
4 5
0 67 4 1
67 44 4 1
44 33 4 1
33 38 4 1
38 0 4 0
5 10
0 62 5 3
62 13 5 4
13 48 5 3
48 29 5 3
29 73 5 5
73 66 5 3
66 35 5 4
35 65 5 4
65 74 5 3
74 0 5 0
6 2
0 60 6 3
60 0 6 0
7 7
0 62 7 4
62 53 7 4
53 51 7 5
51 59 7 4
59 20 7 5
20 64 7 4
64 0 7 0
8 2
0 63 8 3
63 0 8 0
9 15
0 71 9 4
71 61 9 3
61 8 9 3
8 54 9 3
54 72 9 4
72 25 9 4
25 22 9 3
22 57 9 3
57 37 9 3
37 56 9 3
56 58 9 4
58 55 9 4
55 47 9 4
47 24 9 4
24 0 9 0
10 3
0 53 10 5
53 70 10 5
70 0 10 0
11 3
0 60 11 4
60 69 11 4
69 0 11 0
12 9
0 61 12 5
61 54 12 4
54 28 12 5
28 49 12 4
49 27 12 4
27 68 12 5
68 5 12 3
5 18 12 3
18 0 12 0
13 6
0 1 13 4
1 67 13 3
67 59 13 5
59 52 13 4
52 63 13 4
63 0 13 0
14 9
0 50 14 5
50 75 14 3
75 30 14 4
30 57 14 4
57 23 14 5
23 56 14 4
56 58 14 5
58 55 14 5
55 0 14 0
