# Solution for ../instances-HHCRSP/InstanzVNS_HCSRP_200_5.txt
# Cost = 1391.83 Dist = 4136.32 Tard = 32.7012 TMax = 6.4764
# <vehicle> <route length>
# <origin node> <dest node> <vehicle> <service type>
0 16
0 172 0 1
172 14 0 0
14 99 0 0
99 46 0 2
46 184 0 1
184 17 0 0
17 9 0 2
9 186 0 2
186 200 0 2
200 69 0 2
69 39 0 1
39 33 0 1
33 189 0 2
189 35 0 1
35 24 0 2
24 0 0 0
1 10
0 71 1 1
71 121 1 1
121 18 1 1
18 51 1 1
51 86 1 1
86 197 1 1
197 102 1 1
102 176 1 1
176 75 1 1
75 0 1 0
2 9
0 188 2 2
188 198 2 2
198 64 2 2
64 180 2 2
180 3 2 2
3 36 2 2
36 100 2 2
100 32 2 2
32 0 2 0
3 12
0 199 3 0
199 93 3 0
93 131 3 0
131 23 3 0
23 85 3 0
85 87 3 0
87 177 3 0
177 178 3 0
178 5 3 0
5 88 3 0
88 116 3 0
116 0 3 0
4 14
0 77 4 1
77 34 4 1
34 118 4 1
118 183 4 1
183 91 4 1
91 31 4 1
31 185 4 1
185 27 4 2
27 119 4 1
119 97 4 1
97 4 4 2
4 25 4 1
25 106 4 1
106 0 4 0
5 16
0 115 5 0
115 182 5 0
182 126 5 0
126 70 5 0
70 192 5 1
192 194 5 1
194 174 5 1
174 21 5 0
21 104 5 0
104 56 5 0
56 76 5 1
76 74 5 0
74 40 5 1
40 82 5 1
82 137 5 0
137 0 5 0
6 10
0 15 6 2
15 195 6 2
195 135 6 2
135 124 6 2
124 117 6 2
117 187 6 2
187 173 6 2
173 171 6 2
171 140 6 2
140 0 6 0
7 9
0 179 7 0
179 181 7 0
181 190 7 0
190 191 7 0
191 43 7 0
43 193 7 0
193 114 7 0
114 41 7 0
41 0 7 0
8 2
0 81 8 1
81 0 8 0
9 9
0 196 9 2
196 84 9 1
84 175 9 1
175 90 9 1
90 30 9 2
30 108 9 2
108 13 9 1
13 96 9 1
96 0 9 0
10 12
0 172 10 5
172 164 10 3
164 142 10 3
142 183 10 5
183 63 10 3
63 157 10 3
157 149 10 3
149 177 10 3
177 158 10 5
158 162 10 3
162 150 10 3
150 0 10 0
11 19
0 166 11 3
166 160 11 3
160 188 11 5
188 198 11 4
198 180 11 3
180 52 11 5
52 144 11 4
144 147 11 4
147 168 11 4
168 113 11 3
113 48 11 4
48 7 11 4
7 134 11 3
134 61 11 5
61 146 11 3
146 89 11 3
89 159 11 4
159 189 11 4
189 0 11 0
12 13
0 166 12 5
166 160 12 5
160 28 12 3
28 192 12 4
192 194 12 3
194 12 12 3
12 161 12 3
161 151 12 4
151 62 12 3
62 112 12 5
112 178 12 4
178 107 12 5
107 0 12 0
13 13
0 153 13 3
153 164 13 4
164 142 13 4
142 184 13 4
184 127 13 5
127 186 13 5
186 200 13 3
200 67 13 3
67 168 13 5
168 68 13 5
68 146 13 4
146 159 13 5
159 0 13 0
14 15
0 153 14 5
153 122 14 4
122 165 14 4
165 163 14 5
163 155 14 4
155 72 14 4
72 80 14 5
80 103 14 4
103 157 14 5
157 53 14 4
53 149 14 5
149 170 14 5
170 156 14 4
156 148 14 5
148 0 14 0
15 10
0 152 15 4
152 199 15 3
199 54 15 5
54 38 15 3
38 55 15 5
55 129 15 3
129 94 15 3
94 109 15 4
109 1 15 5
1 0 15 0
16 5
0 152 16 5
152 98 16 3
98 190 16 3
190 191 16 3
191 0 16 0
17 9
0 111 17 4
111 196 17 4
196 174 17 4
174 19 17 5
19 187 17 3
187 170 17 3
170 156 17 5
156 148 17 3
148 0 17 0
18 13
0 16 18 4
16 165 18 3
165 163 18 3
163 155 18 3
155 47 18 4
47 185 18 3
185 158 18 4
158 162 18 5
162 26 18 4
26 92 18 3
92 123 18 4
123 150 18 4
150 0 18 0
19 9
0 167 19 3
167 143 19 3
143 50 19 3
50 182 19 4
182 79 19 3
79 132 19 4
132 65 19 4
65 145 19 3
145 0 19 0
20 12
0 167 20 4
167 143 20 5
143 195 20 3
195 58 20 4
58 20 20 3
20 8 20 5
8 120 20 4
120 128 20 3
128 193 20 4
193 141 20 4
141 57 20 5
57 0 20 0
21 16
0 154 21 3
154 45 21 3
45 78 21 4
78 11 21 5
11 2 21 4
2 66 21 3
66 10 21 3
10 125 21 4
125 83 21 4
83 130 21 4
130 144 21 5
144 147 21 5
147 105 21 4
105 197 21 4
197 176 21 3
176 0 21 0
22 19
0 154 22 5
154 42 22 5
42 49 22 5
49 60 22 5
60 6 22 5
6 59 22 3
59 22 22 5
22 133 22 3
133 29 22 3
29 139 22 3
139 161 22 4
161 151 22 5
151 37 22 4
37 173 22 4
173 171 22 5
171 95 22 4
95 136 22 5
136 145 22 5
145 0 22 0
23 4
0 138 23 5
138 169 23 3
169 179 23 5
179 0 23 0
24 2
0 169 24 5
169 0 24 0
25 6
0 175 25 4
175 181 25 5
181 110 25 5
110 141 25 5
141 73 25 4
73 0 25 0
26 2
0 101 26 5
101 0 26 0
27 2
0 44 27 3
44 0 27 0
28 1
0 0 28 0
29 1
0 0 29 0
