# Solution for ../instances-HHCRSP/InstanzVNS_HCSRP_300_7.txt
# Cost = 1640.07 Dist = 4902.67 Tard = 14.2269 TMax = 3.32126
# <vehicle> <route length>
# <origin node> <dest node> <vehicle> <service type>
0 11
0 267 0 1
267 114 0 0
114 275 0 0
275 145 0 1
145 24 0 1
24 196 0 1
196 272 0 1
272 78 0 1
78 46 0 1
46 271 0 0
271 0 0 0
1 14
0 265 1 2
265 53 1 0
53 18 1 0
18 136 1 2
136 191 1 2
191 170 1 0
170 102 1 0
102 165 1 0
165 274 1 0
274 285 1 2
285 86 1 2
86 29 1 0
29 22 1 2
22 0 1 0
2 11
0 131 2 2
131 90 2 2
90 75 2 2
75 64 2 1
64 283 2 1
283 276 2 2
276 187 2 0
187 130 2 2
130 140 2 0
140 264 2 2
264 0 2 0
3 3
0 254 3 2
254 279 3 2
279 0 3 0
4 7
0 113 4 1
113 129 4 1
129 99 4 1
99 141 4 1
141 45 4 1
45 164 4 1
164 0 4 0
5 15
0 65 5 2
65 252 5 2
252 2 5 2
2 262 5 1
262 105 5 1
105 193 5 2
193 40 5 2
40 281 5 2
281 80 5 2
80 296 5 1
296 14 5 1
14 134 5 2
134 85 5 1
85 298 5 1
298 0 5 0
6 13
0 72 6 0
72 183 6 1
183 266 6 1
266 268 6 1
268 143 6 0
143 295 6 0
295 297 6 1
297 197 6 1
197 158 6 1
158 259 6 0
259 186 6 0
186 63 6 0
63 0 6 0
7 13
0 192 7 0
192 124 7 1
124 82 7 0
82 97 7 0
97 93 7 1
93 185 7 0
185 151 7 1
151 39 7 0
39 190 7 1
190 33 7 1
33 15 7 1
15 106 7 1
106 0 7 0
8 11
0 188 8 2
188 288 8 2
288 150 8 2
150 101 8 0
101 10 8 0
10 36 8 2
36 13 8 0
13 156 8 0
156 152 8 2
152 76 8 0
76 0 8 0
9 15
0 278 9 2
278 270 9 0
270 290 9 2
290 59 9 0
59 293 9 0
293 25 9 2
25 286 9 0
286 67 9 2
67 127 9 0
127 291 9 0
291 269 9 2
269 161 9 0
161 169 9 2
169 9 9 0
9 0 9 0
10 4
0 260 10 2
260 299 10 2
299 54 10 2
54 0 10 0
11 15
0 258 11 1
258 282 11 1
282 38 11 0
38 172 11 1
172 189 11 0
189 289 11 2
289 280 11 1
280 77 11 0
77 256 11 2
256 273 11 2
273 277 11 0
277 149 11 2
149 182 11 0
182 174 11 1
174 0 11 0
12 1
0 0 12 0
13 4
0 261 13 1
261 176 13 1
176 263 13 1
263 0 13 0
14 17
0 11 14 0
11 108 14 0
108 51 14 0
51 42 14 2
42 79 14 1
79 68 14 1
68 147 14 0
147 148 14 0
148 115 14 2
115 255 14 1
255 26 14 2
26 155 14 1
155 253 14 0
253 57 14 0
57 294 14 2
294 251 14 2
251 0 14 0
15 5
0 50 15 0
50 284 15 1
284 146 15 1
146 292 15 0
292 0 15 0
16 1
0 0 16 0
17 8
0 100 17 1
100 300 17 2
300 257 17 0
257 12 17 0
12 163 17 2
163 287 17 1
287 175 17 1
175 0 17 0
18 19
0 219 18 4
219 237 18 3
237 252 18 4
252 1 18 4
1 194 18 5
194 275 18 4
275 166 18 3
166 88 18 3
88 41 18 5
41 62 18 3
62 296 18 3
296 94 18 3
94 96 18 5
96 177 18 3
177 209 18 3
209 236 18 4
236 294 18 4
294 251 18 5
251 0 18 0
19 14
0 232 19 3
232 231 19 3
231 20 19 3
20 278 19 3
278 235 19 3
235 206 19 3
206 98 19 3
98 17 19 3
17 212 19 3
212 60 19 3
60 250 19 3
250 292 19 3
292 48 19 3
48 0 19 0
20 17
0 219 20 5
219 237 20 4
237 178 20 5
178 266 20 5
266 262 20 5
262 268 20 5
268 248 20 4
248 69 20 5
69 104 20 4
104 74 20 4
74 225 20 4
225 159 20 5
159 239 20 4
239 215 20 4
215 224 20 4
224 199 20 5
199 0 20 0
21 19
0 232 21 5
232 231 21 4
231 270 21 5
270 137 21 4
137 290 21 3
290 157 21 3
157 200 21 4
200 142 21 4
142 293 21 3
293 162 21 5
162 286 21 3
286 28 21 4
28 83 21 3
83 180 21 5
180 238 21 3
238 291 21 3
291 269 21 4
269 201 21 3
201 0 21 0
22 10
0 265 22 5
265 216 22 4
216 213 22 3
213 73 22 3
73 246 22 5
246 198 22 3
198 135 22 5
135 238 22 5
238 201 22 4
201 0 22 0
23 14
0 4 23 4
4 267 23 4
267 56 23 4
56 229 23 4
229 283 23 5
283 109 23 4
109 70 23 5
70 281 23 5
281 295 23 4
295 297 23 5
297 111 23 4
111 209 23 5
209 236 23 5
236 0 23 0
24 16
0 123 24 3
123 34 24 3
34 288 24 5
288 49 24 4
49 133 24 3
133 89 24 5
89 84 24 4
84 225 24 5
225 27 24 3
27 239 24 5
239 144 24 3
144 215 24 3
215 224 24 5
224 226 24 5
226 103 24 3
103 0 24 0
25 4
0 254 25 3
254 223 25 3
223 19 25 3
19 0 25 0
26 22
0 211 26 4
211 168 26 5
168 3 26 3
3 21 26 4
21 32 26 3
32 119 26 5
119 120 26 3
120 289 26 3
289 280 26 3
280 118 26 4
118 272 26 4
272 30 26 5
30 128 26 3
128 230 26 3
230 277 26 3
277 249 26 4
249 117 26 5
117 271 26 4
271 218 26 3
218 107 26 5
107 243 26 4
243 0 26 0
27 15
0 211 27 5
211 202 27 3
202 210 27 3
210 31 27 3
31 222 27 3
222 234 27 3
234 126 27 3
126 205 27 4
205 244 27 4
244 228 27 3
228 247 27 3
247 255 27 5
255 253 27 4
253 298 27 4
298 0 27 0
28 14
0 216 28 5
216 213 28 4
213 43 28 3
43 300 28 5
300 138 28 4
138 241 28 5
241 66 28 3
66 181 28 4
181 6 28 4
6 184 28 4
184 220 28 3
220 214 28 3
214 287 28 4
287 0 28 0
29 13
0 121 29 3
121 23 29 3
23 160 29 3
160 58 29 3
58 5 29 4
5 246 29 4
246 241 29 3
241 257 29 3
257 37 29 4
37 110 29 3
110 44 29 3
44 204 29 3
204 0 29 0
30 13
0 208 30 3
208 258 30 3
258 233 30 3
233 207 30 3
207 240 30 5
240 203 30 3
203 217 30 3
217 116 30 5
116 242 30 3
242 52 30 3
52 249 30 5
249 218 30 5
218 0 30 0
31 13
0 202 31 4
202 210 31 4
210 222 31 5
222 234 31 4
234 205 31 5
205 244 31 5
244 228 31 4
228 247 31 4
247 7 31 4
7 71 31 4
71 125 31 5
125 243 31 5
243 0 31 0
32 8
0 92 32 4
92 235 32 4
235 245 32 4
245 274 32 4
274 221 32 3
221 226 32 4
226 47 32 4
47 0 32 0
33 18
0 208 33 4
208 282 33 3
282 233 33 5
233 207 33 4
207 95 33 4
95 240 33 4
240 203 33 5
203 217 33 5
217 91 33 4
91 256 33 4
256 273 33 4
273 242 33 4
242 55 33 4
55 230 33 4
230 16 33 4
16 264 33 4
264 112 33 5
112 0 33 0
34 10
0 223 34 4
223 279 34 5
279 284 34 4
284 229 34 5
229 276 34 3
276 263 34 4
263 167 34 5
167 87 34 4
87 173 34 5
173 0 34 0
35 7
0 260 35 5
260 206 35 4
206 261 35 4
261 299 35 5
299 212 35 4
212 204 35 5
204 0 35 0
36 11
0 139 36 5
139 171 36 5
171 195 36 3
195 154 36 3
154 245 36 5
245 221 36 4
221 285 36 5
285 132 36 3
132 220 36 5
220 214 36 5
214 0 36 0
37 3
0 250 37 5
250 227 37 5
227 0 37 0
38 9
0 81 38 4
81 35 38 3
35 248 38 5
248 8 38 5
8 259 38 3
259 61 38 4
61 122 38 3
122 179 38 3
179 0 38 0
39 3
0 153 39 4
153 227 39 4
227 0 39 0
