# Solution for ../instances-HHCRSP/InstanzCPLEX_HCSRP_75_3.txt
# Cost = 656.849 Dist = 1923.47 Tard = 23.5393 TMax = 23.5393
# <vehicle> <route length>
# <origin node> <dest node> <vehicle> <service type>
0 14
0 35 0 2
35 9 0 1
9 33 0 0
33 50 0 2
50 74 0 2
74 45 0 2
45 47 0 2
47 17 0 0
17 67 0 0
67 43 0 2
43 66 0 2
66 5 0 0
5 31 0 2
31 0 0 0
1 5
0 23 1 1
23 10 1 1
10 75 1 1
75 38 1 0
38 0 1 0
2 9
0 1 2 2
1 2 2 2
2 29 2 2
29 69 2 2
69 68 2 2
68 65 2 2
65 73 2 2
73 72 2 2
72 0 2 0
3 7
0 70 3 0
70 71 3 0
71 6 3 0
6 22 3 0
22 34 3 0
34 3 3 0
3 0 3 0
4 8
0 20 4 1
20 40 4 1
40 26 4 1
26 4 4 1
4 41 4 1
41 64 4 1
64 21 4 1
21 0 4 0
5 10
0 7 5 3
7 55 5 3
55 74 5 5
74 59 5 3
59 8 5 4
8 32 5 5
32 13 5 5
13 64 5 5
64 72 5 4
72 0 5 0
6 11
0 55 6 4
55 44 6 4
44 51 6 3
51 52 6 3
52 12 6 4
12 60 6 3
60 57 6 5
57 66 6 4
66 11 6 3
11 54 6 3
54 0 6 0
7 4
0 36 7 3
36 14 7 4
14 25 7 4
25 0 7 0
8 8
0 63 8 3
63 71 8 4
71 59 8 4
59 67 8 4
67 60 8 4
60 57 8 4
57 54 8 4
54 0 8 0
9 8
0 63 9 4
63 56 9 4
56 62 9 4
62 18 9 3
18 19 9 4
19 58 9 4
58 68 9 4
68 0 9 0
10 5
0 49 10 4
49 42 10 5
42 61 10 4
61 24 10 5
24 0 10 0
11 9
0 15 11 3
15 27 11 5
27 28 11 5
28 75 11 4
75 53 11 3
53 48 11 5
48 30 11 5
30 37 11 3
37 0 11 0
12 6
0 16 12 4
16 69 12 5
69 46 12 4
46 53 12 4
53 73 12 5
73 0 12 0
13 5
0 70 13 5
70 56 13 5
56 62 13 5
62 58 13 3
58 0 13 0
14 4
0 61 14 5
61 39 14 3
39 65 14 5
65 0 14 0
