# Solution for ../instances-HHCRSP/InstanzCPLEX_HCSRP_50_2.txt
# Cost = 614.357 Dist = 1738.87 Tard = 57.5798 TMax = 46.6172
# <vehicle> <route length>
# <origin node> <dest node> <vehicle> <service type>
0 12
0 46 0 0
46 11 0 2
11 26 0 0
26 2 0 0
2 10 0 0
10 19 0 2
19 34 0 2
34 15 0 2
15 21 0 0
21 12 0 2
12 32 0 0
32 0 0 0
1 5
0 50 1 2
50 44 1 2
44 3 1 2
3 16 1 2
16 0 1 0
2 14
0 9 2 1
9 14 2 0
14 49 2 2
49 45 2 1
45 48 2 1
48 17 2 1
17 43 2 1
43 7 2 0
7 6 2 0
6 33 2 1
33 47 2 2
47 4 2 1
4 31 2 1
31 0 2 0
3 11
0 1 3 4
1 27 3 4
27 49 3 4
49 45 3 4
45 48 3 4
48 41 3 4
41 29 3 3
29 5 3 3
5 18 3 3
18 35 3 4
35 0 3 0
4 4
0 39 4 3
39 50 4 3
50 20 4 5
20 0 4 0
5 3
0 39 5 4
39 38 5 4
38 0 5 0
6 5
0 46 6 5
46 36 6 3
36 43 6 5
43 30 6 4
30 0 6 0
7 7
0 40 7 3
40 22 7 3
22 37 7 4
37 47 7 3
47 42 7 3
42 24 7 4
24 0 7 0
8 5
0 40 8 4
40 36 8 5
36 23 8 5
23 42 8 4
42 0 8 0
9 9
0 8 9 3
8 13 9 4
13 28 9 5
28 41 9 5
41 25 9 4
25 44 9 5
44 37 9 5
37 38 9 3
38 0 9 0
