# Solution for ../instances-HHCRSP/InstanzVNS_HCSRP_200_1.txt
# Cost = 1419.96 Dist = 4240.44 Tard = 13.4072 TMax = 6.04159
# <vehicle> <route length>
# <origin node> <dest node> <vehicle> <service type>
0 11
0 18 0 0
18 61 0 0
61 174 0 0
174 183 0 0
183 19 0 0
19 185 0 0
185 197 0 0
197 92 0 0
92 75 0 0
75 38 0 0
38 0 0 0
1 10
0 182 1 2
182 123 1 2
123 186 1 2
186 178 1 2
178 17 1 2
17 5 1 2
5 7 1 2
7 191 1 2
191 25 1 2
25 0 1 0
2 5
0 190 2 1
190 172 2 1
172 73 2 1
73 192 2 1
192 0 2 0
3 7
0 42 3 2
42 70 3 2
70 67 3 2
67 173 3 2
173 21 3 2
21 22 3 2
22 0 3 0
4 9
0 134 4 1
134 177 4 1
177 98 4 1
98 12 4 1
12 111 4 1
111 128 4 1
128 176 4 1
176 58 4 1
58 0 4 0
5 5
0 43 5 1
43 31 5 1
31 13 5 1
13 89 5 1
89 0 5 0
6 18
0 181 6 2
181 180 6 1
180 81 6 2
81 78 6 1
78 137 6 2
137 56 6 1
56 193 6 2
193 194 6 2
194 41 6 1
41 3 6 1
3 184 6 2
184 30 6 2
30 200 6 2
200 99 6 2
99 11 6 1
11 53 6 2
53 171 6 1
171 0 6 0
7 18
0 33 7 0
33 198 7 2
198 175 7 0
175 60 7 2
60 62 7 1
62 71 7 1
71 15 7 0
15 179 7 0
179 188 7 2
188 93 7 2
93 195 7 0
195 59 7 2
59 57 7 2
57 131 7 2
131 199 7 0
199 110 7 1
110 107 7 0
107 0 7 0
8 15
0 47 8 0
47 120 8 1
120 125 8 0
125 104 8 1
104 97 8 1
97 77 8 0
77 48 8 0
48 187 8 0
187 103 8 0
103 90 8 0
90 106 8 0
106 66 8 0
66 196 8 0
196 55 8 0
55 0 8 0
9 12
0 139 9 0
139 189 9 0
189 82 9 0
82 101 9 0
101 84 9 0
84 100 9 0
100 129 9 2
129 133 9 2
133 105 9 0
105 40 9 2
40 46 9 0
46 0 9 0
10 13
0 169 10 3
169 102 10 4
102 24 10 5
24 170 10 4
170 175 10 5
175 135 10 3
135 179 10 3
179 188 10 3
188 36 10 3
36 167 10 5
167 29 10 3
29 69 10 5
69 0 10 0
11 11
0 148 11 3
148 154 11 3
154 127 11 3
127 14 11 3
14 91 11 3
91 159 11 3
159 76 11 3
76 153 11 3
153 158 11 3
158 167 11 3
167 0 11 0
12 7
0 122 12 5
122 151 12 3
151 83 12 5
83 52 12 3
52 161 12 5
161 155 12 5
155 0 12 0
13 15
0 169 13 4
169 45 13 3
45 140 13 4
140 54 13 3
54 94 13 4
94 142 13 3
142 165 13 4
165 16 13 4
16 39 13 3
39 184 13 5
184 158 13 5
158 126 13 4
126 156 13 3
156 196 13 5
196 0 13 0
14 6
0 8 14 4
8 151 14 4
151 161 14 4
161 155 14 4
155 51 14 4
51 0 14 0
15 8
0 182 15 4
182 149 15 3
149 146 15 4
146 186 15 4
186 166 15 3
166 72 15 4
72 185 15 4
185 0 15 0
16 15
0 190 16 5
190 20 16 5
20 172 16 4
172 160 16 4
160 6 16 4
6 136 16 4
136 63 16 4
63 119 16 4
119 114 16 5
114 145 16 4
145 113 16 5
113 164 16 4
164 28 16 5
28 157 16 4
157 0 16 0
17 14
0 149 17 5
149 146 17 5
146 166 17 4
166 178 17 5
178 2 17 4
2 193 17 5
193 194 17 3
194 1 17 3
1 132 17 3
132 35 17 5
35 144 17 4
144 195 17 4
195 199 17 4
199 0 17 0
18 8
0 177 18 5
177 189 18 3
189 85 18 3
85 26 18 5
26 109 18 3
109 197 18 5
197 143 18 5
143 0 18 0
19 6
0 88 19 5
88 141 19 5
141 174 19 3
174 164 19 3
164 157 19 5
157 0 19 0
20 10
0 50 20 5
50 117 20 5
117 27 20 4
27 65 20 4
65 37 20 3
37 160 20 5
160 142 20 4
142 165 20 5
165 200 20 3
200 0 20 0
21 2
0 108 21 3
108 0 21 0
22 15
0 148 22 4
148 154 22 5
154 86 22 5
86 49 22 4
49 159 22 5
159 118 22 5
118 145 22 5
145 64 22 3
64 153 22 5
153 187 22 4
187 147 22 4
147 96 22 5
96 116 22 4
116 80 22 5
80 0 22 0
23 4
0 141 23 4
141 121 23 4
121 192 23 3
192 0 23 0
24 12
0 181 24 4
181 198 24 5
198 138 24 3
138 170 24 5
170 79 24 3
79 23 24 4
23 144 24 5
144 112 24 4
112 147 24 5
147 156 24 4
156 171 24 5
171 0 24 0
25 14
0 180 25 4
180 115 25 3
115 68 25 4
68 162 25 3
162 183 25 4
183 168 25 3
168 152 25 3
152 163 25 3
163 124 25 4
124 4 25 3
4 143 25 4
143 74 25 4
74 32 25 4
32 0 25 0
26 11
0 10 26 4
10 162 26 4
162 176 26 3
176 34 26 4
34 130 26 5
130 168 26 5
168 152 26 5
152 163 26 4
163 44 26 3
44 191 26 3
191 0 26 0
27 6
0 95 27 5
95 9 27 4
9 150 27 3
150 87 27 5
87 173 27 4
173 0 27 0
28 2
0 150 28 5
150 0 28 0
29 1
0 0 29 0
