# Solution for ../instances-HHCRSP/InstanzVNS_HCSRP_100_6.txt
# Cost = 806.417 Dist = 2386.99 Tard = 19.915 TMax = 12.3444
# <vehicle> <route length>
# <origin node> <dest node> <vehicle> <service type>
0 9
0 88 0 2
88 4 0 0
4 60 0 2
60 13 0 0
13 89 0 0
89 33 0 0
33 2 0 0
2 26 0 0
26 0 0 0
1 2
0 22 1 2
22 0 1 0
2 9
0 43 2 1
43 16 2 0
16 97 2 1
97 66 2 0
66 18 2 0
18 91 2 1
91 99 2 0
99 98 2 1
98 0 2 0
3 14
0 36 3 1
36 25 3 2
25 67 3 2
67 95 3 2
95 3 3 2
3 47 3 2
47 61 3 1
61 94 3 2
94 87 3 1
87 53 3 1
53 24 3 1
24 12 3 2
12 58 3 1
58 0 3 0
4 6
0 86 4 0
86 90 4 2
90 100 4 2
100 92 4 2
92 64 4 2
64 0 4 0
5 8
0 5 5 1
5 30 5 2
30 44 5 0
44 31 5 2
31 41 5 0
41 59 5 1
59 96 5 0
96 0 5 0
6 9
0 93 6 2
93 20 6 2
20 51 6 2
51 19 6 1
19 15 6 1
15 40 6 2
40 23 6 1
23 1 6 1
1 0 6 0
7 13
0 82 7 3
82 88 7 3
88 97 7 4
97 8 7 4
8 62 7 4
62 78 7 4
78 21 7 3
21 77 7 3
77 9 7 4
9 71 7 3
71 72 7 4
72 14 7 3
14 0 7 0
8 11
0 82 8 5
82 93 8 5
93 65 8 3
65 89 8 3
89 74 8 5
74 84 8 5
84 94 8 3
94 80 8 3
80 38 8 5
38 73 8 5
73 0 8 0
9 8
0 7 9 5
7 78 9 5
78 91 9 3
91 77 9 4
77 32 9 4
32 99 9 5
99 98 9 5
98 0 9 0
10 7
0 50 10 3
50 56 10 5
56 83 10 3
83 68 10 5
68 10 10 5
10 96 10 3
96 0 10 0
11 10
0 27 11 4
27 48 11 4
48 11 11 4
11 74 11 4
74 46 11 4
46 71 11 5
71 72 11 5
72 28 11 5
28 29 11 3
29 0 11 0
12 6
0 86 12 4
86 90 12 3
90 100 12 3
100 85 12 3
85 75 12 4
75 0 12 0
13 11
0 54 13 3
54 35 13 5
35 55 13 4
55 95 13 5
95 52 13 3
52 17 13 5
17 84 13 4
84 87 13 5
87 80 13 4
80 73 13 4
73 0 13 0
14 7
0 37 14 4
37 57 14 3
57 69 14 3
69 76 14 4
76 79 14 3
79 42 14 4
42 0 14 0
15 4
0 34 15 5
34 76 15 5
76 79 15 5
79 0 15 0
16 10
0 49 16 4
49 6 16 5
6 45 16 5
45 39 16 5
39 92 16 3
92 63 16 3
63 70 16 3
70 85 16 5
85 75 16 5
75 0 16 0
17 2
0 81 17 5
81 0 17 0
18 3
0 83 18 4
83 81 18 4
81 0 18 0
19 1
0 0 19 0
