# Solution for ../instances-HHCRSP/InstanzVNS_HCSRP_300_1.txt
# Cost = 1778.54 Dist = 5326.77 Tard = 5.99508 TMax = 2.85283
# <vehicle> <route length>
# <origin node> <dest node> <vehicle> <service type>
0 15
0 300 0 1
300 33 0 0
33 299 0 0
299 62 0 1
62 175 0 0
175 77 0 0
77 71 0 1
71 283 0 0
283 48 0 0
48 184 0 0
184 11 0 1
11 196 0 0
196 106 0 0
106 298 0 1
298 0 0 0
1 2
0 40 1 2
40 0 1 0
2 6
0 292 2 2
292 70 2 2
70 67 2 2
67 21 2 2
21 192 2 2
192 0 2 0
3 12
0 294 3 1
294 264 3 2
264 273 3 1
273 253 3 1
253 280 3 1
280 56 3 1
56 78 3 1
78 275 3 1
275 259 3 2
259 73 3 1
73 266 3 2
266 0 3 0
4 11
0 260 4 2
260 291 4 2
291 169 4 2
169 277 4 2
277 93 4 2
93 274 4 2
274 261 4 2
261 30 4 2
30 158 4 2
158 53 4 2
53 0 4 0
5 2
0 129 5 2
129 0 5 0
6 3
0 151 6 2
151 133 6 2
133 0 6 0
7 10
0 180 7 0
180 47 7 0
47 193 7 0
193 272 7 0
272 281 7 0
281 278 7 0
278 168 7 0
168 271 7 0
271 55 7 0
55 0 7 0
8 12
0 98 8 1
98 262 8 0
262 12 8 1
12 139 8 0
139 189 8 0
189 256 8 1
256 13 8 1
13 150 8 1
150 75 8 0
75 284 8 1
284 38 8 0
38 0 8 0
9 18
0 279 9 0
279 289 9 0
289 104 9 1
104 160 9 1
160 268 9 2
268 60 9 2
60 142 9 2
142 15 9 0
15 97 9 1
97 265 9 0
265 270 9 1
270 254 9 2
254 99 9 2
99 171 9 1
171 103 9 0
103 147 9 1
147 276 9 1
276 0 9 0
10 6
0 81 10 2
81 182 10 2
182 176 10 2
176 59 10 2
59 25 10 2
25 0 10 0
11 6
0 148 11 1
148 282 11 1
282 111 11 1
111 197 11 1
197 285 11 1
285 0 11 0
12 17
0 288 12 0
288 263 12 1
263 17 12 2
17 123 12 2
123 287 12 2
287 137 12 2
137 296 12 0
296 3 12 1
3 258 12 1
258 90 12 0
90 295 12 2
295 41 12 1
41 269 12 2
269 66 12 0
66 110 12 1
110 57 12 2
57 0 12 0
13 15
0 31 13 1
31 42 13 2
42 43 13 1
43 267 13 2
267 252 13 2
252 22 13 2
22 5 13 2
5 157 13 1
157 131 13 2
131 7 13 2
7 164 13 1
164 191 13 1
191 257 13 1
257 58 13 1
58 0 13 0
14 13
0 181 14 0
181 255 14 0
255 251 14 0
251 125 14 0
125 120 14 1
120 297 14 1
297 166 14 0
166 128 14 1
128 174 14 1
174 293 14 0
293 107 14 0
107 46 14 0
46 0 14 0
15 4
0 84 15 0
84 286 15 0
286 105 15 0
105 0 15 0
16 1
0 0 16 0
17 11
0 134 17 1
134 18 17 0
18 82 17 0
82 19 17 0
19 101 17 0
101 61 17 0
61 290 17 1
290 100 17 0
100 89 17 1
89 92 17 0
92 0 17 0
18 19
0 91 18 3
91 215 18 4
215 300 18 3
300 24 18 5
24 54 18 3
54 172 18 4
172 217 18 3
217 136 18 4
136 76 18 3
76 201 18 3
201 145 18 5
145 112 18 4
112 195 18 5
195 220 18 3
220 241 18 5
241 80 18 5
80 28 18 5
28 257 18 5
257 0 18 0
19 11
0 85 19 3
85 109 19 3
109 229 19 3
229 162 19 4
162 275 19 3
275 278 19 4
278 2 19 4
2 44 19 3
44 214 19 4
214 132 19 3
132 0 19 0
20 14
0 202 20 3
202 247 20 4
247 234 20 3
234 289 20 3
289 227 20 3
227 119 20 4
119 207 20 3
207 230 20 3
230 258 20 4
258 218 20 3
218 220 20 4
220 241 20 3
241 231 20 3
231 0 20 0
21 13
0 202 21 4
202 279 21 3
279 190 21 3
190 138 21 3
138 79 21 3
79 221 21 3
221 16 21 4
16 29 21 3
29 167 21 3
167 224 21 3
224 233 21 4
233 276 21 4
276 0 21 0
22 20
0 215 22 5
215 45 22 3
45 37 22 3
37 159 22 5
159 217 22 4
217 205 22 4
205 211 22 4
211 135 22 3
135 94 22 4
94 39 22 3
39 165 22 5
165 209 22 4
209 204 22 4
204 283 22 3
283 261 22 4
261 126 22 4
126 153 22 5
153 233 22 5
233 298 22 5
298 0 22 0
23 17
0 294 23 5
294 264 23 5
264 65 23 4
65 234 23 5
234 253 23 5
253 227 23 5
227 6 23 4
6 23 23 4
23 63 23 4
63 235 23 3
235 265 23 4
265 270 23 5
270 156 23 3
156 213 23 3
213 210 23 4
210 225 23 3
225 0 23 0
24 15
0 219 24 4
219 50 24 5
50 239 24 3
239 222 24 4
222 10 24 4
10 262 24 4
262 95 24 5
95 256 24 4
256 26 24 5
26 237 24 5
237 240 24 5
240 284 24 3
284 32 24 4
32 212 24 5
212 0 24 0
25 10
0 292 25 4
292 238 25 3
238 216 25 4
216 206 25 3
206 237 25 4
237 240 25 4
240 155 25 3
155 290 25 4
290 212 25 3
212 0 25 0
26 14
0 219 26 5
219 239 26 5
239 222 26 5
222 88 26 5
88 297 26 3
297 178 26 3
178 296 26 5
296 194 26 5
194 218 26 4
218 113 26 5
113 116 26 4
116 214 26 5
214 271 26 3
271 0 26 0
27 15
0 154 27 5
154 14 27 3
14 273 27 4
273 247 27 5
247 198 27 5
198 280 27 5
280 86 27 5
86 118 27 5
118 1 27 3
1 226 27 3
226 295 27 5
295 144 27 4
144 231 27 5
231 199 27 5
199 0 27 0
28 9
0 83 28 5
83 286 28 5
286 9 28 4
9 236 28 5
236 250 28 5
250 74 28 4
74 243 28 4
243 51 28 4
51 0 28 0
29 11
0 108 29 3
108 8 29 4
8 177 29 4
177 122 29 5
122 52 29 3
52 161 29 5
161 87 29 5
87 236 29 3
236 250 29 3
250 243 29 3
243 0 29 0
30 12
0 117 30 5
117 20 30 5
20 232 30 5
232 140 30 4
140 299 30 5
299 102 30 4
102 221 30 5
221 268 30 5
268 235 30 5
235 254 30 5
254 224 30 4
224 0 30 0
31 17
0 260 31 3
260 232 31 3
232 291 31 3
291 170 31 5
170 205 31 3
205 211 31 5
211 179 31 5
179 209 31 5
209 204 31 5
204 188 31 3
188 69 31 5
69 242 31 3
242 223 31 3
223 36 31 3
36 228 31 3
228 245 31 3
245 0 31 0
32 15
0 208 32 3
208 115 32 3
115 149 32 4
149 146 32 4
146 68 32 4
68 282 32 5
282 152 32 4
152 34 32 4
34 246 32 3
246 185 32 4
185 183 32 5
183 124 32 4
124 4 32 3
4 173 32 4
173 0 32 0
33 5
0 208 33 4
208 229 33 4
229 246 33 4
246 259 33 3
259 0 33 0
34 14
0 238 34 4
238 267 34 5
267 216 34 5
216 206 34 5
206 252 34 5
252 130 34 5
130 35 34 5
35 163 34 3
163 141 34 4
141 72 34 4
72 293 34 4
293 121 34 4
121 285 34 3
285 0 34 0
35 18
0 203 35 3
203 288 35 4
288 263 35 3
263 186 35 5
186 249 35 3
249 244 35 3
244 287 35 3
287 27 35 4
27 187 35 4
187 201 35 4
201 277 35 4
277 242 35 4
242 223 35 5
223 274 35 4
274 200 35 4
200 228 35 5
228 245 35 4
245 0 35 0
36 20
0 203 36 4
203 127 36 3
127 255 36 5
255 251 36 4
251 49 36 4
49 249 36 5
249 244 36 5
244 272 36 3
272 281 36 3
281 207 36 5
207 230 36 5
230 114 36 5
114 64 36 3
64 226 36 4
226 96 36 5
96 269 36 5
269 213 36 4
213 210 36 5
210 225 36 5
225 0 36 0
37 3
0 143 37 3
143 266 37 3
266 0 37 0
38 2
0 248 38 5
248 0 38 0
39 2
0 248 39 3
248 0 39 0
