# Solution for ../instances-HHCRSP/InstanzVNS_HCSRP_300_2.txt
# Cost = 1885.72 Dist = 5618.36 Tard = 31.2484 TMax = 7.54226
# <vehicle> <route length>
# <origin node> <dest node> <vehicle> <service type>
0 15
0 258 0 1
258 255 0 1
255 182 0 1
182 145 0 1
145 91 0 0
91 289 0 0
289 269 0 0
269 252 0 0
252 180 0 0
180 271 0 0
271 291 0 1
291 32 0 0
32 6 0 0
6 279 0 1
279 0 0 0
1 16
0 251 1 2
251 54 1 1
54 259 1 2
259 147 1 1
147 133 1 1
133 167 1 2
167 41 1 2
41 160 1 1
160 103 1 2
103 113 1 1
113 267 1 1
267 4 1 1
4 268 1 2
268 12 1 2
12 42 1 1
42 0 1 0
2 6
0 199 2 0
199 293 2 0
293 83 2 0
83 7 2 0
7 57 2 0
57 0 2 0
3 8
0 11 3 2
11 263 3 2
263 172 3 2
172 136 3 2
136 34 3 2
34 66 3 2
66 15 3 2
15 0 3 0
4 17
0 120 4 1
120 299 4 1
299 189 4 2
189 123 4 1
123 3 4 2
3 59 4 2
59 295 4 1
295 117 4 1
117 17 4 1
17 191 4 1
191 44 4 1
44 36 4 2
36 33 4 1
33 197 4 2
197 56 4 1
56 97 4 2
97 0 4 0
5 17
0 71 5 1
71 272 5 0
272 283 5 0
283 26 5 0
26 138 5 1
138 196 5 1
196 45 5 0
45 262 5 0
262 282 5 1
282 129 5 1
129 10 5 0
10 105 5 0
105 106 5 0
106 292 5 1
292 21 5 0
21 253 5 0
253 0 5 0
6 11
0 154 6 2
154 193 6 1
193 67 6 0
67 14 6 0
14 72 6 2
72 284 6 0
284 131 6 1
131 265 6 0
265 277 6 1
277 82 6 1
82 0 6 0
7 7
0 254 7 2
254 162 7 2
162 198 7 2
198 294 7 2
294 40 7 2
40 296 7 2
296 0 7 0
8 2
0 175 8 0
175 0 8 0
9 1
0 0 9 0
10 1
0 0 10 0
11 18
0 297 11 1
297 108 11 1
108 146 11 1
146 276 11 2
276 61 11 2
61 173 11 2
173 168 11 2
168 274 11 2
274 266 11 2
266 80 11 1
80 140 11 1
140 158 11 1
158 159 11 2
159 19 11 2
19 280 11 2
280 281 11 2
281 285 11 1
285 0 11 0
12 4
0 121 12 2
121 100 12 2
100 90 12 2
90 0 12 0
13 15
0 96 13 1
96 177 13 1
177 275 13 2
275 290 13 0
290 46 13 0
46 260 13 2
260 43 13 2
43 38 13 1
38 92 13 1
92 116 13 0
116 300 13 2
300 273 13 1
273 264 13 2
264 185 13 0
185 0 13 0
14 4
0 39 14 1
39 298 14 1
298 166 14 1
166 0 14 0
15 16
0 9 15 1
9 161 15 0
161 287 15 1
287 132 15 1
132 2 15 0
2 257 15 1
257 261 15 0
261 31 15 1
31 114 15 0
114 286 15 2
286 270 15 1
270 149 15 1
149 65 15 2
65 179 15 0
179 165 15 1
165 0 15 0
16 6
0 278 16 1
278 115 16 0
115 288 16 0
288 256 16 1
256 128 16 1
128 0 16 0
17 3
0 157 17 2
157 16 17 2
16 0 17 0
18 18
0 251 18 5
251 221 18 4
221 212 18 4
212 243 18 3
243 151 18 3
151 244 18 3
244 204 18 3
204 73 18 3
73 239 18 3
239 213 18 3
213 262 18 5
262 187 18 5
187 229 18 3
229 250 18 3
250 134 18 4
134 286 18 3
286 285 18 5
285 0 18 0
19 15
0 221 19 5
221 212 19 5
212 243 19 4
243 263 19 5
263 144 19 5
144 156 19 5
156 257 19 3
257 261 19 5
261 250 19 4
250 18 19 3
18 153 19 3
153 35 19 4
35 270 19 3
270 202 19 4
202 0 19 0
20 12
0 227 20 3
227 8 20 3
8 181 20 5
181 135 20 5
135 289 20 4
289 240 20 3
240 284 20 4
284 183 20 3
183 265 20 4
265 277 20 5
277 247 20 3
247 0 20 0
21 17
0 227 21 4
227 258 21 3
258 255 21 4
255 259 21 3
259 203 21 3
203 94 21 5
94 171 21 4
171 222 21 3
222 234 21 3
234 75 21 5
75 29 21 3
29 216 21 4
216 58 21 4
58 237 21 4
237 148 21 3
148 217 21 4
217 0 21 0
22 10
0 53 22 4
53 225 22 3
225 163 22 5
163 110 22 5
110 169 22 5
169 233 22 3
233 273 22 4
273 219 22 4
219 20 22 5
20 0 22 0
23 7
0 225 23 5
225 119 23 5
119 194 23 5
194 70 23 5
70 279 23 5
279 223 23 5
223 0 23 0
24 16
0 272 24 5
272 283 24 3
283 174 24 3
174 244 24 5
244 204 24 5
204 88 24 3
88 239 24 4
239 213 24 4
213 78 24 3
78 229 24 4
229 188 24 3
188 176 24 4
176 280 24 4
280 281 24 5
281 155 24 4
155 0 24 0
25 16
0 89 25 5
89 211 25 4
211 228 25 3
228 186 25 4
186 107 25 4
107 236 25 3
236 37 25 3
37 23 25 5
23 195 25 3
195 238 25 4
238 296 25 3
296 224 25 3
224 201 25 3
201 288 25 5
288 256 25 5
256 0 25 0
26 14
0 60 26 5
60 299 26 4
299 126 26 5
126 248 26 3
248 220 26 5
220 52 26 4
52 152 26 3
152 51 26 5
51 295 26 4
295 30 26 4
30 233 26 4
233 219 26 5
219 264 26 5
264 0 26 0
27 8
0 211 27 5
211 228 27 4
228 62 27 4
62 236 27 4
236 238 27 5
238 224 27 5
224 201 27 4
201 0 27 0
28 19
0 207 28 4
207 231 28 3
231 214 28 3
214 206 28 4
206 242 28 3
242 208 28 3
208 203 28 4
203 81 28 3
81 222 28 4
222 234 28 5
234 282 28 3
282 246 28 3
246 209 28 3
209 205 28 3
205 109 28 5
109 292 28 4
292 74 28 4
74 202 28 5
202 0 28 0
29 21
0 207 29 5
207 231 29 4
231 214 29 5
214 206 29 5
206 242 29 4
242 208 29 4
208 49 29 4
49 27 29 4
27 124 29 4
124 68 29 4
68 170 29 3
170 84 29 4
84 5 29 3
5 246 29 4
246 209 29 4
209 205 29 4
205 130 29 3
130 184 29 5
184 253 29 3
253 226 29 4
226 0 29 0
30 16
0 297 30 4
297 77 30 4
77 28 30 5
28 274 30 3
274 13 30 4
13 218 30 3
218 48 30 3
48 269 30 4
269 216 30 5
216 125 30 4
125 267 30 5
267 237 30 5
237 268 30 3
268 235 30 4
235 217 30 5
217 0 30 0
31 21
0 104 31 3
104 254 31 5
254 287 31 5
287 200 31 5
200 118 31 4
118 240 31 5
240 218 31 5
218 266 31 4
266 252 31 5
252 25 31 4
25 122 31 3
122 111 31 4
111 150 31 4
150 232 31 3
232 139 31 3
139 47 31 4
47 291 31 3
291 24 31 4
24 178 31 5
178 223 31 3
223 0 31 0
32 20
0 230 32 3
230 137 32 3
137 275 32 4
275 1 32 4
1 276 32 5
276 22 32 3
22 294 32 5
294 101 32 3
101 99 32 4
99 98 32 4
98 95 32 3
95 271 32 4
271 85 32 4
85 76 32 3
76 232 32 5
232 55 32 5
55 79 32 3
79 235 32 5
235 226 32 5
226 0 32 0
33 9
0 241 33 4
241 293 33 4
293 248 33 4
248 220 33 4
220 63 33 4
63 102 33 3
102 249 33 3
249 245 33 3
245 0 33 0
34 7
0 210 34 4
210 298 34 4
298 69 34 4
69 86 34 3
86 143 34 4
143 192 34 4
192 0 34 0
35 14
0 230 35 5
230 241 35 5
241 50 35 5
50 93 35 3
93 290 35 3
290 127 35 5
127 190 35 4
190 141 35 4
141 112 35 5
112 260 35 4
260 300 35 5
300 142 35 4
142 87 35 4
87 0 35 0
36 6
0 210 36 5
210 64 36 3
64 249 36 4
249 245 36 4
245 164 36 5
164 0 36 0
37 3
0 278 37 3
278 247 37 5
247 0 37 0
38 2
0 215 38 3
215 0 38 0
39 2
0 215 39 5
215 0 39 0
