# Solution for ../instances-HHCRSP/InstanzVNS_HCSRP_100_10.txt
# Cost = 843.379 Dist = 2523.46 Tard = 4.70032 TMax = 1.97751
# <vehicle> <route length>
# <origin node> <dest node> <vehicle> <service type>
0 12
0 89 0 0
89 2 0 0
2 86 0 0
86 58 0 0
58 24 0 2
24 32 0 2
32 47 0 0
47 99 0 2
99 14 0 0
14 66 0 0
66 28 0 2
28 0 0 0
1 5
0 100 1 1
100 87 1 1
87 18 1 1
18 97 1 1
97 0 1 0
2 8
0 70 2 2
70 57 2 2
57 61 2 2
61 34 2 2
34 96 2 2
96 31 2 2
31 92 2 2
92 0 2 0
3 3
0 94 3 2
94 29 3 2
29 0 3 0
4 12
0 63 4 2
63 22 4 1
22 90 4 1
90 91 4 2
91 88 4 1
88 27 4 2
27 36 4 1
36 43 4 2
43 42 4 1
42 30 4 2
30 59 4 2
59 0 4 0
5 15
0 33 5 0
33 64 5 1
64 11 5 1
11 7 5 1
7 4 5 0
4 26 5 1
26 93 5 1
93 16 5 0
16 62 5 0
62 44 5 0
44 19 5 1
19 95 5 0
95 60 5 0
60 48 5 0
48 0 5 0
6 5
0 50 6 1
50 35 6 1
35 98 6 1
98 40 6 1
40 0 6 0
7 8
0 20 7 4
20 37 7 4
37 86 7 3
86 96 7 3
96 74 7 3
74 81 7 3
81 79 7 4
79 0 7 0
8 9
0 89 8 5
89 85 8 3
85 49 8 5
49 84 8 3
84 98 8 5
98 95 8 5
95 81 8 5
81 79 8 3
79 0 8 0
9 14
0 5 9 4
5 12 9 5
12 78 9 3
78 39 9 3
39 3 9 3
3 6 9 4
6 8 9 4
8 1 9 3
1 23 9 3
23 10 9 4
10 21 9 5
21 75 9 4
75 77 9 4
77 0 9 0
10 10
0 100 10 4
100 53 10 3
53 87 10 4
87 71 10 4
71 65 10 4
65 84 10 4
84 76 10 3
76 82 10 3
82 17 10 4
17 0 10 0
11 10
0 78 11 4
78 38 11 4
38 93 11 4
93 9 11 3
9 74 11 4
74 69 11 5
69 13 11 3
13 75 11 5
75 77 11 5
77 0 11 0
12 5
0 85 12 4
85 97 12 3
97 76 12 4
76 82 12 4
82 0 12 0
13 1
0 0 13 0
14 16
0 73 14 3
73 94 14 4
94 80 14 3
80 83 14 3
83 15 14 3
15 68 14 5
68 90 14 5
90 91 14 4
91 52 14 5
52 88 14 3
88 56 14 5
56 51 14 5
51 67 14 4
67 72 14 3
72 54 14 5
54 0 14 0
15 2
0 92 15 3
92 0 15 0
16 8
0 73 16 4
73 80 16 5
80 71 16 5
71 46 16 5
46 25 16 5
25 41 16 5
41 55 16 5
55 0 16 0
17 5
0 45 17 4
45 83 17 4
83 99 17 5
99 72 17 5
72 0 17 0
18 1
0 0 18 0
19 1
0 0 19 0
