# Solution for ../instances-HHCRSP/InstanzCPLEX_HCSRP_75_8.txt
# Cost = 672.19 Dist = 1999.83 Tard = 12.4211 TMax = 4.31851
# <vehicle> <route length>
# <origin node> <dest node> <vehicle> <service type>
0 12
0 65 0 0
65 45 0 2
45 10 0 0
10 11 0 0
11 21 0 0
21 23 0 2
23 17 0 0
17 6 0 2
6 12 0 2
12 71 0 0
71 5 0 0
5 0 0 0
1 11
0 42 1 0
42 33 1 1
33 22 1 1
22 40 1 0
40 64 1 0
64 44 1 1
44 48 1 1
48 51 1 0
51 72 1 1
72 18 1 1
18 0 1 0
2 3
0 66 2 0
66 16 2 0
16 0 2 0
3 9
0 68 3 1
68 74 3 1
74 36 3 1
36 4 3 1
4 32 3 1
32 67 3 1
67 27 3 1
27 73 3 2
73 0 3 0
4 6
0 70 4 2
70 75 4 2
75 13 4 2
13 46 4 2
46 69 4 2
69 0 4 0
5 13
0 61 5 3
61 60 5 3
60 55 5 3
55 70 5 3
70 64 5 4
64 24 5 4
24 53 5 3
53 47 5 4
47 39 5 4
39 72 5 3
72 69 5 4
69 35 5 4
35 0 5 0
6 14
0 49 6 5
49 8 6 5
8 25 6 5
25 65 6 4
65 1 6 4
1 54 6 4
54 56 6 3
56 58 6 3
58 38 6 4
38 37 6 5
37 62 6 3
62 3 6 4
3 73 6 3
73 0 6 0
7 10
0 61 7 4
61 60 7 4
60 43 7 4
43 54 7 5
54 56 7 4
56 58 7 4
58 67 7 5
67 2 7 4
2 52 7 4
52 0 7 0
8 9
0 57 8 3
57 59 8 3
59 68 8 3
68 50 8 4
50 14 8 5
14 63 8 3
63 74 8 5
74 29 8 3
29 0 8 0
9 9
0 57 9 5
57 59 9 5
59 63 9 5
63 26 9 3
26 20 9 3
20 19 9 3
19 30 9 5
30 9 9 5
9 0 9 0
10 8
0 7 10 3
7 55 10 5
55 75 10 5
75 53 10 5
53 34 10 5
34 62 10 5
62 71 10 5
71 0 10 0
11 2
0 15 11 4
15 0 11 0
12 5
0 66 12 4
66 28 12 3
28 41 12 5
41 31 12 5
31 0 12 0
13 1
0 0 13 0
14 1
0 0 14 0
