# Solution for ../instances-HHCRSP/InstanzCPLEX_HCSRP_75_4.txt
# Cost = 856.437 Dist = 2056.92 Tard = 399.146 TMax = 113.244
# <vehicle> <route length>
# <origin node> <dest node> <vehicle> <service type>
0 5
0 33 0 0
33 16 0 0
16 44 0 0
44 9 0 0
9 0 0 0
1 17
0 71 1 1
71 74 1 1
74 20 1 0
20 13 1 2
13 40 1 1
40 7 1 1
7 25 1 1
25 73 1 1
73 75 1 1
75 72 1 1
72 70 1 1
70 24 1 1
24 10 1 1
10 36 1 1
36 64 1 1
64 17 1 1
17 0 1 0
2 9
0 15 2 2
15 39 2 0
39 69 2 2
69 50 2 0
50 14 2 2
14 51 2 2
51 18 2 0
18 65 2 2
65 0 2 0
3 7
0 66 3 0
66 1 3 2
1 41 3 0
41 11 3 2
11 34 3 2
34 67 3 2
67 0 3 0
4 4
0 47 4 2
47 12 4 2
12 68 4 2
68 0 4 0
5 8
0 59 5 5
59 30 5 5
30 48 5 5
48 63 5 5
63 21 5 5
21 29 5 5
29 65 5 5
65 0 5 0
6 6
0 55 6 4
55 49 6 4
49 31 6 4
31 68 6 4
68 57 6 4
57 0 6 0
7 12
0 71 7 3
71 55 7 3
55 74 7 3
74 45 7 3
45 60 7 3
60 62 7 3
62 75 7 4
75 56 7 3
56 61 7 3
61 3 7 3
3 64 7 3
64 0 7 0
8 8
0 59 8 4
59 69 8 4
69 27 8 3
27 46 8 4
46 63 8 4
63 19 8 4
19 8 8 4
8 0 8 0
9 6
0 52 9 5
52 38 9 5
38 58 9 5
58 43 9 5
43 53 9 5
53 0 9 0
10 7
0 28 10 3
28 6 10 3
6 54 10 5
54 73 10 3
73 72 10 5
72 61 10 5
61 0 10 0
11 9
0 32 11 3
32 66 11 5
66 23 11 4
23 60 11 5
60 62 11 4
62 56 11 4
56 35 11 3
35 57 11 3
57 0 11 0
12 6
0 54 12 4
54 4 12 4
4 22 12 5
22 70 12 4
70 67 12 5
67 0 12 0
13 2
0 26 13 3
26 0 13 0
14 7
0 42 14 4
42 58 14 3
58 53 14 3
53 5 14 3
5 2 14 4
2 37 14 4
37 0 14 0
