# Solution for ../instances-HHCRSP/InstanzVNS_HCSRP_100_6.txt
# Cost = 811.408 Dist = 2420.43 Tard = 8.31592 TMax = 5.47599
# <vehicle> <route length>
# <origin node> <dest node> <vehicle> <service type>
0 10
0 51 0 2
51 4 0 0
4 60 0 2
60 13 0 0
13 89 0 0
89 33 0 0
33 2 0 0
2 26 0 0
26 41 0 0
41 0 0 0
1 2
0 30 1 2
30 0 1 0
2 7
0 36 2 1
36 18 2 0
18 66 2 0
66 91 2 1
91 99 2 0
99 98 2 1
98 0 2 0
3 14
0 43 3 1
43 88 3 2
88 67 3 2
67 95 3 2
95 3 3 2
3 47 3 2
47 61 3 1
61 94 3 2
94 23 3 1
23 40 3 2
40 87 3 1
87 15 3 1
15 1 3 1
1 0 3 0
4 6
0 44 4 0
44 31 4 2
31 64 4 2
64 92 4 2
92 100 4 2
100 0 4 0
5 7
0 16 5 0
16 86 5 0
86 90 5 2
90 22 5 2
22 59 5 1
59 96 5 0
96 0 5 0
6 11
0 5 6 1
5 25 6 2
25 93 6 2
93 20 6 2
20 97 6 1
97 19 6 1
19 53 6 1
53 24 6 1
24 12 6 2
12 58 6 1
58 0 6 0
7 9
0 8 7 4
8 78 7 4
78 21 7 3
21 77 7 4
77 9 7 4
9 71 7 3
71 72 7 4
72 14 7 3
14 0 7 0
8 8
0 7 8 5
7 78 8 5
78 91 8 3
91 77 8 3
77 69 8 3
69 76 8 5
76 79 8 3
79 0 8 0
9 10
0 11 9 4
11 48 9 4
48 84 9 4
84 74 9 4
74 46 9 4
46 80 9 3
80 87 9 5
87 38 9 5
38 73 9 4
73 0 9 0
10 9
0 6 10 5
6 45 10 5
45 39 10 5
39 92 10 3
92 63 10 3
63 70 10 3
70 85 10 3
85 75 10 5
75 0 10 0
11 8
0 82 11 3
82 65 11 3
65 89 11 3
89 74 11 5
74 94 11 3
94 80 11 4
80 73 11 5
73 0 11 0
12 12
0 82 12 5
82 88 12 3
88 55 12 4
55 95 12 5
95 97 12 4
97 62 12 4
62 32 12 4
32 99 12 5
99 98 12 5
98 76 12 4
76 79 12 5
79 0 12 0
13 7
0 49 13 4
49 86 13 4
86 90 13 3
90 100 13 3
100 85 13 5
85 75 13 4
75 0 13 0
14 5
0 34 14 5
34 37 14 4
37 57 14 3
57 42 14 4
42 0 14 0
15 2
0 81 15 5
81 0 15 0
16 12
0 54 16 3
54 35 16 5
35 27 16 4
27 93 16 5
93 17 16 5
17 84 16 5
84 52 16 3
52 71 16 5
71 72 16 5
72 28 16 5
28 29 16 3
29 0 16 0
17 7
0 50 17 3
50 56 17 5
56 83 17 3
83 68 17 5
68 10 17 5
10 96 17 3
96 0 17 0
18 3
0 83 18 4
83 81 18 4
81 0 18 0
19 1
0 0 19 0
