# Solution for ../instances-HHCRSP/InstanzVNS_HCSRP_200_1.txt
# Cost = 1449.11 Dist = 4321.46 Tard = 19.816 TMax = 6.04159
# <vehicle> <route length>
# <origin node> <dest node> <vehicle> <service type>
0 12
0 139 0 0
139 189 0 0
189 82 0 0
82 101 0 0
101 19 0 0
19 183 0 0
183 185 0 0
185 197 0 0
197 66 0 0
66 196 0 0
196 55 0 0
55 0 0 0
1 14
0 182 1 2
182 17 1 2
17 186 1 2
186 123 1 2
123 193 1 2
193 194 1 2
194 178 1 2
178 59 1 2
59 5 1 2
5 57 1 2
57 131 1 2
131 40 1 2
40 133 1 2
133 0 1 0
2 5
0 190 2 1
190 172 2 1
172 97 2 1
97 171 2 1
171 0 2 0
3 7
0 42 3 2
42 70 3 2
70 67 3 2
67 173 3 2
173 21 3 2
21 22 3 2
22 0 3 0
4 6
0 31 4 1
31 134 4 1
134 13 4 1
13 73 4 1
73 192 4 1
192 0 4 0
5 9
0 177 5 1
177 98 5 1
98 12 5 1
12 111 5 1
111 128 5 1
128 176 5 1
176 58 5 1
58 89 5 1
89 0 5 0
6 12
0 180 6 1
180 81 6 2
81 78 6 1
78 137 6 2
137 56 6 1
56 3 6 1
3 93 6 2
93 41 6 1
41 25 6 2
25 191 6 2
191 7 6 2
7 0 6 0
7 19
0 33 7 0
33 198 7 2
198 104 7 1
104 60 7 2
60 175 7 0
175 62 7 1
62 15 7 0
15 71 7 1
71 188 7 2
188 179 7 0
179 77 7 0
77 48 7 0
48 184 7 2
184 30 7 2
30 200 7 2
200 99 7 2
99 11 7 1
11 53 7 2
53 0 7 0
8 12
0 43 8 1
43 47 8 0
47 120 8 1
120 125 8 0
125 90 8 0
90 187 8 0
187 106 8 0
106 103 8 0
103 195 8 0
195 199 8 0
199 110 8 1
110 0 8 0
9 14
0 181 9 2
181 174 9 0
174 18 9 0
18 61 9 0
61 84 9 0
84 100 9 0
100 105 9 0
105 129 9 2
129 38 9 0
38 92 9 0
92 75 9 0
75 46 9 0
46 107 9 0
107 0 9 0
10 17
0 190 10 5
190 20 10 5
20 172 10 4
172 37 10 3
37 6 10 4
6 160 10 4
160 136 10 4
136 63 10 4
63 119 10 4
119 114 10 5
114 187 10 4
187 144 10 4
144 195 10 4
195 199 10 4
199 116 10 4
116 80 10 5
80 0 10 0
11 9
0 148 11 3
148 149 11 3
149 115 11 3
115 168 11 3
168 176 11 3
176 163 11 3
163 152 11 3
152 44 11 3
44 0 11 0
12 13
0 177 12 5
177 189 12 3
189 166 12 3
166 86 12 5
86 193 12 5
193 194 12 3
194 118 12 5
118 145 12 5
145 113 12 5
113 191 12 3
191 28 12 5
28 164 12 3
164 0 12 0
13 13
0 182 13 4
182 166 13 4
166 186 13 4
186 146 13 4
146 26 13 5
26 85 13 3
85 109 13 3
109 185 13 4
185 72 13 4
72 197 13 5
197 143 13 4
143 4 13 3
4 0 13 0
14 5
0 151 14 4
151 161 14 4
161 155 14 4
155 51 14 4
51 0 14 0
15 11
0 108 15 3
108 180 15 4
180 34 15 4
34 162 15 3
162 145 15 4
145 64 15 3
64 76 15 3
76 158 15 3
158 153 15 3
153 156 15 3
156 0 15 0
16 16
0 50 16 5
50 148 16 4
148 149 16 5
149 146 16 5
146 68 16 4
68 130 16 5
130 162 16 4
162 168 16 5
168 183 16 4
183 163 16 4
163 152 16 5
152 124 16 4
124 143 16 5
143 74 16 4
74 32 16 4
32 0 16 0
17 13
0 117 17 5
117 27 17 4
27 65 17 4
65 160 17 5
160 142 17 3
142 126 17 4
126 165 17 4
165 184 17 5
184 158 17 5
158 153 17 5
153 171 17 5
171 196 17 5
196 0 17 0
18 7
0 122 18 5
122 151 18 3
151 83 18 5
83 52 18 3
52 161 18 5
161 155 18 5
155 0 18 0
19 13
0 198 19 5
198 170 19 5
170 159 19 3
159 45 19 3
45 169 19 3
169 188 19 3
188 179 19 3
179 39 19 3
39 167 19 3
167 36 19 3
36 147 19 5
147 96 19 5
96 0 19 0
20 6
0 95 20 5
95 9 20 4
9 150 20 3
150 87 20 5
87 173 20 4
173 0 20 0
21 11
0 154 21 3
154 14 21 3
14 91 21 3
91 159 21 5
159 175 21 5
175 135 21 3
135 79 21 3
79 167 21 5
167 29 21 3
29 69 21 5
69 0 21 0
22 14
0 154 22 5
154 102 22 4
102 24 22 5
24 170 22 4
170 138 22 3
138 140 22 4
140 54 22 3
54 94 22 4
94 16 22 4
16 142 22 4
142 165 22 5
165 200 22 3
200 156 22 4
156 0 22 0
23 6
0 88 23 5
88 174 23 3
174 141 23 4
141 157 23 4
157 164 23 4
164 0 23 0
24 14
0 181 24 4
181 127 24 3
127 49 24 4
49 169 24 4
169 23 24 4
23 178 24 5
178 35 24 5
35 2 24 4
2 132 24 3
132 1 24 3
1 112 24 4
112 144 24 5
144 147 24 4
147 0 24 0
25 3
0 8 25 4
8 150 25 5
150 0 25 0
26 4
0 10 26 4
10 121 26 4
121 192 26 3
192 0 26 0
27 3
0 141 27 5
141 157 27 5
157 0 27 0
28 1
0 0 28 0
29 1
0 0 29 0
