# Solution for ../instances-HHCRSP/InstanzCPLEX_HCSRP_50_6.txt
# Cost = 845.808 Dist = 1624.87 Tard = 730.214 TMax = 182.338
# <vehicle> <route length>
# <origin node> <dest node> <vehicle> <service type>
0 10
0 16 0 0
16 50 0 0
50 18 0 0
18 33 0 0
33 4 0 0
4 47 0 0
47 13 0 0
13 2 0 0
2 26 0 0
26 0 0 0
1 8
0 5 1 1
5 43 1 1
43 45 1 1
45 15 1 1
15 19 1 1
19 23 1 1
23 1 1 1
1 0 1 0
2 13
0 25 2 2
25 30 2 2
30 31 2 2
31 49 2 0
49 22 2 2
22 44 2 2
44 20 2 2
20 3 2 2
3 46 2 2
46 48 2 2
48 24 2 1
24 12 2 2
12 0 2 0
3 5
0 50 3 5
50 45 3 3
45 42 3 3
42 10 3 5
10 0 3 0
4 7
0 27 4 4
27 11 4 4
11 46 4 3
46 48 4 3
48 38 4 4
38 29 4 3
29 0 4 0
5 7
0 43 5 4
43 36 5 3
36 8 5 4
8 40 5 3
40 32 5 4
32 14 5 3
14 0 5 0
6 7
0 36 6 5
36 35 6 5
35 17 6 5
17 47 6 5
47 38 6 5
38 28 6 5
28 0 6 0
7 6
0 6 7 5
6 49 7 5
49 44 7 4
44 34 7 5
34 41 7 3
41 0 7 0
8 8
0 39 8 5
39 37 8 5
37 7 8 5
7 9 8 4
9 21 8 3
21 40 8 4
40 42 8 5
42 0 8 0
9 4
0 39 9 3
39 37 9 3
37 41 9 4
41 0 9 0
