# Solution for ../instances-HHCRSP/InstanzVNS_HCSRP_100_4.txt
# Cost = 729.67 Dist = 2175.32 Tard = 8.56631 TMax = 5.12474
# <vehicle> <route length>
# <origin node> <dest node> <vehicle> <service type>
0 7
0 13 0 2
13 90 0 0
90 20 0 0
20 89 0 0
89 93 0 2
93 91 0 0
91 0 0 0
1 5
0 97 1 0
97 94 1 0
94 33 1 0
33 18 1 0
18 0 1 0
2 2
0 9 2 0
9 0 2 0
3 9
0 15 3 2
15 69 3 0
69 92 3 2
92 39 3 0
39 50 3 0
50 44 3 0
44 16 3 0
16 63 3 0
63 0 3 0
4 13
0 40 4 1
40 55 4 1
55 88 4 1
88 1 4 2
1 96 4 1
96 62 4 0
62 56 4 2
56 41 4 0
41 100 4 1
100 64 4 0
64 11 4 2
11 17 4 1
17 0 4 0
5 5
0 24 5 1
24 98 5 1
98 86 5 1
86 65 5 1
65 0 5 0
6 14
0 47 6 2
47 7 6 1
7 51 6 2
51 14 6 2
14 54 6 0
54 25 6 1
25 87 6 2
87 34 6 2
34 99 6 1
99 12 6 2
12 95 6 2
95 36 6 1
36 10 6 1
10 0 6 0
7 11
0 74 7 3
74 32 7 3
32 23 7 4
23 88 7 3
88 83 7 3
83 85 7 4
85 73 7 3
73 99 7 4
99 61 7 4
61 100 7 4
100 0 7 0
8 8
0 74 8 4
74 66 8 3
66 45 8 3
45 96 8 4
96 3 8 3
3 72 8 3
72 78 8 4
78 0 8 0
9 10
0 58 9 3
58 82 9 3
82 77 9 3
77 59 9 4
59 84 9 3
84 27 9 3
27 80 9 3
80 29 9 5
29 53 9 5
53 0 9 0
10 6
0 30 10 5
30 92 10 5
92 21 10 5
21 86 10 5
86 8 10 4
8 0 10 0
11 7
0 71 11 4
71 83 11 4
83 85 11 5
85 73 11 5
73 87 11 5
87 57 11 4
57 0 11 0
12 11
0 71 12 5
71 90 12 3
90 49 12 4
49 60 12 4
60 31 12 4
31 68 12 3
68 35 12 3
35 89 12 3
89 72 12 5
72 78 12 5
78 0 12 0
13 4
0 37 13 4
37 76 13 4
76 93 13 4
93 0 13 0
14 8
0 6 14 3
6 28 14 3
28 75 14 4
75 2 14 4
2 81 14 4
81 95 14 3
95 79 14 4
79 0 14 0
15 14
0 52 15 5
52 38 15 5
38 48 15 5
48 82 15 4
82 77 15 5
77 84 15 5
84 43 15 5
43 46 15 4
46 5 15 3
5 75 15 5
75 81 15 5
81 67 15 3
67 26 15 3
26 0 15 0
16 3
0 97 16 3
97 94 16 5
94 0 16 0
17 7
0 42 17 4
42 98 17 3
98 19 17 4
19 80 17 4
80 22 17 5
22 79 17 5
79 0 17 0
18 1
0 0 18 0
19 5
0 4 19 4
4 70 19 5
70 76 19 3
76 91 19 5
91 0 19 0
