# Solution for ../instances-HHCRSP/InstanzVNS_HCSRP_300_4.txt
# Cost = 1616.57 Dist = 4833.69 Tard = 12.8711 TMax = 3.15908
# <vehicle> <route length>
# <origin node> <dest node> <vehicle> <service type>
0 14
0 270 0 1
270 71 0 1
71 90 0 1
90 279 0 0
279 139 0 1
139 191 0 1
191 262 0 0
262 290 0 0
290 288 0 0
288 292 0 0
292 167 0 1
167 17 0 1
17 95 0 1
95 0 0 0
1 8
0 263 1 0
263 285 1 0
285 69 1 0
69 186 1 0
186 44 1 0
44 18 1 0
18 100 1 0
100 0 1 0
2 9
0 173 2 1
173 54 2 0
54 253 2 1
253 295 2 0
295 181 2 0
181 165 2 0
165 294 2 0
294 81 2 1
81 0 2 0
3 14
0 283 3 2
283 122 3 2
122 33 3 0
33 284 3 2
284 149 3 0
149 77 3 1
77 16 3 0
16 148 3 2
148 286 3 1
286 137 3 1
137 255 3 2
255 102 3 0
102 252 3 1
252 0 3 0
4 15
0 273 4 2
273 300 4 0
300 266 4 0
266 105 4 0
105 123 4 2
123 20 4 0
20 125 4 2
125 72 4 2
72 121 4 0
121 56 4 2
56 85 4 0
85 178 4 0
178 291 4 0
291 265 4 0
265 0 4 0
5 12
0 7 5 1
7 166 5 2
166 155 5 1
155 94 5 1
94 14 5 2
14 168 5 1
168 152 5 2
152 24 5 1
24 268 5 1
268 132 5 1
132 146 5 1
146 0 5 0
6 14
0 275 6 2
275 39 6 0
39 92 6 1
92 50 6 0
50 144 6 2
144 84 6 2
84 257 6 2
257 113 6 2
113 162 6 0
162 280 6 0
280 140 6 1
140 65 6 1
65 296 6 0
296 0 6 0
7 7
0 251 7 2
251 183 7 2
183 277 7 2
277 87 7 2
87 258 7 2
258 34 7 2
34 0 7 0
8 12
0 261 8 2
261 163 8 1
163 289 8 2
289 174 8 1
174 197 8 2
197 88 8 2
88 269 8 1
269 89 8 2
89 99 8 1
99 111 8 1
111 142 8 1
142 0 8 0
9 6
0 15 9 2
15 185 9 2
185 98 9 2
98 86 9 2
86 112 9 2
112 0 9 0
10 15
0 160 10 1
160 106 10 2
106 287 10 2
287 13 10 2
13 158 10 2
158 278 10 1
278 264 10 2
264 254 10 1
254 271 10 2
271 12 10 2
12 25 10 1
25 176 10 2
176 135 10 1
135 36 10 1
36 0 10 0
11 6
0 157 11 0
157 293 11 0
293 127 11 0
127 63 11 0
63 120 11 0
120 0 11 0
12 9
0 170 12 0
170 47 12 2
47 298 12 0
298 51 12 2
51 108 12 0
108 184 12 2
184 76 12 2
76 282 12 2
282 0 12 0
13 16
0 55 13 1
55 259 13 1
259 260 13 0
260 128 13 2
128 1 13 2
1 281 13 2
281 297 13 2
297 62 13 0
62 41 13 0
41 299 13 2
299 192 13 1
192 256 13 1
256 64 13 0
64 276 13 1
276 11 13 2
11 0 13 0
14 3
0 130 14 0
130 9 14 0
9 0 14 0
15 2
0 195 15 2
195 0 15 0
16 8
0 40 16 1
40 267 16 1
267 272 16 1
272 274 16 1
274 10 16 1
10 109 16 1
109 193 16 1
193 0 16 0
17 1
0 0 17 0
18 16
0 283 18 5
283 48 18 5
48 284 18 5
284 59 18 4
59 245 18 3
245 201 18 4
201 241 18 4
241 232 18 4
232 187 18 3
187 205 18 4
205 19 18 4
19 188 18 4
188 255 18 5
255 224 18 3
224 182 18 3
182 0 18 0
19 14
0 74 19 5
74 270 19 5
270 273 19 4
273 230 19 5
230 49 19 4
49 238 19 5
238 237 19 4
237 243 19 4
243 239 19 5
239 223 19 5
223 240 19 5
240 235 19 4
235 225 19 5
225 0 19 0
20 10
0 263 20 5
263 246 20 4
246 131 20 4
131 245 20 5
245 153 20 4
153 5 20 3
5 205 20 5
205 280 20 5
280 252 20 4
252 0 20 0
21 9
0 215 21 4
215 242 21 4
242 293 21 5
293 233 21 4
233 274 21 5
274 229 21 4
229 221 21 4
221 292 21 4
292 0 21 0
22 8
0 215 22 3
215 242 22 3
242 107 22 3
107 267 22 3
267 272 22 4
272 229 22 5
229 221 22 5
221 0 22 0
23 16
0 206 23 3
206 230 23 3
230 289 23 3
289 238 23 3
238 60 23 4
60 260 23 4
260 281 23 5
281 297 23 5
297 104 23 4
104 299 23 3
299 235 23 5
235 96 23 3
96 61 23 4
61 208 23 4
208 236 23 3
236 0 23 0
24 15
0 206 24 5
206 300 24 3
300 266 24 5
266 179 24 3
179 45 24 3
45 143 24 5
143 156 24 3
156 214 24 3
214 117 24 3
117 169 24 5
169 220 24 3
220 218 24 4
218 222 24 4
222 291 24 5
291 0 24 0
25 17
0 248 25 4
248 213 25 3
213 116 25 3
116 287 25 3
287 6 25 3
6 227 25 3
227 210 25 3
210 175 25 4
175 189 25 5
189 22 25 5
22 115 25 4
115 4 25 4
4 151 25 5
151 91 25 5
91 26 25 3
26 200 25 4
200 0 25 0
26 13
0 248 26 5
248 213 26 5
213 227 26 4
227 210 26 5
210 278 26 3
278 264 26 4
264 219 26 4
219 217 26 3
217 159 26 3
159 250 26 3
250 265 26 4
265 136 26 3
136 0 26 0
27 15
0 161 27 5
161 244 27 3
244 228 27 3
228 114 27 5
114 198 27 4
198 190 27 3
190 194 27 4
194 119 27 3
119 277 27 5
277 290 27 5
290 171 27 4
171 73 27 3
73 249 27 3
249 294 27 4
294 0 27 0
28 10
0 246 28 5
246 231 28 4
231 202 28 4
202 204 28 3
204 46 28 4
46 21 28 5
21 53 28 5
53 207 28 3
207 296 28 4
296 0 28 0
29 16
0 244 29 4
244 228 29 5
228 212 29 3
212 259 29 5
259 226 29 3
226 83 29 5
83 237 29 5
237 243 29 3
243 239 29 3
239 223 29 3
223 240 29 3
240 3 29 3
3 256 29 5
256 208 29 5
208 236 29 4
236 0 29 0
30 11
0 58 30 3
58 275 30 5
275 82 30 3
82 285 30 3
285 231 30 5
231 202 30 5
202 204 30 5
204 257 30 3
257 180 30 3
180 207 30 5
207 0 30 0
31 16
0 203 31 4
203 177 31 4
177 251 31 5
251 261 31 4
261 279 31 3
279 31 31 4
31 196 31 5
196 216 31 4
216 254 31 5
254 68 31 3
68 214 31 4
214 269 31 4
269 129 31 5
129 78 31 3
78 110 31 5
110 0 31 0
32 10
0 203 32 5
203 147 32 5
147 209 32 3
209 211 32 5
211 134 32 3
134 249 32 5
249 220 32 5
220 218 32 5
218 222 32 5
222 0 32 0
33 13
0 32 33 3
32 66 33 3
66 23 33 4
23 212 33 4
212 226 33 5
226 262 33 5
262 216 33 5
216 271 33 3
271 219 33 5
219 217 33 5
217 250 33 4
250 57 33 4
57 0 33 0
34 10
0 38 34 5
38 30 34 5
30 201 34 5
201 241 34 3
241 232 34 5
232 29 34 5
29 43 34 5
43 286 34 3
286 224 34 5
224 0 34 0
35 15
0 97 35 4
97 42 35 4
42 52 35 5
52 126 35 4
126 164 35 3
164 298 35 3
298 133 35 3
133 268 35 5
268 37 35 4
37 79 35 4
79 138 35 4
138 8 35 4
8 154 35 3
154 2 35 4
2 0 35 0
36 11
0 145 36 4
145 209 36 4
209 211 36 4
211 288 36 3
288 258 36 3
258 150 36 4
150 35 36 3
35 118 36 3
118 225 36 3
225 276 36 3
276 0 36 0
37 11
0 28 37 3
28 103 37 4
103 253 37 3
253 295 37 5
295 93 37 4
93 199 37 5
199 124 37 5
124 70 37 5
70 282 37 3
282 67 37 3
67 0 37 0
38 8
0 27 38 3
27 247 38 3
247 75 38 3
75 233 38 5
233 172 38 3
172 234 38 3
234 141 38 4
141 0 38 0
39 5
0 247 39 4
247 101 39 4
101 80 39 5
80 234 39 4
234 0 39 0
