# Solution for ../instances-HHCRSP/InstanzVNS_HCSRP_100_2.txt
# Cost = 873.432 Dist = 2596.35 Tard = 14.7771 TMax = 9.16711
# <vehicle> <route length>
# <origin node> <dest node> <vehicle> <service type>
0 4
0 46 0 0
46 57 0 0
57 6 0 0
6 0 0 0
1 11
0 96 1 1
96 93 1 2
93 36 1 2
36 40 1 2
40 99 1 1
99 33 1 1
33 98 1 1
98 95 1 1
95 56 1 1
56 4 1 1
4 0 1 0
2 18
0 89 2 1
89 14 2 0
14 54 2 1
54 61 2 2
61 91 2 0
91 94 2 2
94 88 2 2
88 2 2 0
2 66 2 2
66 31 2 1
31 34 2 2
34 15 2 2
15 10 2 0
10 65 2 2
65 97 2 2
97 42 2 1
42 32 2 0
32 0 2 0
3 4
0 39 3 1
39 92 3 1
92 100 3 1
100 0 3 0
4 5
0 59 4 2
59 43 4 2
43 3 4 2
3 16 4 2
16 0 4 0
5 8
0 26 5 0
26 11 5 2
11 45 5 0
45 41 5 2
41 19 5 2
19 12 5 2
12 21 5 0
21 0 5 0
6 10
0 9 6 1
9 17 6 1
17 67 6 0
67 44 6 1
44 38 6 1
38 90 6 1
90 86 6 0
86 87 6 1
87 7 6 0
7 0 6 0
7 12
0 53 7 4
53 28 7 5
28 81 7 3
81 73 7 3
73 48 7 3
48 25 7 4
25 22 7 3
22 76 7 3
76 85 7 5
85 24 7 4
24 95 7 4
95 0 7 0
8 12
0 81 8 5
81 73 8 5
73 49 8 4
49 68 8 4
68 27 8 4
27 84 8 4
84 78 8 3
78 5 8 3
5 18 8 3
18 35 8 4
35 74 8 4
74 0 8 0
9 11
0 96 9 5
96 62 9 4
62 93 9 4
93 63 9 4
63 52 9 4
52 90 9 3
90 86 9 3
86 87 9 4
87 64 9 3
64 82 9 3
82 0 9 0
10 10
0 71 10 4
71 77 10 4
77 91 10 3
91 94 10 3
94 80 10 3
80 75 10 3
75 29 10 3
29 76 10 4
76 85 10 3
85 0 10 0
11 8
0 71 11 5
71 77 11 3
77 8 11 3
8 72 11 3
72 79 11 3
79 55 11 5
55 74 11 3
74 0 11 0
12 15
0 50 12 5
50 89 12 5
89 1 12 4
1 72 12 4
72 13 12 4
13 80 12 4
80 75 12 4
75 84 12 5
84 78 12 4
78 88 12 5
88 58 12 4
58 79 12 4
79 97 12 4
97 47 12 4
47 0 12 0
13 4
0 60 13 5
60 100 13 4
100 69 13 4
69 0 13 0
14 6
0 83 14 4
83 51 14 5
51 30 14 4
30 92 14 4
92 20 14 5
20 0 14 0
15 8
0 83 15 5
83 70 15 5
70 99 15 4
99 23 15 5
23 98 15 3
98 37 15 3
37 82 15 4
82 0 15 0
16 1
0 0 16 0
17 1
0 0 17 0
18 1
0 0 18 0
19 1
0 0 19 0
