# Solution for ../instances-HHCRSP/InstanzVNS_HCSRP_200_2.txt
# Cost = 1373.79 Dist = 4051.62 Tard = 57.5096 TMax = 12.2473
# <vehicle> <route length>
# <origin node> <dest node> <vehicle> <service type>
0 14
0 190 0 0
190 177 0 1
177 186 0 1
186 131 0 1
131 54 0 1
54 183 0 1
183 80 0 1
80 113 0 1
113 56 0 1
56 4 0 1
4 33 0 1
33 32 0 0
32 82 0 1
82 0 0 0
1 8
0 193 1 2
193 72 1 2
72 180 1 2
180 19 1 2
19 41 1 2
41 103 1 2
103 36 1 2
36 0 1 0
2 17
0 198 2 0
198 91 2 0
91 182 2 0
182 11 2 2
11 26 2 0
26 136 2 2
136 196 2 0
196 2 2 0
2 45 2 0
45 114 2 0
114 65 2 2
65 10 2 0
10 106 2 0
106 12 2 2
12 21 2 0
21 184 2 2
184 0 2 0
3 17
0 108 3 1
108 174 3 2
174 172 3 1
172 132 3 1
132 61 3 2
61 181 3 1
181 171 3 1
171 140 3 1
140 138 3 1
138 34 3 2
34 66 3 2
66 129 3 1
129 187 3 2
187 15 3 2
15 176 3 2
176 179 3 2
179 0 3 0
4 6
0 189 4 2
189 121 4 2
121 90 4 2
90 16 4 2
16 100 4 2
100 0 4 0
5 8
0 39 5 1
39 200 5 1
200 92 5 1
92 38 5 1
38 116 5 0
116 185 5 1
185 192 5 0
192 0 5 0
6 10
0 96 6 1
96 9 6 1
9 71 6 1
71 14 6 0
14 173 6 1
173 133 6 1
133 188 6 1
188 31 6 1
31 105 6 0
105 0 6 0
7 5
0 59 7 2
59 3 7 2
3 175 7 2
175 43 7 2
43 0 7 0
8 12
0 46 8 0
46 123 8 1
123 199 8 0
199 83 8 0
83 115 8 0
115 117 8 1
117 191 8 0
191 6 8 0
6 57 8 0
57 128 8 1
128 7 8 0
7 0 8 0
9 12
0 120 9 1
120 17 9 1
17 67 9 0
67 44 9 1
44 194 9 1
194 40 9 2
40 197 9 0
197 195 9 1
195 178 9 2
178 97 9 2
97 42 9 1
42 0 9 0
10 15
0 146 10 4
146 174 10 5
174 172 10 5
172 151 10 4
151 49 10 4
49 68 10 4
68 27 10 4
27 196 10 4
196 84 10 4
84 124 10 4
124 188 10 4
188 149 10 4
149 74 10 4
74 155 10 4
155 0 10 0
11 13
0 190 11 3
190 177 11 5
177 186 11 3
186 193 11 4
193 98 11 4
98 119 11 5
119 70 11 5
70 194 11 3
194 37 11 3
37 95 11 3
95 169 11 3
169 185 11 5
185 0 11 0
12 21
0 146 12 5
146 198 12 3
198 135 12 5
135 173 12 3
173 147 12 3
147 145 12 4
145 156 12 3
156 144 12 4
144 73 12 3
73 167 12 4
167 88 12 3
88 29 12 3
29 160 12 3
160 159 12 4
159 111 12 4
111 150 12 3
150 130 12 3
130 184 12 4
184 139 12 3
139 47 12 4
47 0 12 0
13 10
0 127 13 5
127 51 13 5
51 81 13 3
81 122 13 3
122 160 13 5
160 159 13 3
159 150 13 5
150 55 13 5
55 79 13 3
79 0 13 0
14 19
0 1 14 4
1 118 14 4
118 77 14 4
77 8 14 3
8 151 14 3
151 182 14 3
182 158 14 4
158 94 14 5
94 170 14 4
170 153 14 4
153 5 14 3
5 134 14 4
134 78 14 3
78 187 14 3
187 109 14 5
109 176 14 3
176 155 14 3
155 179 14 3
179 0 14 0
15 2
0 30 15 4
30 0 15 0
16 14
0 161 16 3
161 13 16 4
13 168 16 3
168 48 16 3
48 181 16 4
181 75 16 5
75 171 16 5
171 158 16 5
158 170 16 5
170 153 16 5
153 18 16 3
18 35 16 4
35 149 16 5
149 0 16 0
17 13
0 161 17 4
161 168 17 4
168 147 17 5
147 145 17 5
145 156 17 5
156 144 17 5
144 167 17 5
167 25 17 4
25 58 17 4
58 197 17 4
197 195 17 4
195 178 17 4
178 0 17 0
18 6
0 157 18 4
157 141 18 4
141 163 18 4
163 152 18 4
152 169 18 4
169 0 18 0
19 17
0 137 19 3
137 189 19 3
189 157 19 5
157 102 19 3
102 141 19 5
141 163 19 3
163 152 19 5
152 112 19 5
112 175 19 3
175 86 19 3
86 164 19 3
164 143 19 3
143 64 19 3
64 142 19 3
142 87 19 4
87 166 19 4
166 0 19 0
20 15
0 93 20 3
93 50 20 5
50 104 20 3
104 53 20 4
53 199 20 5
199 52 20 4
52 99 20 4
99 85 20 4
85 101 20 3
101 23 20 5
23 164 20 5
164 143 20 5
143 142 20 4
142 166 20 5
166 0 20 0
21 15
0 126 21 5
126 89 21 5
89 154 21 5
154 110 21 5
110 62 21 4
62 162 21 4
162 107 21 4
107 191 21 5
191 183 21 4
183 125 21 4
125 180 21 4
180 165 21 4
165 148 21 5
148 24 21 4
24 0 21 0
22 6
0 200 22 3
200 60 22 5
60 69 22 4
69 20 22 5
20 192 22 3
192 0 22 0
23 8
0 154 23 3
154 162 23 5
162 22 23 3
22 28 23 5
28 165 23 3
165 148 23 3
148 76 23 3
76 0 23 0
24 2
0 63 24 4
63 0 24 0
25 1
0 0 25 0
26 1
0 0 26 0
27 1
0 0 27 0
28 1
0 0 28 0
29 1
0 0 29 0
