# Solution for ../instances-HHCRSP/InstanzVNS_HCSRP_100_3.txt
# Cost = 808.247 Dist = 2424.74 Tard = 0 TMax = 0
# <vehicle> <route length>
# <origin node> <dest node> <vehicle> <service type>
0 9
0 23 0 1
23 88 0 1
88 10 0 1
10 100 0 1
100 89 0 1
89 95 0 0
95 38 0 0
38 65 0 1
65 0 0 0
1 7
0 34 1 0
34 22 1 0
22 59 1 0
59 6 1 0
6 94 1 0
94 86 1 0
86 0 1 0
2 9
0 50 2 2
50 9 2 1
9 98 2 2
98 90 2 1
90 62 2 1
62 21 2 1
21 92 2 1
92 97 2 2
97 0 2 0
3 8
0 26 3 1
26 20 3 1
20 4 3 1
4 63 3 1
63 41 3 1
41 93 3 1
93 3 3 0
3 0 3 0
4 9
0 61 4 2
61 2 4 2
2 1 4 2
1 91 4 2
91 69 4 2
69 29 4 2
29 64 4 2
64 99 4 2
99 0 4 0
5 15
0 96 5 0
96 35 5 2
35 33 5 0
33 40 5 1
40 47 5 2
47 45 5 2
45 17 5 0
17 43 5 2
43 67 5 1
67 5 5 0
5 31 5 2
31 87 5 0
87 60 5 0
60 54 5 1
54 0 5 0
6 2
0 68 6 0
68 0 6 0
7 10
0 71 7 3
71 74 7 3
74 7 7 3
7 84 7 3
84 51 7 3
51 82 7 3
82 52 7 3
52 87 7 3
87 11 7 3
11 0 7 0
8 13
0 71 8 4
71 44 8 4
44 55 8 3
55 74 8 4
74 98 8 4
98 90 8 3
90 12 8 4
12 8 8 4
8 82 8 5
82 94 8 5
94 86 8 5
86 99 8 5
99 0 8 0
9 7
0 27 9 5
27 28 9 5
28 100 9 3
100 95 9 5
95 81 9 4
81 39 9 3
39 0 9 0
10 5
0 88 10 5
88 73 10 5
73 48 10 5
48 77 10 3
77 0 10 0
11 6
0 42 11 5
42 83 11 5
83 91 11 5
91 79 11 5
79 30 11 5
30 0 11 0
12 10
0 36 12 3
36 56 12 4
56 58 12 4
58 13 12 5
13 18 12 3
18 19 12 4
19 76 12 4
76 14 12 4
14 72 12 4
72 0 12 0
13 6
0 80 13 3
80 85 13 3
85 75 13 5
75 32 13 5
32 78 13 5
78 0 13 0
14 9
0 16 14 4
16 83 14 4
83 92 14 4
92 79 14 3
79 46 14 4
46 73 14 4
73 97 14 4
97 53 14 3
53 0 14 0
15 8
0 80 15 4
80 85 15 5
85 75 15 4
75 84 15 4
84 66 15 3
66 57 15 3
57 78 15 4
78 0 15 0
16 6
0 96 16 5
96 70 16 5
70 93 16 4
93 76 16 5
76 72 16 5
72 0 16 0
17 2
0 15 17 3
15 0 17 0
18 6
0 49 18 4
49 24 18 5
24 89 18 3
89 81 18 5
81 77 18 4
77 0 18 0
19 3
0 37 19 3
37 25 19 4
25 0 19 0
