# Solution for ../instances-HHCRSP/InstanzVNS_HCSRP_200_7.txt
# Cost = 1156.25 Dist = 3459.65 Tard = 6.92711 TMax = 2.18034
# <vehicle> <route length>
# <origin node> <dest node> <vehicle> <service type>
0 12
0 11 0 0
11 189 0 2
189 172 0 0
172 65 0 2
65 75 0 2
75 108 0 0
108 196 0 2
196 80 0 2
80 57 0 0
57 197 0 0
197 186 0 0
186 0 0 0
1 12
0 18 1 0
18 100 1 1
100 45 1 1
45 129 1 1
129 97 1 0
97 195 1 1
195 59 1 0
59 39 1 0
39 175 1 0
175 12 1 0
12 15 1 1
15 0 1 0
2 12
0 131 2 2
131 114 2 0
114 2 2 2
2 51 2 0
51 42 2 2
42 77 2 0
77 90 2 2
90 140 2 0
140 130 2 2
130 187 2 2
187 63 2 0
63 0 2 0
3 3
0 191 3 2
191 86 3 2
86 0 3 0
4 8
0 64 4 1
64 40 4 2
40 194 4 2
194 79 4 1
79 115 4 2
115 26 4 2
26 134 4 2
134 0 4 0
5 10
0 124 5 1
124 188 5 2
188 183 5 1
183 176 5 2
176 36 5 2
36 54 5 2
54 106 5 1
106 22 5 2
22 173 5 1
173 0 5 0
6 8
0 72 6 0
72 192 6 0
192 50 6 0
50 10 6 0
10 101 6 0
101 179 6 0
179 76 6 0
76 0 6 0
7 19
0 82 7 0
82 99 7 1
99 200 7 0
200 198 7 1
198 53 7 0
53 113 7 1
113 25 7 2
25 93 7 1
93 185 7 0
185 180 7 2
180 67 7 2
67 127 7 0
127 181 7 2
181 9 7 0
9 184 7 2
184 33 7 1
33 190 7 2
190 199 7 1
199 0 7 0
8 14
0 178 8 1
178 24 8 1
24 105 8 1
105 193 8 0
193 38 8 0
38 14 8 1
14 78 8 1
78 68 8 1
68 182 8 0
182 174 8 0
174 46 8 1
46 177 8 1
177 85 8 1
85 0 8 0
9 6
0 136 9 2
136 171 9 0
171 29 9 0
29 102 9 0
102 13 9 0
13 0 9 0
10 13
0 141 10 4
141 23 10 3
23 157 10 4
157 73 10 3
73 164 10 4
164 6 10 4
6 37 10 4
37 175 10 3
175 110 10 3
110 44 10 3
44 60 10 3
60 103 10 3
103 0 10 0
11 15
0 141 11 5
141 121 11 3
121 157 11 3
157 20 11 3
20 34 11 3
34 98 11 3
98 146 11 3
146 19 11 3
19 159 11 5
159 27 11 3
27 144 11 3
144 156 11 5
156 153 11 3
153 152 11 5
152 0 11 0
12 7
0 89 12 5
89 176 12 3
176 146 12 5
146 48 12 3
48 187 12 5
187 173 12 3
173 0 12 0
13 14
0 95 13 4
95 116 13 5
116 31 13 3
31 147 13 4
147 166 13 3
166 148 13 3
148 126 13 3
126 55 13 4
55 96 13 5
96 117 13 5
117 111 13 4
111 16 13 4
16 107 13 5
107 0 13 0
14 16
0 21 14 4
21 143 14 3
143 189 14 4
189 172 14 3
172 1 14 4
1 147 14 5
147 166 14 4
166 148 14 5
148 52 14 3
52 91 14 4
91 182 14 5
182 155 14 3
155 149 14 4
149 71 14 4
71 7 14 4
7 0 14 0
15 13
0 143 15 4
143 120 15 3
120 193 15 3
193 32 15 3
32 194 15 4
194 62 15 3
62 70 15 5
70 30 15 5
30 158 15 3
158 197 15 4
197 112 15 5
112 186 15 3
186 0 15 0
16 12
0 137 16 4
137 160 16 4
160 139 16 5
139 165 16 4
165 170 16 4
170 191 16 5
191 142 16 4
142 162 16 5
162 164 16 5
164 161 16 4
161 163 16 5
163 0 16 0
17 14
0 81 17 4
81 56 17 4
56 178 17 5
178 168 17 3
168 3 17 3
3 109 17 4
109 145 17 3
145 41 17 5
41 118 17 4
118 119 17 5
119 69 17 5
69 158 17 4
158 8 17 5
8 0 17 0
18 14
0 160 18 3
160 58 18 3
58 200 18 5
200 198 18 3
198 5 18 4
5 135 18 5
135 43 18 3
43 185 18 4
185 180 18 3
180 28 18 4
28 169 18 3
169 181 18 4
181 184 18 3
184 0 18 0
19 16
0 123 19 3
123 188 19 4
188 183 19 3
183 49 19 4
49 192 19 3
192 4 19 4
4 104 19 4
104 74 19 4
74 159 19 4
159 84 19 4
84 17 19 3
17 144 19 4
144 156 19 3
156 153 19 4
153 152 19 3
152 0 19 0
20 12
0 165 20 3
165 170 20 5
170 195 20 3
195 142 20 3
142 162 20 3
162 83 20 3
83 138 20 4
138 66 20 3
66 169 20 4
169 161 20 3
161 163 20 3
163 0 20 0
21 7
0 150 21 4
150 35 21 3
35 167 21 4
167 87 21 4
87 61 21 4
61 179 21 5
179 0 21 0
22 4
0 150 22 5
150 167 22 3
167 122 22 3
122 0 22 0
23 13
0 133 23 3
133 168 23 5
168 145 23 5
145 196 23 4
196 128 23 3
128 88 23 3
88 94 23 3
94 125 23 5
125 155 23 4
155 149 23 5
149 174 23 4
174 177 23 3
177 0 23 0
24 7
0 92 24 4
92 154 24 3
154 171 24 3
171 132 24 3
132 151 24 3
151 190 24 4
190 0 24 0
25 4
0 154 25 5
154 151 25 5
151 47 25 4
47 0 25 0
26 2
0 199 26 4
199 0 26 0
27 1
0 0 27 0
28 1
0 0 28 0
29 1
0 0 29 0
