# Solution for ../instances-HHCRSP/InstanzVNS_HCSRP_100_6.txt
# Cost = 803.547 Dist = 2410.54 Tard = 0.0515 TMax = 0.0515
# <vehicle> <route length>
# <origin node> <dest node> <vehicle> <service type>
0 10
0 51 0 2
51 4 0 0
4 60 0 2
60 13 0 0
13 89 0 0
89 47 0 2
47 3 0 2
3 40 0 2
40 26 0 0
26 0 0 0
1 6
0 22 1 2
22 90 1 2
90 100 1 2
100 92 1 2
92 64 1 2
64 0 1 0
2 8
0 16 2 0
16 97 2 1
97 18 2 0
18 66 2 0
66 91 2 1
91 99 2 0
99 98 2 1
98 0 2 0
3 11
0 67 3 2
67 88 3 2
88 93 3 2
93 20 3 2
20 95 3 2
95 19 3 1
19 53 3 1
53 24 3 1
24 12 3 2
12 58 3 1
58 0 3 0
4 6
0 86 4 0
86 44 4 0
44 31 4 2
31 41 4 0
41 96 4 0
96 0 4 0
5 13
0 5 5 1
5 30 5 2
30 36 5 1
36 25 5 2
25 2 5 0
2 33 5 0
33 61 5 1
61 94 5 2
94 87 5 1
87 15 5 1
15 23 5 1
23 1 5 1
1 0 5 0
6 3
0 43 6 1
43 59 6 1
59 0 6 0
7 6
0 90 7 3
90 86 7 4
86 100 7 3
100 85 7 3
85 75 7 4
75 0 7 0
8 7
0 88 8 3
88 82 8 3
82 71 8 3
71 72 8 5
72 28 8 5
28 29 8 3
29 0 8 0
9 11
0 97 9 4
97 82 9 5
82 55 9 4
55 95 9 5
95 52 9 3
52 9 9 4
9 77 9 3
77 71 9 5
71 72 9 4
72 14 9 3
14 0 9 0
10 8
0 50 10 3
50 56 10 5
56 83 10 3
83 68 10 5
68 81 10 5
81 10 10 5
10 96 10 3
96 0 10 0
11 11
0 37 11 4
37 7 11 5
7 91 11 3
91 78 11 4
78 77 11 4
77 21 11 3
21 69 11 3
69 76 11 4
76 79 11 3
79 42 11 4
42 0 11 0
12 10
0 93 12 5
93 48 12 4
48 84 12 4
84 74 12 4
74 46 12 4
46 80 12 3
80 87 12 5
87 38 12 5
38 73 12 4
73 0 12 0
13 10
0 27 13 4
27 65 13 3
65 11 13 4
11 89 13 3
89 84 13 5
84 74 13 5
74 94 13 3
94 80 13 4
80 73 13 5
73 0 13 0
14 10
0 54 14 3
54 35 14 5
35 8 14 4
8 17 14 5
17 62 14 4
62 78 14 5
78 32 14 4
32 99 14 5
99 98 14 5
98 0 14 0
15 4
0 34 15 5
34 76 15 5
76 79 15 5
79 0 15 0
16 10
0 49 16 4
49 6 16 5
6 45 16 5
45 39 16 5
39 92 16 3
92 63 16 3
63 70 16 3
70 85 16 5
85 75 16 5
75 0 16 0
17 2
0 57 17 3
57 0 17 0
18 3
0 83 18 4
83 81 18 4
81 0 18 0
19 1
0 0 19 0
