# Solution for ../instances-HHCRSP/InstanzVNS_HCSRP_200_1.txt
# Cost = 1401.96 Dist = 4194.75 Tard = 7.73306 TMax = 3.38083
# <vehicle> <route length>
# <origin node> <dest node> <vehicle> <service type>
0 12
0 125 0 0
125 33 0 0
33 175 0 0
175 15 0 0
15 77 0 0
77 48 0 0
48 179 0 0
179 187 0 0
187 103 0 0
103 106 0 0
106 196 0 0
196 0 0 0
1 10
0 182 1 2
182 123 1 2
123 186 1 2
186 178 1 2
178 17 1 2
17 5 1 2
5 131 1 2
131 40 1 2
40 133 1 2
133 0 1 0
2 3
0 177 2 1
177 13 2 1
13 0 2 0
3 12
0 181 3 2
181 81 3 2
81 198 3 2
198 60 3 2
60 188 3 2
188 93 3 2
93 184 3 2
184 53 3 2
53 30 3 2
30 200 3 2
200 99 3 2
99 0 3 0
4 10
0 120 4 1
120 104 4 1
104 190 4 1
190 172 4 1
172 62 4 1
62 71 4 1
71 97 4 1
97 11 4 1
11 171 4 1
171 0 4 0
5 2
0 73 5 1
73 0 5 0
6 13
0 70 6 2
70 43 6 1
43 180 6 1
180 176 6 1
176 78 6 1
78 137 6 2
137 22 6 2
22 192 6 1
192 67 6 2
67 173 6 2
173 58 6 1
58 21 6 2
21 0 6 0
7 21
0 42 7 2
42 134 7 1
134 189 7 0
189 98 7 1
98 47 7 0
47 56 7 1
56 193 7 2
193 194 7 2
194 3 7 1
3 90 7 0
90 41 7 1
41 195 7 0
195 59 7 2
59 57 7 2
57 199 7 0
199 110 7 1
110 66 7 0
66 191 7 2
191 25 7 2
25 55 7 0
55 0 7 0
8 12
0 139 8 0
139 31 8 1
31 12 8 1
12 19 8 0
19 111 8 1
111 183 8 0
183 128 8 1
128 185 8 0
185 197 8 0
197 38 8 0
38 89 8 1
89 0 8 0
9 15
0 174 9 0
174 18 9 0
18 61 9 0
61 84 9 0
84 101 9 0
101 82 9 0
82 100 9 0
100 105 9 0
105 129 9 2
129 92 9 0
92 75 9 0
75 46 9 0
46 7 9 2
7 107 9 0
107 0 9 0
10 17
0 159 10 3
159 140 10 4
140 24 10 5
24 102 10 4
102 170 10 4
170 54 10 3
54 94 10 4
94 16 10 4
16 142 10 3
142 165 10 4
165 126 10 4
126 184 10 5
184 158 10 3
158 167 10 3
167 36 10 3
36 147 10 4
147 0 10 0
11 10
0 148 11 3
148 149 11 3
149 115 11 3
115 162 11 3
162 176 11 3
176 168 11 3
168 152 11 3
152 163 11 3
163 4 11 3
4 0 11 0
12 17
0 159 12 5
159 45 12 3
45 198 12 5
198 138 12 3
138 175 12 5
175 170 12 5
170 169 12 3
169 79 12 3
79 135 12 3
135 188 12 3
188 179 12 3
179 39 12 3
39 158 12 5
158 167 12 5
167 29 12 3
29 69 12 5
69 0 12 0
13 21
0 148 13 4
148 149 13 5
149 182 13 4
182 146 13 4
146 186 13 4
186 166 13 3
166 178 13 5
178 2 13 4
2 193 13 5
193 194 13 3
194 132 13 3
132 1 13 3
1 144 13 4
144 195 13 4
195 199 13 4
199 116 13 4
116 80 13 5
80 44 13 3
44 191 13 3
191 164 13 4
164 0 13 0
14 11
0 181 14 4
181 27 14 4
27 65 14 4
65 136 14 4
136 160 14 4
160 6 14 4
6 63 14 4
63 119 14 4
119 145 14 4
145 156 14 4
156 0 14 0
15 4
0 108 15 3
108 121 15 4
121 192 15 3
192 0 15 0
16 10
0 146 16 5
146 166 16 4
166 35 16 5
35 72 16 4
72 185 16 4
185 197 16 5
197 143 16 4
143 74 16 4
74 32 16 4
32 0 16 0
17 14
0 117 17 5
117 127 17 3
127 154 17 3
154 86 17 5
86 49 17 4
49 23 17 4
23 169 17 4
169 144 17 5
144 112 17 4
112 187 17 4
187 153 17 3
153 96 17 5
96 147 17 5
147 0 17 0
18 10
0 151 18 3
151 177 18 5
177 189 18 3
189 85 18 3
85 109 18 3
109 26 18 5
26 161 18 5
161 155 18 5
155 143 18 5
143 0 18 0
19 8
0 50 19 5
50 88 19 5
88 174 19 3
174 157 19 5
157 141 19 5
141 28 19 5
28 164 19 3
164 0 19 0
20 7
0 151 20 4
151 83 20 5
83 52 20 3
52 161 20 4
161 155 20 4
155 51 20 4
51 0 20 0
21 14
0 154 21 5
154 14 21 3
14 91 21 3
91 114 21 5
114 118 21 5
118 113 21 5
113 145 21 5
145 64 21 3
64 76 21 3
76 153 21 5
153 171 21 5
171 156 21 3
156 196 21 5
196 0 21 0
22 6
0 8 22 4
8 122 22 5
122 150 22 3
150 87 22 5
87 173 22 4
173 0 22 0
23 11
0 10 23 4
10 34 23 4
34 162 23 4
162 130 23 5
130 68 23 4
68 168 23 5
168 152 23 5
152 163 23 4
163 183 23 4
183 124 23 4
124 0 23 0
24 9
0 20 24 5
20 190 24 5
190 172 24 4
172 37 24 3
37 160 24 5
160 142 24 4
142 165 24 5
165 200 24 3
200 0 24 0
25 4
0 180 25 4
180 157 25 4
157 141 25 4
141 0 25 0
26 4
0 95 26 5
95 9 26 4
9 150 26 5
150 0 26 0
27 1
0 0 27 0
28 1
0 0 28 0
29 1
0 0 29 0
