# Solution for ../instances-HHCRSP/InstanzCPLEX_HCSRP_50_3.txt
# Cost = 556.768 Dist = 1653.51 Tard = 12.1862 TMax = 4.60233
# <vehicle> <route length>
# <origin node> <dest node> <vehicle> <service type>
0 11
0 23 0 1
23 50 0 0
50 49 0 2
49 10 0 1
10 1 0 2
1 2 0 2
2 34 0 0
34 29 0 2
29 46 0 0
46 48 0 2
48 0 0 0
1 12
0 33 1 0
33 22 1 0
22 35 1 2
35 6 1 0
6 45 1 2
45 43 1 0
43 47 1 0
47 17 1 0
17 5 1 0
5 31 1 2
31 3 1 0
3 0 1 0
2 7
0 20 2 1
20 44 2 1
44 9 2 1
9 26 2 1
26 4 2 1
4 21 2 1
21 0 2 0
3 10
0 15 3 3
15 44 3 4
44 40 3 3
40 7 3 3
7 45 3 4
45 13 3 5
13 18 3 3
18 8 3 4
8 11 3 3
11 0 3 0
4 7
0 42 4 3
42 28 4 5
28 38 4 5
38 48 4 5
48 39 4 3
39 37 4 5
37 0 4 0
5 4
0 50 5 4
50 46 5 4
46 38 5 4
38 0 5 0
6 9
0 42 6 4
42 27 6 5
27 49 6 4
49 24 6 5
24 25 6 4
25 30 6 5
30 39 6 5
39 37 6 4
37 0 6 0
7 7
0 36 7 4
36 40 7 4
40 43 7 5
43 12 7 4
12 47 7 5
47 32 7 5
32 0 7 0
8 5
0 36 8 5
36 19 8 4
19 41 8 3
41 14 8 4
14 0 8 0
9 3
0 16 9 4
16 41 9 4
41 0 9 0
