# Solution for ../instances-HHCRSP/InstanzVNS_HCSRP_200_6.txt
# Cost = 1372.99 Dist = 4077.83 Tard = 30.3264 TMax = 10.8254
# <vehicle> <route length>
# <origin node> <dest node> <vehicle> <service type>
0 18
0 66 0 0
66 18 0 0
18 67 0 2
67 103 0 0
103 97 0 2
97 184 0 1
184 33 0 0
33 104 0 1
104 19 0 1
19 189 0 2
189 23 0 1
23 15 0 1
15 58 0 1
58 109 0 0
109 1 0 1
1 191 0 2
191 106 0 1
106 0 0 0
1 11
0 198 1 2
198 60 1 2
60 20 1 2
20 173 1 2
173 3 1 2
3 188 1 2
188 186 1 2
186 73 1 2
73 12 1 2
12 176 1 2
176 0 1 0
2 15
0 5 2 1
5 131 2 0
131 36 2 1
36 25 2 2
25 193 2 0
193 82 2 2
82 182 2 0
182 136 2 0
136 72 2 0
72 185 2 1
185 128 2 2
128 177 2 1
177 180 2 1
180 98 2 2
98 0 2 0
3 13
0 43 3 1
43 183 3 1
183 95 3 1
95 51 3 2
51 192 3 2
192 47 3 2
47 53 3 1
53 190 3 2
190 174 3 1
174 126 3 1
126 127 3 1
127 76 3 1
76 0 3 0
4 14
0 171 4 0
171 4 4 0
4 195 4 1
195 13 4 0
13 134 4 0
134 94 4 0
94 61 4 1
61 24 4 1
24 196 4 1
196 80 4 1
80 172 4 0
172 114 4 0
114 113 4 0
113 0 4 0
5 5
0 16 5 0
16 199 5 0
199 90 5 0
90 179 5 0
179 0 5 0
6 10
0 178 6 2
178 133 6 2
133 197 6 2
197 64 6 2
64 194 6 2
194 40 6 2
40 129 6 2
129 99 6 2
99 175 6 2
175 0 6 0
7 12
0 122 7 1
122 31 7 2
31 30 7 2
30 22 7 2
22 139 7 2
139 59 7 1
59 92 7 2
92 119 7 2
119 111 7 1
111 121 7 1
121 79 7 2
79 0 7 0
8 6
0 124 8 2
124 200 8 1
200 187 8 2
187 116 8 2
116 85 8 1
85 0 8 0
9 10
0 44 9 0
44 2 9 0
2 78 9 0
78 77 9 0
77 26 9 0
26 41 9 0
41 112 9 1
112 181 9 0
181 132 9 0
132 0 9 0
10 2
0 160 10 3
160 0 10 0
11 11
0 48 11 4
48 198 11 3
198 171 11 4
171 195 11 3
195 89 11 4
89 173 11 4
173 74 11 5
74 107 11 4
107 172 11 5
172 101 11 3
101 0 11 0
12 8
0 160 12 5
160 86 12 5
86 146 12 5
146 167 12 5
167 164 12 5
164 142 12 5
142 156 12 5
156 0 12 0
13 13
0 143 13 3
143 50 13 3
50 54 13 3
54 39 13 5
39 137 13 5
137 162 13 3
162 21 13 3
21 71 13 5
71 149 13 3
149 102 13 5
102 166 13 5
166 123 13 3
123 0 13 0
14 13
0 143 14 5
143 144 14 3
144 141 14 3
141 153 14 3
153 17 14 5
17 145 14 3
145 188 14 3
188 186 14 5
186 196 14 3
196 163 14 3
163 29 14 3
29 191 14 5
191 0 14 0
15 15
0 6 15 5
6 35 15 5
35 151 15 5
151 154 15 3
154 193 15 3
193 148 15 3
148 140 15 5
140 130 15 3
130 105 15 5
105 170 15 3
170 147 15 3
147 169 15 3
169 180 15 5
180 14 15 3
14 0 15 0
16 10
0 88 16 4
88 62 16 4
62 8 16 4
8 55 16 4
55 184 16 5
184 145 16 4
145 28 16 5
28 163 16 4
163 176 16 5
176 0 16 0
17 3
0 159 17 5
159 56 17 5
56 0 17 0
18 12
0 159 18 4
159 49 18 4
49 146 18 4
146 167 18 4
167 83 18 4
83 68 18 5
68 63 18 3
63 96 18 3
96 42 18 4
42 75 18 4
75 70 18 3
70 0 18 0
19 10
0 151 19 4
151 154 19 5
154 148 19 5
148 7 19 5
7 199 19 4
199 197 19 4
197 57 19 3
57 81 19 4
81 181 19 4
181 0 19 0
20 12
0 27 20 4
27 144 20 5
144 11 20 4
11 192 20 4
192 158 20 4
158 52 20 3
52 189 20 3
189 9 20 4
9 149 20 5
149 135 20 4
135 166 20 4
166 0 20 0
21 16
0 165 21 5
165 157 21 5
157 152 21 5
152 65 21 3
65 138 21 3
138 141 21 5
141 84 21 5
84 158 21 3
158 174 21 5
174 38 21 5
38 87 21 5
87 155 21 5
155 150 21 5
150 168 21 3
168 110 21 3
110 0 21 0
22 12
0 183 22 4
183 182 22 4
182 91 22 4
91 162 22 4
162 185 22 4
185 177 22 5
177 32 22 4
32 120 22 5
120 69 22 3
69 125 22 3
125 169 22 5
169 0 22 0
23 13
0 165 23 4
165 157 23 4
157 152 23 4
152 93 23 5
93 153 23 4
153 46 23 4
46 100 23 4
100 190 23 5
190 108 23 4
108 155 23 4
155 150 23 4
150 168 23 5
168 0 23 0
24 11
0 178 24 4
178 37 24 4
37 34 24 5
34 194 24 3
194 170 24 5
170 147 24 5
147 117 24 4
117 118 24 4
118 175 24 3
175 115 24 5
115 0 24 0
25 3
0 200 25 3
200 161 25 3
161 0 25 0
26 3
0 45 26 5
45 187 26 5
187 0 26 0
27 4
0 164 27 4
164 142 27 4
142 156 27 4
156 0 27 0
28 4
0 10 28 5
10 179 28 3
179 161 28 4
161 0 28 0
29 1
0 0 29 0
