# Solution for ../instances-HHCRSP/InstanzVNS_HCSRP_200_8.txt
# Cost = 1173.67 Dist = 3505.13 Tard = 10.267 TMax = 5.60147
# <vehicle> <route length>
# <origin node> <dest node> <vehicle> <service type>
0 15
0 134 0 0
134 194 0 1
194 188 0 0
188 40 0 0
40 184 0 1
184 185 0 0
185 119 0 0
119 132 0 0
132 120 0 0
120 187 0 0
187 180 0 1
180 72 0 0
72 51 0 0
51 48 0 1
48 0 0 0
1 8
0 197 1 0
197 179 1 0
179 139 1 0
139 94 1 0
94 192 1 0
192 74 1 0
74 129 1 0
129 0 1 0
2 20
0 45 2 2
45 125 2 0
125 195 2 0
195 193 2 0
193 65 2 0
65 117 2 2
117 130 2 0
130 186 2 0
186 171 2 0
171 55 2 0
55 62 2 0
62 95 2 0
95 76 2 0
76 181 2 2
181 73 2 0
73 98 2 0
98 127 2 2
127 103 2 2
103 93 2 2
93 0 2 0
3 9
0 60 3 2
60 177 3 2
177 104 3 2
104 196 3 2
196 13 3 2
13 44 3 1
44 46 3 2
46 105 3 2
105 0 3 0
4 14
0 199 4 1
199 189 4 1
189 33 4 1
33 200 4 1
200 75 4 1
75 53 4 1
53 22 4 1
22 174 4 1
174 107 4 1
107 27 4 1
27 176 4 1
176 71 4 1
71 18 4 1
18 0 4 0
5 8
0 87 5 1
87 126 5 1
126 110 5 1
110 92 5 1
92 175 5 1
175 115 5 1
115 138 5 1
138 0 5 0
6 14
0 10 6 0
10 42 6 0
42 135 6 0
135 178 6 0
178 182 6 0
182 58 6 2
58 100 6 0
100 198 6 0
198 77 6 2
77 81 6 0
81 5 6 0
5 16 6 0
16 191 6 0
191 0 6 0
7 11
0 68 7 2
68 91 7 2
91 102 7 2
102 23 7 2
23 183 7 2
183 172 7 2
172 6 7 2
6 56 7 2
56 12 7 2
12 113 7 2
113 0 7 0
8 12
0 112 8 0
112 57 8 1
57 11 8 0
11 17 8 0
17 21 8 0
21 190 8 1
190 78 8 0
78 36 8 1
36 90 8 0
90 173 8 0
173 109 8 0
109 0 8 0
9 6
0 54 9 1
54 131 9 1
131 4 9 1
4 66 9 1
66 32 9 1
32 0 9 0
10 14
0 168 10 5
168 8 10 5
8 195 10 4
195 193 10 4
193 184 10 5
184 185 10 5
185 196 10 4
196 166 10 5
166 167 10 4
167 157 10 5
157 3 10 4
3 88 10 5
88 80 10 5
80 0 10 0
11 17
0 197 11 3
197 179 11 3
179 136 11 3
136 106 11 4
106 14 11 5
14 116 11 5
116 63 11 5
63 26 11 3
26 190 11 5
190 19 11 3
19 52 11 4
52 146 11 3
146 154 11 4
154 29 11 3
29 30 11 5
30 147 11 3
147 0 11 0
12 17
0 168 12 3
168 7 12 3
7 1 12 4
1 145 12 3
145 128 12 4
128 97 12 4
97 186 12 3
186 171 12 4
171 24 12 4
24 164 12 3
164 89 12 4
89 174 12 5
174 35 12 4
35 153 12 4
153 152 12 3
152 79 12 3
79 0 12 0
13 13
0 199 13 4
199 194 13 5
194 188 13 3
188 64 13 3
64 114 13 5
114 122 13 5
122 111 13 5
111 181 13 4
181 165 13 3
165 158 13 3
158 150 13 4
150 191 13 5
191 0 13 0
14 12
0 163 14 4
163 61 14 4
61 145 14 5
145 37 14 5
37 156 14 4
156 140 14 5
140 31 14 5
31 162 14 3
162 165 14 4
165 158 14 5
158 150 14 5
150 0 14 0
15 13
0 163 15 5
163 161 15 5
161 43 15 4
43 143 15 4
143 15 15 4
15 148 15 4
148 142 15 5
142 144 15 4
144 9 15 5
9 146 15 5
146 154 15 5
154 147 15 4
147 0 15 0
16 7
0 161 16 3
161 143 16 5
143 133 16 4
133 198 16 3
198 173 16 4
173 2 16 4
2 0 16 0
17 9
0 189 17 3
189 83 17 3
83 164 17 5
164 47 17 4
47 118 17 5
118 39 17 4
39 153 17 5
153 152 17 4
152 0 17 0
18 9
0 155 18 4
155 50 18 4
50 86 18 4
86 159 18 3
159 183 18 4
183 172 18 3
172 175 18 5
175 101 18 4
101 0 18 0
19 8
0 155 19 5
155 84 19 4
84 159 19 4
159 20 19 3
20 141 19 3
141 169 19 3
169 85 19 3
85 0 19 0
20 11
0 108 20 3
108 70 20 5
70 121 20 3
121 200 20 3
200 149 20 5
149 34 20 5
34 166 20 3
166 167 20 3
167 69 20 3
69 157 20 3
157 0 20 0
21 7
0 151 21 4
151 124 21 3
124 170 21 4
170 178 21 4
178 182 21 4
182 38 21 4
38 0 21 0
22 9
0 49 22 5
49 137 22 4
137 25 22 5
25 82 22 4
82 149 22 4
149 187 22 4
187 180 22 4
180 99 22 5
99 0 22 0
23 7
0 151 23 5
151 170 23 5
170 156 23 5
156 162 23 5
162 176 23 5
176 28 23 3
28 0 23 0
24 8
0 59 24 3
59 192 24 5
192 148 24 5
148 142 24 3
142 144 24 3
144 141 24 5
141 169 24 5
169 0 24 0
25 5
0 177 25 5
177 41 25 5
41 96 25 5
96 160 25 4
160 0 25 0
26 2
0 67 26 5
67 0 26 0
27 1
0 0 27 0
28 3
0 123 28 4
123 160 28 5
160 0 28 0
29 1
0 0 29 0
