# Solution for ../instances-HHCRSP/InstanzVNS_HCSRP_100_8.txt
# Cost = 767.461 Dist = 2287.32 Tard = 8.805 TMax = 6.25941
# <vehicle> <route length>
# <origin node> <dest node> <vehicle> <service type>
0 10
0 42 0 0
42 65 0 0
65 45 0 2
45 55 0 0
55 97 0 0
97 13 0 2
13 89 0 0
89 51 0 0
51 46 0 2
46 0 0 0
1 20
0 57 1 1
57 91 1 2
91 86 1 2
86 92 1 1
92 21 1 0
21 17 1 0
17 68 1 2
68 94 1 0
94 54 1 1
54 58 1 2
58 66 1 1
66 56 1 2
56 6 1 2
6 12 1 2
12 32 1 1
32 4 1 1
4 98 1 2
98 99 1 0
99 88 1 1
88 0 1 0
2 7
0 10 2 0
10 40 2 0
40 95 2 0
95 62 2 0
62 16 2 0
16 5 2 0
5 0 2 0
3 9
0 22 3 1
22 33 3 1
33 53 3 1
53 44 3 1
44 100 3 1
100 48 3 1
48 27 3 1
27 18 3 1
18 0 3 0
4 4
0 87 4 2
87 60 4 2
60 93 4 2
93 0 4 0
5 3
0 23 5 2
23 90 5 2
90 0 5 0
6 4
0 11 6 0
11 96 6 1
96 36 6 1
36 0 6 0
7 16
0 7 7 3
7 25 7 5
25 8 7 5
8 82 7 5
82 75 7 3
75 83 7 3
83 47 7 4
47 34 7 5
34 73 7 3
73 76 7 3
76 80 7 4
80 98 7 4
98 99 7 3
99 88 7 3
88 39 7 4
39 0 7 0
8 13
0 50 8 4
50 14 8 5
14 26 8 3
26 94 8 3
94 19 8 3
19 78 8 4
78 63 8 5
63 15 8 4
15 76 8 4
76 80 8 5
80 71 8 3
71 28 8 3
28 0 8 0
9 9
0 91 9 5
91 86 9 5
86 92 9 5
92 78 9 5
78 20 9 3
20 90 9 3
90 30 9 5
30 29 9 3
29 0 9 0
10 10
0 43 10 4
43 82 10 3
82 75 10 4
75 83 10 4
83 100 10 3
100 89 10 4
89 72 10 3
72 3 10 4
3 79 10 3
79 0 10 0
11 3
0 87 11 4
87 77 11 4
77 0 11 0
12 12
0 61 12 4
61 70 12 5
70 1 12 4
1 97 12 4
97 64 12 3
64 95 12 5
95 24 12 4
24 72 12 4
72 69 12 3
69 35 12 4
35 79 12 4
79 0 12 0
13 8
0 77 13 3
77 96 13 3
96 41 13 5
41 38 13 4
38 81 13 3
81 31 13 5
31 71 13 4
71 0 13 0
14 1
0 0 14 0
15 6
0 49 15 5
49 37 15 5
37 73 15 5
73 81 15 5
81 93 15 5
93 0 15 0
16 6
0 59 16 3
59 84 16 3
84 74 16 3
74 85 16 4
85 9 16 5
9 0 16 0
17 4
0 67 17 5
67 2 17 4
2 52 17 4
52 0 17 0
18 4
0 84 18 5
84 74 18 5
74 85 18 5
85 0 18 0
19 1
0 0 19 0
