# Solution for ../instances-HHCRSP/InstanzVNS_HCSRP_200_4.txt
# Cost = 1129.32 Dist = 3384.32 Tard = 1.81665 TMax = 1.81665
# <vehicle> <route length>
# <origin node> <dest node> <vehicle> <service type>
0 15
0 191 0 2
191 198 0 2
198 194 0 2
194 88 0 2
88 128 0 2
128 62 0 0
62 171 0 0
171 41 0 0
41 192 0 2
192 200 0 2
200 56 0 2
56 121 0 0
121 64 0 0
64 11 0 2
11 0 0 0
1 16
0 69 1 0
69 50 1 0
50 33 1 0
33 14 1 2
14 130 1 0
130 7 1 1
7 108 1 0
108 54 1 0
54 176 1 2
176 76 1 2
76 184 1 0
184 132 1 1
132 10 1 1
10 9 1 0
9 112 1 2
112 0 1 0
2 9
0 77 2 1
77 44 2 0
44 187 2 1
187 172 2 1
172 63 2 0
63 137 2 1
137 182 2 0
182 109 2 1
109 0 2 0
3 13
0 13 3 2
13 174 3 0
174 105 3 0
105 179 3 2
179 1 3 2
1 197 3 2
197 123 3 2
123 85 3 0
85 72 3 2
72 99 3 1
99 111 3 1
111 178 3 0
178 0 3 0
4 15
0 39 4 0
39 16 4 0
16 92 4 1
92 127 4 0
127 98 4 2
98 185 4 2
185 113 4 2
113 188 4 2
188 102 4 0
102 100 4 0
100 140 4 1
140 18 4 0
18 65 4 1
65 120 4 0
120 0 4 0
5 7
0 122 5 2
122 15 5 2
15 186 5 2
186 180 5 2
180 84 5 2
84 86 5 2
86 0 5 0
6 12
0 106 6 2
106 183 6 2
183 190 6 0
190 196 6 2
196 20 6 0
20 87 6 2
87 181 6 0
181 89 6 2
89 125 6 2
125 12 6 2
12 34 6 2
34 0 6 0
7 12
0 55 7 1
55 71 7 1
71 90 7 1
90 177 7 1
177 139 7 1
139 40 7 1
40 173 7 1
173 25 7 1
25 36 7 1
36 17 7 1
17 95 7 1
95 0 7 0
8 11
0 47 8 2
47 51 8 2
51 94 8 1
94 24 8 1
24 189 8 2
189 175 8 2
175 199 8 2
199 135 8 1
135 81 8 1
81 195 8 2
195 0 8 0
9 2
0 193 9 2
193 0 9 0
10 6
0 38 10 5
38 166 10 3
166 186 10 5
186 146 10 5
146 172 10 3
172 0 10 0
11 14
0 23 11 4
23 143 11 3
143 191 11 3
191 114 11 5
114 83 11 5
83 117 11 3
117 171 11 4
171 104 11 4
104 192 11 5
192 200 11 4
200 96 11 3
96 129 11 5
129 142 11 3
142 0 11 0
12 14
0 143 12 4
143 163 12 3
163 49 12 4
49 198 12 5
198 190 12 4
190 196 12 5
196 35 12 3
35 68 12 3
68 150 12 3
150 156 12 4
156 118 12 3
118 78 12 3
78 159 12 4
159 0 12 0
13 17
0 160 13 4
160 170 13 3
170 97 13 4
97 157 13 4
157 126 13 4
126 116 13 3
116 147 13 3
147 181 13 5
181 107 13 3
107 4 13 4
4 184 13 3
184 37 13 4
37 26 13 3
26 70 13 5
70 167 13 3
167 136 13 3
136 0 13 0
14 13
0 160 14 5
160 170 14 5
170 157 14 5
157 52 14 5
52 46 14 4
46 43 14 5
43 153 14 3
153 19 14 4
19 185 14 5
185 154 14 3
154 8 14 4
8 2 14 4
2 0 14 0
15 10
0 163 15 5
163 194 15 4
194 119 15 3
119 73 15 3
73 158 15 4
158 110 15 5
110 150 15 4
150 156 15 5
156 159 15 5
159 0 15 0
16 13
0 32 16 3
32 74 16 5
74 66 16 3
66 174 16 3
174 179 16 4
179 45 16 3
45 197 16 5
197 60 16 4
60 3 16 3
3 169 16 3
169 61 16 4
61 142 16 4
142 0 16 0
17 7
0 166 17 4
166 59 17 4
59 149 17 5
149 148 17 5
148 162 17 4
162 29 17 5
29 0 17 0
18 11
0 145 18 3
145 164 18 3
164 152 18 3
152 173 18 5
173 176 18 4
176 124 18 5
124 199 18 4
199 165 18 4
165 169 18 4
169 178 18 5
178 0 18 0
19 10
0 145 19 4
145 164 19 5
164 152 19 4
152 155 19 3
155 153 19 5
153 5 19 3
5 21 19 5
21 188 19 3
188 53 19 5
53 0 19 0
20 11
0 161 20 3
161 6 20 3
6 183 20 3
183 177 20 5
177 134 20 3
134 31 20 4
31 147 20 4
147 165 20 5
165 57 20 4
57 167 20 5
167 0 20 0
21 6
0 161 21 5
161 103 21 4
103 158 21 5
158 93 21 4
93 195 21 3
195 0 21 0
22 10
0 82 22 3
82 30 22 5
30 48 22 5
48 42 22 4
42 80 22 5
80 155 22 5
155 101 22 4
101 154 22 4
154 79 22 4
79 0 22 0
23 5
0 168 23 4
168 27 23 3
27 146 23 3
146 138 23 4
138 0 23 0
24 8
0 168 24 5
168 133 24 3
133 151 24 4
151 175 24 3
175 91 24 5
91 67 24 3
67 193 24 5
193 0 24 0
25 6
0 144 25 5
144 131 25 4
131 180 25 4
180 187 25 4
187 141 25 4
141 0 25 0
26 7
0 144 26 3
144 58 26 3
58 149 26 3
149 148 26 3
148 162 26 5
162 182 26 3
182 0 26 0
27 2
0 115 27 4
115 0 27 0
28 5
0 28 28 3
28 189 28 3
189 151 28 5
151 22 28 5
22 0 28 0
29 3
0 75 29 3
75 141 29 3
141 0 29 0
