# Solution for ../instances-HHCRSP/InstanzVNS_HCSRP_100_4.txt
# Cost = 734.626 Dist = 2193.38 Tard = 6.42165 TMax = 4.07312
# <vehicle> <route length>
# <origin node> <dest node> <vehicle> <service type>
0 9
0 15 0 2
15 69 0 0
69 92 0 2
92 39 0 0
39 50 0 0
50 44 0 0
44 16 0 0
16 63 0 0
63 0 0 0
1 5
0 97 1 0
97 94 1 0
94 33 1 0
33 18 1 0
18 0 1 0
2 4
0 90 2 0
90 20 2 0
20 89 2 0
89 0 2 0
3 5
0 47 3 2
47 93 3 2
93 91 3 0
91 9 3 0
9 0 3 0
4 14
0 40 4 1
40 7 4 1
7 51 4 2
51 14 4 2
14 54 4 0
54 87 4 2
87 25 4 1
25 34 4 2
34 99 4 1
99 12 4 2
12 36 4 1
36 95 4 2
95 10 4 1
10 0 4 0
5 5
0 24 5 1
24 98 5 1
98 86 5 1
86 65 5 1
65 0 5 0
6 13
0 13 6 2
13 55 6 1
55 88 6 1
88 1 6 2
1 96 6 1
96 62 6 0
62 56 6 2
56 41 6 0
41 100 6 1
100 64 6 0
64 11 6 2
11 17 6 1
17 0 6 0
7 11
0 74 7 3
74 66 7 3
66 45 7 3
45 60 7 4
60 72 7 3
72 96 7 4
96 3 7 3
3 78 7 4
78 89 7 3
89 57 7 4
57 0 7 0
8 12
0 48 8 5
48 58 8 3
58 82 8 3
82 77 8 3
77 59 8 4
59 84 8 3
84 43 8 5
43 46 8 4
46 5 8 3
5 75 8 4
75 79 8 4
79 0 8 0
9 13
0 74 9 4
74 32 9 3
32 23 9 4
23 88 9 3
88 83 9 3
83 85 9 4
85 73 9 3
73 87 9 5
87 81 9 5
81 26 9 3
26 67 9 3
67 79 9 5
79 0 9 0
10 10
0 42 10 4
42 82 10 4
82 77 10 5
77 84 10 5
84 27 10 3
27 80 10 3
80 19 10 4
19 98 10 3
98 86 10 5
86 0 10 0
11 8
0 71 11 4
71 83 11 4
83 85 11 5
85 73 11 5
73 99 11 4
99 61 11 4
61 100 11 4
100 0 11 0
12 5
0 97 12 3
97 94 12 5
94 8 12 4
8 4 12 4
4 0 12 0
13 3
0 76 13 4
76 37 13 4
37 0 13 0
14 5
0 6 14 3
6 28 14 3
28 81 14 4
81 95 14 3
95 0 14 0
15 9
0 71 15 5
71 90 15 3
90 49 15 4
49 31 15 4
31 68 15 3
68 72 15 5
72 35 15 3
35 78 15 5
78 0 15 0
16 6
0 30 16 5
30 92 16 5
92 21 16 5
21 53 16 5
53 29 16 5
29 0 16 0
17 7
0 52 17 5
52 38 17 5
38 80 17 4
80 75 17 5
75 2 17 4
2 22 17 5
22 0 17 0
18 1
0 0 18 0
19 5
0 76 19 3
76 93 19 4
93 70 19 5
70 91 19 5
91 0 19 0
