# Solution for ../instances-HHCRSP/InstanzVNS_HCSRP_200_7.txt
# Cost = 1176.52 Dist = 3513.16 Tard = 10.9318 TMax = 5.47214
# <vehicle> <route length>
# <origin node> <dest node> <vehicle> <service type>
0 13
0 189 0 2
189 42 0 2
42 172 0 0
172 11 0 0
11 38 0 0
38 193 0 0
193 90 0 2
90 140 0 0
140 187 0 2
187 130 0 2
130 179 0 0
179 76 0 0
76 0 0 0
1 13
0 101 1 0
101 114 1 0
114 64 1 1
64 105 1 1
105 51 1 0
51 79 1 1
79 77 1 0
77 14 1 1
14 197 1 0
197 186 1 0
186 173 1 1
173 13 1 0
13 0 1 0
2 11
0 18 2 0
18 191 2 2
191 97 2 0
97 67 2 2
67 127 2 0
127 180 2 2
180 185 2 0
185 181 2 2
181 9 2 0
9 184 2 2
184 0 2 0
3 8
0 131 3 2
131 2 3 2
2 40 3 2
40 194 3 2
194 115 3 2
115 26 3 2
26 134 3 2
134 0 3 0
4 5
0 100 4 1
100 45 4 1
45 129 4 1
129 86 4 2
86 0 4 0
5 10
0 113 5 1
113 99 5 1
99 198 5 1
198 93 5 1
93 25 5 2
25 136 5 2
136 33 5 1
33 190 5 2
190 199 5 1
199 0 5 0
6 6
0 53 6 0
53 200 6 0
200 82 6 0
82 171 6 0
171 29 6 0
29 0 6 0
7 16
0 178 7 1
178 75 7 2
75 24 7 1
24 65 7 2
65 108 7 0
108 196 7 2
196 68 7 1
68 78 7 1
78 80 7 2
80 85 7 1
85 174 7 0
174 182 7 0
182 46 7 1
46 177 7 1
177 57 7 0
57 0 7 0
8 13
0 124 8 1
124 72 8 0
72 192 8 0
192 183 8 1
183 10 8 0
10 195 8 1
195 59 8 0
59 106 8 1
106 39 8 0
39 175 8 0
175 12 8 0
12 15 8 1
15 0 8 0
9 9
0 50 9 0
50 188 9 2
188 176 9 2
176 102 9 0
102 22 9 2
22 54 9 2
54 36 9 2
36 63 9 0
63 0 9 0
10 11
0 170 10 4
170 191 10 5
191 162 10 3
162 142 10 4
142 164 10 4
164 6 10 4
6 37 10 4
37 110 10 3
110 44 10 3
44 175 10 3
175 0 10 0
11 6
0 170 11 5
170 165 11 3
165 171 11 3
171 154 11 3
154 151 11 3
151 0 11 0
12 13
0 121 12 3
121 141 12 5
141 157 12 3
157 23 12 3
23 73 12 3
73 162 12 5
162 142 12 3
142 164 12 5
164 195 12 3
195 83 12 3
83 161 12 3
161 163 12 3
163 0 12 0
13 15
0 143 13 3
143 189 13 4
189 172 13 3
172 1 13 4
1 116 13 5
116 31 13 3
31 148 13 3
148 147 13 4
147 166 13 3
166 126 13 3
126 55 13 4
55 96 13 5
96 117 13 5
117 107 13 5
107 0 13 0
14 17
0 143 14 4
143 120 14 3
120 118 14 4
118 145 14 3
145 41 14 5
41 70 14 5
70 148 14 5
148 147 14 5
147 166 14 4
166 52 14 3
52 91 14 4
91 149 14 4
149 155 14 3
155 174 14 4
174 71 14 4
71 7 14 4
7 0 14 0
15 11
0 141 15 4
141 157 15 4
157 20 15 3
20 34 15 3
34 84 15 4
84 17 15 3
17 144 15 3
144 153 15 3
153 60 15 3
60 103 15 3
103 0 15 0
16 6
0 92 16 4
92 154 16 5
154 151 16 5
151 47 16 4
47 190 16 4
190 0 16 0
17 12
0 58 17 3
58 198 17 3
198 200 17 5
200 5 17 4
5 135 17 5
135 43 17 3
43 138 17 4
138 66 17 3
66 169 17 3
169 161 17 4
161 163 17 5
163 0 17 0
18 16
0 81 18 4
81 168 18 3
168 178 18 5
178 3 18 3
3 109 18 4
109 145 18 5
145 128 18 3
128 196 18 4
196 125 18 5
125 88 18 3
88 94 18 3
94 149 18 5
149 155 18 4
155 182 18 5
182 177 18 3
177 0 18 0
19 13
0 150 19 4
150 95 19 4
95 21 19 4
21 32 19 3
32 193 19 3
193 62 19 3
62 194 19 4
194 16 19 4
16 111 19 4
111 87 19 4
87 61 19 4
61 173 19 3
173 0 19 0
20 18
0 168 20 5
168 56 20 4
56 49 20 4
49 192 20 3
192 183 20 3
183 4 20 4
4 104 20 4
104 69 20 5
69 119 20 5
119 30 20 5
30 197 20 4
197 8 20 5
8 158 20 3
158 186 20 3
186 112 20 5
112 156 20 3
156 152 20 3
152 0 20 0
21 6
0 150 21 5
150 35 21 3
35 167 21 4
167 122 21 3
122 179 21 5
179 0 21 0
22 3
0 133 22 3
133 167 22 3
167 0 22 0
23 11
0 137 23 4
137 160 23 3
160 139 23 5
139 165 23 4
165 146 23 3
146 187 23 5
187 159 23 4
159 48 23 3
48 74 23 4
74 158 23 4
158 0 23 0
24 9
0 160 24 4
160 28 24 4
28 180 24 3
180 185 24 4
185 132 24 3
132 169 24 4
169 181 24 4
181 184 24 3
184 0 24 0
25 14
0 123 25 3
123 188 25 4
188 98 25 3
98 89 25 5
89 176 25 3
176 146 25 5
146 19 25 3
19 159 25 5
159 27 25 3
27 144 25 4
144 153 25 4
153 156 25 5
156 152 25 5
152 0 25 0
26 2
0 199 26 4
199 0 26 0
27 1
0 0 27 0
28 1
0 0 28 0
29 1
0 0 29 0
