# Solution for ../instances-HHCRSP/InstanzCPLEX_HCSRP_50_4.txt
# Cost = 535.995 Dist = 1569.63 Tard = 23.6169 TMax = 14.7429
# <vehicle> <route length>
# <origin node> <dest node> <vehicle> <service type>
0 12
0 15 0 2
15 13 0 2
13 50 0 2
50 1 0 2
1 45 0 1
45 14 0 2
14 43 0 2
43 12 0 2
12 34 0 2
34 17 0 1
17 11 0 2
11 0 0 0
1 8
0 49 1 0
49 20 1 0
20 7 1 1
7 47 1 0
47 24 1 1
24 25 1 1
25 10 1 1
10 0 1 0
2 8
0 48 2 0
48 33 2 0
33 16 2 0
16 46 2 0
46 44 2 0
44 18 2 0
18 9 2 0
9 0 2 0
3 3
0 40 3 5
40 22 3 5
22 0 3 0
4 12
0 42 4 3
42 38 4 5
38 30 4 5
30 39 4 5
39 48 4 3
48 27 4 3
27 44 4 4
44 19 4 4
19 29 4 5
29 21 4 5
21 37 4 3
37 0 4 0
5 8
0 42 5 4
42 38 5 4
38 39 5 4
39 46 5 3
46 43 5 4
43 5 5 3
5 8 5 4
8 0 5 0
6 11
0 49 6 3
49 32 6 3
32 23 6 4
23 50 6 4
50 45 6 4
45 41 6 3
41 3 6 3
3 35 6 3
35 36 6 3
36 26 6 3
26 0 6 0
7 7
0 40 7 4
40 28 7 3
28 47 7 4
47 2 7 4
2 4 7 4
4 37 7 4
37 0 7 0
8 4
0 6 8 3
6 31 8 4
31 41 8 5
41 0 8 0
9 2
0 36 9 5
36 0 9 0
