# Solution for ../instances-HHCRSP/InstanzCPLEX_HCSRP_50_3.txt
# Cost = 555.167 Dist = 1650.69 Tard = 10.2052 TMax = 4.60233
# <vehicle> <route length>
# <origin node> <dest node> <vehicle> <service type>
0 11
0 23 0 1
23 50 0 0
50 49 0 2
49 10 0 1
10 1 0 2
1 2 0 2
2 34 0 0
34 29 0 2
29 46 0 0
46 48 0 2
48 0 0 0
1 12
0 33 1 0
33 22 1 0
22 35 1 2
35 6 1 0
6 45 1 2
45 43 1 0
43 47 1 0
47 17 1 0
17 5 1 0
5 31 1 2
31 3 1 0
3 0 1 0
2 7
0 20 2 1
20 44 2 1
44 9 2 1
9 26 2 1
26 4 2 1
4 21 2 1
21 0 2 0
3 10
0 15 3 3
15 44 3 4
44 40 3 3
40 7 3 3
7 45 3 4
45 8 3 4
8 13 3 5
13 18 3 3
18 19 3 4
19 0 3 0
4 6
0 27 4 5
27 42 4 3
42 30 4 5
30 39 4 3
39 37 4 5
37 0 4 0
5 4
0 50 5 4
50 46 5 4
46 38 5 4
38 0 5 0
6 5
0 28 6 5
28 16 6 4
16 41 6 3
41 14 6 4
14 0 6 0
7 9
0 42 7 4
42 49 7 4
49 24 7 5
24 25 7 4
25 38 7 5
38 48 7 5
48 39 7 5
39 37 7 4
37 0 7 0
8 8
0 36 8 5
36 40 8 4
40 43 8 5
43 47 8 5
47 32 8 5
32 12 8 4
12 11 8 3
11 0 8 0
9 3
0 36 9 4
36 41 9 4
41 0 9 0
