# Solution for ../instances-HHCRSP/InstanzVNS_HCSRP_300_2.txt
# Cost = 1856.33 Dist = 5511.73 Tard = 40.6606 TMax = 16.5963
# <vehicle> <route length>
# <origin node> <dest node> <vehicle> <service type>
0 19
0 132 0 1
132 297 0 1
297 108 0 1
108 91 0 0
91 269 0 0
269 289 0 0
289 145 0 1
145 196 0 1
196 138 0 1
138 129 0 1
129 45 0 0
45 262 0 0
262 10 0 0
10 105 0 0
105 292 0 1
292 179 0 0
179 106 0 0
106 165 0 1
165 0 0 0
1 13
0 96 1 1
96 275 1 2
275 177 1 1
177 287 1 1
287 146 1 1
146 276 1 2
276 294 1 2
294 33 1 1
33 197 1 2
197 56 1 1
56 97 1 2
97 291 1 1
291 0 1 0
2 2
0 175 2 0
175 0 2 0
3 5
0 154 3 2
154 254 3 2
254 162 3 2
162 296 3 2
296 0 3 0
4 16
0 172 4 2
172 263 4 2
263 173 4 2
173 168 4 2
168 266 4 2
266 274 4 2
274 158 4 1
158 140 4 1
140 167 4 2
167 80 4 1
80 159 4 2
159 19 4 2
19 285 4 1
285 281 4 2
281 280 4 2
280 0 4 0
5 14
0 290 5 0
290 46 5 0
46 83 5 0
83 295 5 1
295 117 5 1
117 17 5 1
17 57 5 0
57 271 5 0
271 180 5 0
180 32 5 0
32 6 5 0
6 279 5 1
279 7 5 0
7 0 5 0
6 17
0 299 6 1
299 199 6 0
199 189 6 2
189 293 6 0
293 59 6 2
59 123 6 1
123 3 6 2
3 38 6 1
38 43 6 2
43 260 6 2
260 92 6 1
92 116 6 0
116 300 6 2
300 273 6 1
273 264 6 2
264 185 6 0
185 0 6 0
7 4
0 121 7 2
121 100 7 2
100 90 7 2
90 0 7 0
8 2
0 115 8 0
115 0 8 0
9 1
0 0 9 0
10 1
0 0 10 0
11 11
0 193 11 1
193 71 11 1
71 131 11 1
131 44 11 1
44 191 11 1
191 40 11 2
40 36 11 2
36 267 11 1
267 268 11 2
268 4 11 1
4 0 11 0
12 2
0 157 12 2
157 0 12 0
13 20
0 258 13 1
258 11 13 2
11 255 13 1
255 182 13 1
182 61 13 2
61 252 13 0
252 136 13 2
136 2 13 0
2 257 13 1
257 261 13 0
261 114 13 0
114 34 13 2
34 66 13 2
66 31 13 1
31 286 13 2
286 270 13 1
270 149 13 1
149 65 13 2
65 15 13 2
15 0 13 0
14 7
0 120 14 1
120 39 14 1
39 298 14 1
298 278 14 1
278 128 14 1
128 166 14 1
166 0 14 0
15 16
0 9 15 1
9 272 15 0
272 26 15 0
26 283 15 0
283 259 15 2
259 147 15 1
147 133 15 1
133 41 15 2
41 282 15 1
282 160 15 1
160 103 15 2
103 21 15 0
21 12 15 2
12 253 15 0
253 42 15 1
42 0 15 0
16 15
0 251 16 2
251 161 16 0
161 198 16 2
198 67 16 0
67 14 16 0
14 54 16 1
54 284 16 0
284 113 16 1
113 72 16 2
72 265 16 0
265 277 16 1
277 288 16 0
288 82 16 1
82 256 16 1
256 0 16 0
17 2
0 16 17 2
16 0 17 0
18 15
0 227 18 3
227 297 18 4
297 77 18 4
77 263 18 5
263 266 18 4
266 274 18 3
274 28 18 5
28 252 18 5
252 122 18 3
122 25 18 4
25 232 18 3
232 139 18 3
139 47 18 4
47 291 18 3
291 0 18 0
19 16
0 227 19 4
227 81 19 3
81 240 19 3
240 135 19 5
135 269 19 4
269 284 19 4
284 183 19 3
183 265 19 4
265 277 19 5
277 23 19 5
23 195 19 3
195 238 19 4
238 296 19 3
296 37 19 3
37 217 19 4
217 0 19 0
20 16
0 290 20 3
290 275 20 4
275 137 20 3
137 127 20 5
127 163 20 5
163 110 20 5
110 260 20 4
260 112 20 5
112 30 20 4
30 219 20 4
219 233 20 3
233 279 20 5
279 178 20 5
178 24 20 4
24 223 20 3
223 0 20 0
21 22
0 231 21 3
231 214 21 3
214 206 21 4
206 258 21 3
258 242 21 3
242 208 21 3
208 255 21 4
255 73 21 3
73 229 21 3
229 204 21 3
204 239 21 3
239 187 21 5
187 188 21 3
188 134 21 4
134 250 21 3
250 176 21 4
176 285 21 5
285 232 21 5
232 55 21 5
55 79 21 3
79 235 21 4
235 0 21 0
22 20
0 231 22 4
231 214 22 5
214 206 22 5
206 242 22 4
242 208 22 4
208 49 22 4
49 27 22 4
27 124 22 4
124 68 22 4
68 170 22 3
170 84 22 4
84 5 22 3
5 246 22 3
246 213 22 3
213 153 22 3
153 18 22 3
18 270 22 3
270 35 22 4
35 202 22 4
202 0 22 0
23 9
0 210 23 5
210 60 23 5
60 241 23 5
241 50 23 5
50 220 23 5
220 219 23 5
219 264 23 5
264 20 23 5
20 0 23 0
24 14
0 210 24 4
210 241 24 4
241 248 24 3
248 293 24 4
293 51 24 5
51 194 24 5
194 98 24 4
98 119 24 5
119 99 24 4
99 76 24 3
76 101 24 3
101 238 24 5
238 223 24 5
223 0 24 0
25 13
0 230 25 3
230 299 25 4
299 93 25 3
93 126 25 5
126 248 25 4
248 190 25 4
190 141 25 4
141 295 25 4
295 152 25 3
152 220 25 4
220 63 25 4
63 143 25 4
143 0 25 0
26 15
0 230 26 5
230 1 26 4
1 276 26 5
276 294 26 5
294 22 26 3
22 85 26 4
85 271 26 4
271 95 26 3
95 169 26 5
169 233 26 4
233 87 26 4
87 142 26 4
142 300 26 5
300 273 26 4
273 0 26 0
27 11
0 254 27 5
254 236 27 4
236 211 27 4
211 228 27 4
228 62 27 4
62 70 27 5
70 52 27 4
52 249 27 4
249 164 27 5
164 245 27 4
245 0 27 0
28 19
0 89 28 5
89 287 28 5
287 200 28 5
200 118 28 4
118 240 28 5
240 289 28 4
289 218 28 3
218 13 28 4
13 125 28 4
125 150 28 4
150 111 28 4
111 267 28 5
267 237 28 4
237 148 28 3
148 226 28 4
226 253 28 3
253 184 28 5
184 217 28 5
217 0 28 0
29 11
0 104 29 3
104 186 29 4
186 236 29 3
236 107 29 4
107 247 29 5
247 201 29 3
201 224 29 5
224 288 29 5
288 256 29 5
256 245 29 3
245 0 29 0
30 15
0 207 30 4
207 272 30 5
272 283 30 3
283 203 30 3
203 222 30 3
222 234 30 3
234 75 30 5
75 216 30 4
216 29 30 3
29 209 30 3
209 282 30 3
282 246 30 4
246 205 30 3
205 202 30 5
202 0 30 0
31 18
0 207 31 5
207 8 31 3
8 181 31 5
181 171 31 4
171 94 31 5
94 259 31 3
259 203 31 4
203 222 31 4
222 234 31 5
234 216 31 5
216 209 31 4
209 130 31 3
130 58 31 4
58 237 31 5
237 226 31 5
226 268 31 3
268 235 31 5
235 0 31 0
32 19
0 225 32 3
225 221 32 4
221 243 32 3
243 212 32 4
212 151 32 3
151 144 32 5
144 244 32 3
244 88 32 3
88 229 32 4
229 204 32 5
204 239 32 4
239 262 32 5
262 78 32 3
78 213 32 4
213 109 32 5
109 74 32 4
74 292 32 4
292 205 32 4
205 0 32 0
33 5
0 53 33 4
53 247 33 3
247 201 33 4
201 224 33 3
224 0 33 0
34 2
0 298 34 4
298 0 34 0
35 17
0 225 35 5
225 221 35 5
221 243 35 4
243 212 35 5
212 174 35 3
174 244 35 5
244 218 35 5
218 48 35 3
48 156 35 5
156 257 35 3
257 261 35 5
261 250 35 4
250 286 35 3
286 281 35 5
281 155 35 4
155 280 35 4
280 0 35 0
36 11
0 251 36 5
251 211 36 5
211 228 36 3
228 278 36 3
278 249 36 3
249 102 36 3
102 86 36 3
86 69 36 4
69 192 36 4
192 64 36 3
64 0 36 0
37 2
0 215 37 3
215 0 37 0
38 2
0 215 38 5
215 0 38 0
39 1
0 0 39 0
