# Solution for ../instances-HHCRSP/InstanzVNS_HCSRP_200_1.txt
# Cost = 1409.21 Dist = 4226.82 Tard = 0.50227 TMax = 0.29254
# <vehicle> <route length>
# <origin node> <dest node> <vehicle> <service type>
0 12
0 139 0 0
139 189 0 0
189 82 0 0
82 101 0 0
101 19 0 0
19 183 0 0
183 185 0 0
185 197 0 0
197 46 0 0
46 75 0 0
75 38 0 0
38 0 0 0
1 11
0 182 1 2
182 123 1 2
123 186 1 2
186 178 1 2
178 17 1 2
17 5 1 2
5 131 1 2
131 57 1 2
57 191 1 2
191 25 1 2
25 0 1 0
2 11
0 134 2 1
134 177 2 1
177 98 2 1
98 12 2 1
12 31 2 1
31 111 2 1
111 128 2 1
128 78 2 1
78 176 2 1
176 58 2 1
58 0 2 0
3 6
0 70 3 2
70 67 3 2
67 22 3 2
22 21 3 2
21 173 3 2
173 0 3 0
4 3
0 13 4 1
13 89 4 1
89 0 4 0
5 3
0 73 5 1
73 192 5 1
192 0 5 0
6 19
0 42 6 2
42 43 6 1
43 180 6 1
180 120 6 1
120 193 6 2
193 194 6 2
194 56 6 1
56 137 6 2
137 3 6 1
3 188 6 2
188 97 6 1
97 184 6 2
184 30 6 2
30 11 6 1
11 53 6 2
53 200 6 2
200 99 6 2
99 171 6 1
171 0 6 0
7 18
0 33 7 0
33 175 7 0
175 198 7 2
198 104 7 1
104 60 7 2
60 62 7 1
62 71 7 1
71 15 7 0
15 179 7 0
179 93 7 2
93 41 7 1
41 195 7 0
195 59 7 2
59 199 7 0
199 110 7 1
110 7 7 2
7 107 7 0
107 0 7 0
8 13
0 125 8 0
125 190 8 1
190 172 8 1
172 48 8 0
48 77 8 0
77 187 8 0
187 103 8 0
103 90 8 0
90 106 8 0
106 66 8 0
66 196 8 0
196 55 8 0
55 0 8 0
9 14
0 181 9 2
181 47 9 0
47 81 9 2
81 174 9 0
174 18 9 0
18 61 9 0
61 84 9 0
84 92 9 0
92 100 9 0
100 129 9 2
129 133 9 2
133 105 9 0
105 40 9 2
40 0 9 0
10 16
0 24 10 5
24 102 10 4
102 170 10 4
170 175 10 5
175 138 10 3
138 140 10 4
140 54 10 3
54 142 10 3
142 94 10 4
94 16 10 4
16 39 10 3
39 158 10 3
158 167 10 5
167 29 10 3
29 69 10 5
69 0 10 0
11 14
0 148 11 3
148 115 11 3
115 149 11 3
149 14 11 3
14 91 11 3
91 159 11 3
159 169 11 3
169 79 11 3
79 135 11 3
135 179 11 3
179 188 11 3
188 36 11 3
36 167 11 3
167 0 11 0
12 13
0 170 12 5
170 198 12 5
198 45 12 3
45 159 12 5
159 114 12 5
114 145 12 5
145 118 12 5
118 64 12 3
64 76 12 3
76 153 12 3
153 156 12 3
156 171 12 5
171 0 12 0
13 15
0 27 13 4
27 37 13 3
37 160 13 4
160 6 13 4
6 63 13 4
63 119 13 4
119 136 13 4
136 165 13 4
165 126 13 4
126 184 13 5
184 158 13 5
158 153 13 5
153 156 13 4
156 196 13 5
196 0 13 0
14 10
0 148 14 4
148 182 14 4
182 186 14 4
186 166 14 4
166 146 14 4
146 163 14 4
163 183 14 4
183 124 14 4
124 173 14 4
173 0 14 0
15 11
0 180 15 4
180 162 15 3
162 152 15 3
152 168 15 3
168 163 15 3
163 68 15 4
68 176 15 3
176 44 15 3
44 191 15 3
191 164 15 3
164 0 15 0
16 7
0 190 16 5
190 65 16 4
65 145 16 4
145 113 16 5
113 164 16 4
164 28 16 5
28 0 16 0
17 8
0 149 17 5
149 166 17 3
166 178 17 5
178 35 17 5
35 72 17 4
72 185 17 4
185 197 17 5
197 0 17 0
18 6
0 50 18 5
50 88 18 5
88 174 18 3
174 157 18 5
157 141 18 5
141 0 18 0
19 12
0 151 19 3
151 52 19 3
52 177 19 5
177 189 19 3
189 85 19 3
85 109 19 3
109 26 19 5
26 161 19 5
161 155 19 5
155 143 19 5
143 4 19 3
4 0 19 0
20 9
0 151 20 4
151 83 20 5
83 161 20 4
161 155 20 4
155 51 20 4
51 143 20 4
143 74 20 4
74 32 20 4
32 0 20 0
21 5
0 95 21 5
95 122 21 5
122 87 21 5
87 150 21 3
150 0 21 0
22 10
0 10 22 4
10 162 22 4
162 146 22 5
146 152 22 5
152 168 22 5
168 130 22 5
130 34 22 4
34 157 22 4
157 141 22 4
141 0 22 0
23 14
0 181 23 4
181 127 23 3
127 154 23 3
154 86 23 5
86 49 23 4
49 23 23 4
23 169 23 4
169 144 23 4
144 195 23 4
195 199 23 4
199 116 23 4
116 80 23 5
80 147 23 4
147 0 23 0
24 12
0 154 24 5
154 193 24 5
193 194 24 3
194 2 24 4
2 132 24 3
132 1 24 3
1 112 24 4
112 144 24 5
144 187 24 4
187 96 24 5
96 147 24 5
147 0 24 0
25 8
0 117 25 5
117 20 25 5
20 172 25 4
172 160 25 5
160 142 25 4
142 165 25 5
165 200 25 3
200 0 25 0
26 4
0 8 26 4
8 150 26 5
150 9 26 4
9 0 26 0
27 4
0 108 27 3
108 121 27 4
121 192 27 3
192 0 27 0
28 1
0 0 28 0
29 1
0 0 29 0
