# Solution for ../instances-HHCRSP/InstanzCPLEX_HCSRP_50_1.txt
# Cost = 969.048 Dist = 1746.17 Tard = 970.156 TMax = 190.818
# <vehicle> <route length>
# <origin node> <dest node> <vehicle> <service type>
0 16
0 47 0 1
47 49 0 1
49 33 0 0
33 50 0 1
50 45 0 0
45 3 0 1
3 12 0 1
12 18 0 0
18 31 0 1
31 13 0 1
13 46 0 0
46 19 0 0
19 44 0 1
44 15 0 0
15 11 0 1
11 0 0 0
1 4
0 17 1 2
17 48 1 2
48 30 1 2
30 0 1 0
2 7
0 43 2 2
43 5 2 2
5 22 2 2
22 7 2 2
7 25 2 2
25 21 2 2
21 0 2 0
3 10
0 14 3 3
14 49 3 4
49 23 3 4
23 37 3 4
37 48 3 4
48 39 3 4
39 16 3 4
16 29 3 3
29 36 3 4
36 0 3 0
4 9
0 47 4 5
47 27 4 4
27 37 4 5
37 45 4 4
45 39 4 5
39 41 4 4
41 35 4 5
35 44 4 4
44 0 4 0
5 5
0 42 5 4
42 8 5 4
8 32 5 4
32 38 5 4
38 0 5 0
6 8
0 42 6 5
42 43 6 3
43 20 6 5
20 24 6 5
24 50 6 3
50 6 6 4
6 36 6 5
36 0 6 0
7 2
0 40 7 5
40 0 7 0
8 9
0 10 8 4
10 26 8 5
26 34 8 4
34 2 8 4
2 41 8 5
41 1 8 3
1 28 8 5
28 38 8 3
38 0 8 0
9 5
0 9 9 4
9 40 9 3
40 4 9 3
4 46 9 5
46 0 9 0
