# Solution for ../instances-HHCRSP/InstanzVNS_HCSRP_300_7.txt
# Cost = 1682.72 Dist = 5048.15 Tard = 0 TMax = 0
# <vehicle> <route length>
# <origin node> <dest node> <vehicle> <service type>
0 10
0 266 0 1
266 10 0 0
10 101 0 0
101 268 0 1
268 197 0 1
197 259 0 0
259 158 0 1
158 186 0 0
186 63 0 0
63 0 0 0
1 15
0 72 1 0
72 270 1 0
270 290 1 2
290 59 1 0
59 293 1 0
293 25 1 2
25 286 1 0
286 67 1 2
67 127 1 0
127 291 1 0
291 269 1 2
269 161 1 0
161 169 1 2
169 9 1 0
9 0 1 0
2 17
0 258 2 1
258 65 2 2
65 24 2 1
24 38 2 0
38 172 2 1
172 280 2 1
280 145 2 1
145 196 2 1
196 77 2 0
77 289 2 2
289 277 2 0
277 149 2 2
149 182 2 0
182 174 2 1
174 46 2 1
46 271 2 0
271 0 2 0
3 3
0 279 3 2
279 254 3 2
254 0 3 0
4 9
0 113 4 1
113 100 4 1
100 129 4 1
129 45 4 1
45 164 4 1
164 93 4 1
93 287 4 1
287 175 4 1
175 0 4 0
5 10
0 124 5 1
124 183 5 1
183 288 5 2
288 150 5 2
150 130 5 2
130 276 5 2
276 176 5 1
176 299 5 2
299 54 5 2
54 0 5 0
6 13
0 50 6 0
50 267 6 1
267 284 6 1
284 114 6 0
114 140 6 0
140 187 6 0
187 263 6 1
263 76 6 0
76 156 6 0
156 39 6 0
39 190 6 1
190 13 6 0
13 0 6 0
7 15
0 18 7 0
18 99 7 1
99 141 7 1
141 97 7 0
97 82 7 0
82 170 7 0
170 261 7 1
261 102 7 0
102 165 7 0
165 274 7 0
274 33 7 1
33 151 7 1
151 15 7 1
15 106 7 1
106 0 7 0
8 14
0 265 8 2
265 53 8 0
53 136 8 2
136 191 8 2
191 300 8 2
300 257 8 0
257 185 8 0
185 285 8 2
285 86 8 2
86 29 8 0
29 22 8 2
22 163 8 2
163 12 8 0
12 0 8 0
9 17
0 252 9 2
252 42 9 2
42 143 9 0
143 2 9 2
2 262 9 1
262 40 9 2
40 193 9 2
193 105 9 1
105 297 9 1
297 281 9 2
281 295 9 0
295 79 9 1
79 155 9 1
155 26 9 2
26 253 9 0
253 57 9 0
57 0 9 0
10 6
0 260 10 2
260 188 10 2
188 278 10 2
278 36 10 2
36 152 10 2
152 0 10 0
11 13
0 282 11 1
282 189 11 0
189 275 11 0
275 11 11 0
11 108 11 0
108 51 11 0
51 148 11 0
148 273 11 2
273 256 11 2
256 78 11 1
78 272 11 1
272 264 11 2
264 0 11 0
12 1
0 0 12 0
13 2
0 146 13 1
146 0 13 0
14 19
0 192 14 0
192 131 14 2
131 75 14 2
75 64 14 1
64 283 14 1
283 90 14 2
90 14 14 1
14 296 14 1
296 80 14 2
80 68 14 1
68 115 14 2
115 255 14 1
255 147 14 0
147 134 14 2
134 85 14 1
85 298 14 1
298 251 14 2
251 294 14 2
294 0 14 0
15 2
0 292 15 0
292 0 15 0
16 1
0 0 16 0
17 1
0 0 17 0
18 18
0 56 18 4
56 240 18 4
240 258 18 3
258 207 18 3
207 118 18 4
118 280 18 3
280 217 18 3
217 203 18 3
203 116 18 5
116 52 18 3
52 242 18 3
242 55 18 4
55 277 18 3
277 7 18 4
7 71 18 4
71 125 18 5
125 243 18 4
243 0 18 0
19 10
0 235 19 3
235 34 19 3
34 206 19 3
206 98 19 3
98 212 19 3
212 60 19 3
60 250 19 3
250 292 19 3
292 48 19 3
48 0 19 0
20 16
0 240 20 5
240 95 20 4
95 207 20 4
207 21 20 4
21 109 20 4
109 194 20 5
194 41 20 5
41 234 20 4
234 205 20 4
205 244 20 4
244 228 20 4
228 255 20 5
255 247 20 4
247 253 20 4
253 236 20 4
236 0 20 0
21 15
0 235 21 4
235 246 21 4
246 135 21 5
135 200 21 4
200 198 21 3
198 238 21 5
238 245 21 4
245 221 21 3
221 274 21 4
274 180 21 5
180 285 21 5
285 132 21 3
132 220 21 3
220 214 21 3
214 0 21 0
22 12
0 246 22 5
246 5 22 4
5 213 22 3
213 43 22 3
43 300 22 5
300 138 22 4
138 66 22 3
66 241 22 3
241 257 22 3
257 37 22 4
37 287 22 4
287 0 22 0
23 16
0 266 23 5
266 202 23 4
202 222 23 5
222 210 23 4
210 217 23 5
217 203 23 5
203 91 23 4
91 273 23 4
273 256 23 4
256 242 23 4
242 249 23 5
249 218 23 5
218 16 23 4
16 107 23 5
107 243 23 5
243 0 23 0
24 12
0 211 24 4
211 202 24 3
202 222 24 3
222 210 24 3
210 31 24 3
31 234 24 3
234 205 24 5
205 126 24 3
126 244 24 5
244 228 24 3
228 247 24 3
247 0 24 0
25 8
0 232 25 3
232 231 25 3
231 290 25 3
290 157 25 3
157 83 25 3
83 238 25 3
238 201 25 3
201 0 25 0
26 20
0 211 26 5
211 206 26 4
206 288 26 5
288 35 26 3
35 104 26 4
104 69 26 5
69 268 26 5
268 248 26 5
248 8 26 5
8 297 26 5
297 111 26 4
111 209 26 3
209 94 26 3
94 88 26 3
88 96 26 5
96 177 26 3
177 298 26 4
298 294 26 4
294 236 26 5
236 0 26 0
27 14
0 279 27 5
279 267 27 4
267 4 27 4
4 229 27 4
229 283 27 5
283 119 27 5
119 128 27 3
128 230 27 3
230 272 27 4
272 117 27 5
117 30 27 5
30 264 27 4
264 112 27 5
112 0 27 0
28 13
0 232 28 5
232 270 28 5
270 137 28 4
137 231 28 4
231 162 28 5
162 293 28 3
293 142 28 4
142 286 28 3
286 28 28 4
28 291 28 3
291 269 28 4
269 201 28 4
201 0 28 0
29 16
0 81 29 4
81 237 29 3
237 252 29 4
252 1 29 4
1 219 29 4
219 248 29 4
248 239 29 4
239 225 29 4
225 27 29 3
27 144 29 3
144 215 29 3
215 224 29 4
224 226 29 4
226 47 29 4
47 103 29 3
103 0 29 0
30 13
0 265 30 5
265 23 30 3
23 160 30 3
160 121 30 3
121 73 30 3
73 58 30 3
58 216 30 5
216 171 30 5
171 195 30 3
195 110 30 3
110 44 30 3
44 204 30 3
204 0 30 0
31 12
0 237 31 4
237 178 31 5
178 219 31 5
219 262 31 5
262 62 31 3
62 296 31 3
296 70 31 5
70 281 31 5
281 209 31 5
209 295 31 4
295 251 31 5
251 0 31 0
32 12
0 208 32 3
208 233 32 3
233 282 32 3
282 120 32 3
120 275 32 4
275 166 32 3
166 289 32 3
289 230 32 4
230 249 32 4
249 218 32 3
218 271 32 4
271 0 32 0
33 17
0 260 33 5
260 123 33 3
123 20 33 3
20 278 33 3
278 133 33 3
133 49 33 4
49 84 33 4
84 89 33 5
89 239 33 5
239 159 33 5
159 225 33 5
225 74 33 4
74 259 33 3
259 61 33 4
61 122 33 3
122 179 33 3
179 0 33 0
34 12
0 208 34 4
208 233 34 5
233 168 34 5
168 3 34 3
3 32 34 3
32 229 34 5
229 276 34 3
276 263 34 4
263 167 34 5
167 87 34 4
87 173 34 5
173 0 34 0
35 10
0 139 35 5
139 216 35 4
216 213 35 4
213 241 35 5
241 181 35 4
181 184 35 4
184 6 35 4
6 220 35 5
220 214 35 5
214 0 35 0
36 6
0 223 36 3
223 284 36 4
284 254 36 3
254 227 36 4
227 153 36 4
153 0 36 0
37 3
0 250 37 5
250 227 37 5
227 0 37 0
38 10
0 223 38 4
223 19 38 3
19 261 38 4
261 245 38 5
245 221 38 4
221 215 38 4
215 224 38 5
224 226 38 5
226 199 38 5
199 0 38 0
39 7
0 92 39 4
92 154 39 3
154 212 39 4
212 17 39 3
17 299 39 5
299 204 39 5
204 0 39 0
