# Solution for ../instances-HHCRSP/InstanzVNS_HCSRP_100_5.txt
# Cost = 781.504 Dist = 2332.53 Tard = 6.90035 TMax = 5.08132
# <vehicle> <route length>
# <origin node> <dest node> <vehicle> <service type>
0 19
0 93 0 0
93 14 0 0
14 99 0 0
99 46 0 2
46 17 0 0
17 91 0 0
91 9 0 2
9 87 0 0
87 39 0 1
39 100 0 2
100 27 0 2
27 31 0 1
31 97 0 0
97 69 0 2
69 89 0 2
89 33 0 1
33 5 0 0
5 24 0 2
24 0 0 0
1 2
0 15 1 2
15 0 1 0
2 1
0 0 2 0
3 11
0 21 3 0
21 23 3 0
23 34 3 1
34 18 3 1
18 51 3 1
51 86 3 0
86 88 3 0
88 35 3 1
35 95 3 1
95 13 3 1
13 0 3 0
4 10
0 98 4 1
98 64 4 2
64 36 4 2
36 3 4 2
3 96 4 1
96 40 4 1
40 25 4 1
25 4 4 2
4 92 4 1
92 0 4 0
5 9
0 70 5 0
70 94 5 2
94 56 5 0
56 41 5 0
41 43 5 0
43 32 5 2
32 90 5 0
90 30 5 2
30 0 5 0
6 1
0 0 6 0
7 14
0 6 7 5
6 59 7 3
59 78 7 5
78 80 7 5
80 77 7 3
77 63 7 3
63 66 7 3
66 91 7 5
91 72 7 3
72 67 7 3
67 10 7 3
10 100 7 5
100 92 7 5
92 0 7 0
8 15
0 78 8 4
78 80 8 4
80 99 8 4
99 11 8 5
11 72 8 5
72 2 8 4
2 47 8 4
47 68 8 5
68 83 8 4
83 48 8 4
48 61 8 5
61 26 8 4
26 97 8 5
97 89 8 5
89 0 8 0
9 10
0 16 9 4
16 60 9 5
60 93 9 4
93 77 9 5
77 53 9 4
53 87 9 4
87 7 9 4
7 83 9 5
83 85 9 5
85 0 9 0
10 12
0 38 10 3
38 54 10 5
54 42 10 5
42 45 10 3
45 52 10 5
52 22 10 5
22 62 10 3
62 29 10 3
29 86 10 4
86 88 10 3
88 82 10 4
82 0 10 0
11 9
0 58 11 4
58 84 11 3
84 79 11 3
79 75 11 3
75 65 11 4
65 1 11 5
1 96 11 5
96 44 11 3
44 0 11 0
12 9
0 81 12 4
81 20 12 3
20 8 12 5
8 19 12 5
19 94 12 3
94 76 12 3
76 37 12 4
37 82 12 5
82 0 12 0
13 4
0 84 13 4
84 79 13 4
79 75 13 4
75 0 13 0
14 4
0 81 14 5
81 90 14 5
90 57 14 5
57 0 14 0
15 2
0 73 15 3
73 0 15 0
16 2
0 73 16 4
73 0 16 0
17 9
0 98 17 4
98 49 17 5
49 28 17 3
28 71 17 3
71 55 17 5
55 74 17 3
74 76 17 4
76 95 17 4
95 0 17 0
18 6
0 50 18 3
50 71 18 4
71 74 18 4
74 12 18 3
12 85 18 3
85 0 18 0
19 1
0 0 19 0
