# Solution for ../instances-HHCRSP/InstanzCPLEX_HCSRP_75_10.txt
# Cost = 1232.91 Dist = 2526.35 Tard = 1038.11 TMax = 134.282
# <vehicle> <route length>
# <origin node> <dest node> <vehicle> <service type>
0 17
0 70 0 0
70 64 0 0
64 33 0 0
33 4 0 0
4 2 0 0
2 71 0 0
71 73 0 0
73 18 0 1
18 44 0 0
44 16 0 0
16 69 0 0
69 67 0 0
67 72 0 0
72 47 0 0
47 48 0 0
48 14 0 0
14 0 0 0
1 3
0 29 1 2
29 31 1 2
31 0 1 0
2 5
0 34 2 2
34 27 2 2
27 43 2 2
43 30 2 2
30 0 2 0
3 15
0 22 3 1
22 11 3 1
11 7 3 1
7 26 3 1
26 68 3 1
68 35 3 1
35 50 3 1
50 65 3 1
65 40 3 1
40 19 3 1
19 74 3 1
74 36 3 1
36 42 3 1
42 75 3 1
75 0 3 0
4 5
0 32 4 2
32 24 4 2
24 66 4 2
66 28 4 2
28 0 4 0
5 16
0 49 5 5
49 5 5 4
5 70 5 3
70 64 5 3
64 61 5 3
61 3 5 3
3 6 5 4
6 8 5 4
8 9 5 3
9 51 5 5
51 56 5 3
56 74 5 3
74 13 5 3
13 21 5 5
21 10 5 4
10 0 5 0
6 11
0 37 6 4
37 63 6 4
63 57 6 4
57 68 6 5
68 62 6 4
62 52 6 5
52 69 6 4
69 59 6 5
59 67 6 4
67 72 6 5
72 0 6 0
7 5
0 53 7 5
53 73 7 5
73 46 7 5
46 41 7 5
41 0 7 0
8 10
0 63 8 3
63 57 8 5
57 39 8 3
39 61 8 5
61 23 8 3
23 1 8 3
1 56 8 5
56 60 8 5
60 54 8 5
54 0 8 0
9 2
0 53 9 3
53 0 9 0
10 2
0 71 10 4
71 0 10 0
11 7
0 45 11 4
45 20 11 4
20 15 11 3
15 38 11 4
38 62 11 3
62 59 11 4
59 0 11 0
12 4
0 25 12 5
25 55 12 5
55 66 12 5
66 0 12 0
13 7
0 12 13 5
12 58 13 3
58 65 13 5
65 17 13 4
17 55 13 3
55 75 13 3
75 0 13 0
14 4
0 58 14 4
58 60 14 4
60 54 14 3
54 0 14 0
