# Solution for ../instances-HHCRSP/InstanzVNS_HCSRP_200_7.txt
# Cost = 1152.1 Dist = 3449.21 Tard = 4.90365 TMax = 2.18034
# <vehicle> <route length>
# <origin node> <dest node> <vehicle> <service type>
0 9
0 136 0 2
136 25 0 2
25 53 0 0
53 171 0 0
171 29 0 0
29 102 0 0
102 13 0 0
13 76 0 0
76 0 0 0
1 11
0 72 1 0
72 192 1 0
192 183 1 1
183 50 1 0
50 10 1 0
10 101 1 0
101 140 1 0
140 63 1 0
63 173 1 1
173 179 1 0
179 0 1 0
2 9
0 189 2 2
189 11 2 0
11 172 2 0
172 77 2 0
77 42 2 2
42 115 2 2
115 26 2 2
26 134 2 2
134 0 2 0
3 5
0 188 3 2
188 176 3 2
176 36 3 2
36 187 3 2
187 0 3 0
4 11
0 124 4 1
124 45 4 1
45 100 4 1
100 191 4 2
191 195 4 1
195 106 4 1
106 22 4 2
22 54 4 2
54 15 4 1
15 86 4 2
86 0 4 0
5 10
0 178 5 1
178 24 5 1
24 105 5 1
105 2 5 2
2 194 5 2
194 40 5 2
40 90 5 2
90 14 5 1
14 130 5 2
130 0 5 0
6 7
0 97 6 0
97 18 6 0
18 59 6 0
59 39 6 0
39 175 6 0
175 12 6 0
12 0 6 0
7 18
0 82 7 0
82 113 7 1
113 99 7 1
99 200 7 0
200 198 7 1
198 93 7 1
93 129 7 1
129 180 7 2
180 185 7 0
185 67 7 2
67 127 7 0
127 181 7 2
181 9 7 0
9 184 7 2
184 33 7 1
33 190 7 2
190 199 7 1
199 0 7 0
8 14
0 114 8 0
114 64 8 1
64 193 8 0
193 38 8 0
38 51 8 0
51 79 8 1
79 78 8 1
78 68 8 1
68 182 8 0
182 174 8 0
174 85 8 1
85 177 8 1
177 46 8 1
46 0 8 0
9 10
0 131 9 2
131 75 9 2
75 65 9 2
65 108 9 0
108 196 9 2
196 80 9 2
80 57 9 0
57 197 9 0
197 186 9 0
186 0 9 0
10 18
0 1 10 4
1 189 10 4
189 143 10 4
143 172 10 3
172 116 10 5
116 31 10 3
31 166 10 3
166 147 10 4
147 148 10 3
148 52 10 3
52 126 10 3
126 55 10 4
55 96 10 5
96 117 10 5
117 111 10 4
111 16 10 4
16 107 10 5
107 0 10 0
11 11
0 165 11 3
165 139 11 5
139 170 11 5
170 98 11 3
98 89 11 5
89 176 11 3
176 146 11 5
146 48 11 3
48 187 11 5
187 173 11 3
173 0 11 0
12 11
0 192 12 3
192 143 12 3
143 120 12 3
120 193 12 3
193 32 12 3
32 62 12 3
62 70 12 5
70 30 12 5
30 158 12 3
158 8 12 5
8 0 12 0
13 13
0 165 13 4
165 170 13 4
170 191 13 5
191 162 13 3
162 195 13 3
195 142 13 3
142 164 13 4
164 83 13 3
83 66 13 3
66 138 13 4
138 161 13 3
161 163 13 3
163 0 13 0
14 19
0 81 14 4
81 168 14 3
168 178 14 5
178 3 14 3
3 109 14 4
109 145 14 3
145 41 14 5
41 118 14 4
118 119 14 5
119 69 14 5
69 159 14 5
159 74 14 4
74 158 14 4
158 197 14 4
197 112 14 5
112 186 14 3
186 156 14 3
156 152 14 3
152 0 14 0
15 14
0 168 15 5
168 56 15 4
56 104 15 4
104 145 15 5
145 196 15 4
196 125 15 5
125 128 15 3
128 88 15 3
88 94 15 3
94 155 15 3
155 149 15 4
149 182 15 5
182 177 15 3
177 0 15 0
16 14
0 150 16 4
150 21 16 4
21 95 16 4
95 194 16 4
194 166 16 4
166 147 16 5
147 148 16 5
148 91 16 4
91 155 16 4
155 149 16 5
149 174 16 4
174 71 16 4
71 7 16 4
7 0 16 0
17 7
0 150 17 5
150 35 17 3
35 167 17 4
167 87 17 4
87 61 17 4
61 179 17 5
179 0 17 0
18 14
0 141 18 4
141 157 18 3
157 23 18 3
23 73 18 3
73 121 18 3
121 162 18 5
162 142 18 4
142 164 18 5
164 6 18 4
6 37 18 4
37 175 18 3
175 110 18 3
110 44 18 3
44 0 18 0
19 14
0 123 19 3
123 188 19 4
188 183 19 3
183 49 19 4
49 4 19 4
4 19 19 3
19 146 19 3
146 159 19 4
159 27 19 3
27 144 19 3
144 153 19 3
153 60 19 3
60 103 19 3
103 0 19 0
20 11
0 141 20 5
141 157 20 4
157 20 20 3
20 34 20 3
34 84 20 4
84 17 20 3
17 144 20 4
144 153 20 4
153 156 20 5
156 152 20 5
152 0 20 0
21 9
0 137 21 4
137 160 21 3
160 58 21 3
58 200 21 5
200 198 21 3
198 181 21 4
181 169 21 3
169 184 21 3
184 0 21 0
22 4
0 133 22 3
133 167 22 3
167 122 22 3
122 0 22 0
23 12
0 160 23 4
160 5 23 4
5 135 23 5
135 43 23 3
43 180 23 3
180 185 23 4
185 132 23 3
132 28 23 4
28 169 23 4
169 161 23 4
161 163 23 5
163 0 23 0
24 6
0 92 24 4
92 154 24 3
154 171 24 3
171 151 24 3
151 190 24 4
190 0 24 0
25 4
0 154 25 5
154 151 25 5
151 47 25 4
47 0 25 0
26 2
0 199 26 4
199 0 26 0
27 1
0 0 27 0
28 1
0 0 28 0
29 1
0 0 29 0
