# Solution for ../instances-HHCRSP/InstanzCPLEX_HCSRP_75_7.txt
# Cost = 605.751 Dist = 1803.64 Tard = 6.80625 TMax = 6.80625
# <vehicle> <route length>
# <origin node> <dest node> <vehicle> <service type>
0 6
0 50 0 0
50 74 0 0
74 29 0 0
29 9 0 0
9 12 0 0
12 0 0 0
1 13
0 2 1 2
2 42 1 2
42 11 1 0
11 38 1 0
38 64 1 0
64 40 1 2
40 51 1 0
51 68 1 1
68 70 1 1
70 46 1 1
46 26 1 2
26 71 1 0
71 0 1 0
2 10
0 72 2 1
72 18 2 0
18 73 2 0
73 75 2 1
75 10 2 0
10 13 2 0
13 39 2 0
39 15 2 1
15 33 2 1
33 0 2 0
3 5
0 65 3 1
65 24 3 1
24 14 3 1
14 69 3 1
69 0 3 0
4 7
0 25 4 2
25 45 4 1
45 67 4 2
67 66 4 1
66 22 4 2
22 36 4 2
36 0 4 0
5 11
0 23 5 3
23 53 5 3
53 58 5 3
58 73 5 3
73 43 5 3
43 5 5 4
5 67 5 5
67 66 5 3
66 6 5 4
6 28 5 4
28 0 5 0
6 5
0 53 6 5
53 58 6 4
58 75 6 4
75 37 6 4
37 0 6 0
7 10
0 72 7 4
72 34 7 3
34 20 7 3
20 49 7 4
49 4 7 4
4 19 7 3
19 8 7 5
8 61 7 3
61 63 7 3
63 0 7 0
8 4
0 17 8 3
17 27 8 3
27 48 8 3
48 0 8 0
9 13
0 21 9 4
21 65 9 5
65 31 9 3
31 52 9 3
52 68 9 4
68 70 9 5
70 62 9 4
62 30 9 5
30 57 9 4
57 55 9 3
55 7 9 4
7 71 9 3
71 0 9 0
10 10
0 56 10 3
56 35 10 3
35 32 10 3
32 1 10 4
1 41 10 5
41 62 10 5
62 57 10 5
57 55 10 4
55 16 10 4
16 0 10 0
11 8
0 56 11 5
56 3 11 3
3 64 11 4
64 69 11 3
69 74 11 4
74 61 11 4
61 63 11 4
63 0 11 0
12 5
0 59 12 3
59 47 12 4
47 54 12 4
54 60 12 3
60 0 12 0
13 3
0 59 13 4
59 44 13 3
44 0 13 0
14 3
0 54 14 3
54 60 14 5
60 0 14 0
