# Solution for ../instances-HHCRSP/InstanzCPLEX_HCSRP_50_5.txt
# Cost = 709.23 Dist = 1870.74 Tard = 194.522 TMax = 62.4278
# <vehicle> <route length>
# <origin node> <dest node> <vehicle> <service type>
0 13
0 45 0 0
45 14 0 0
14 50 0 0
50 17 0 0
17 34 0 1
34 21 0 0
21 23 0 0
23 48 0 0
48 25 0 1
25 5 0 0
5 33 0 1
33 35 0 1
35 0 0 0
1 13
0 15 1 2
15 49 1 2
49 9 1 2
9 3 1 2
3 43 1 2
43 30 1 2
30 32 1 2
32 47 1 2
47 27 1 2
27 4 1 2
4 24 1 2
24 44 1 2
44 0 1 0
2 5
0 46 2 1
46 31 2 1
31 18 2 1
18 13 2 1
13 0 2 0
3 11
0 6 3 5
6 22 3 5
22 11 3 5
11 50 3 3
50 10 3 3
10 39 3 3
39 7 3 4
7 48 3 3
48 37 3 3
37 40 3 5
40 0 3 0
4 6
0 42 4 3
42 45 4 5
45 29 4 3
29 19 4 5
19 41 4 5
41 0 4 0
5 8
0 42 5 4
42 16 5 4
16 46 5 3
46 2 5 4
2 39 5 5
39 47 5 5
47 26 5 4
26 0 5 0
6 5
0 38 6 4
38 36 6 4
36 37 6 4
37 40 6 4
40 0 6 0
7 9
0 38 7 3
38 28 7 3
28 49 7 4
49 36 7 5
36 12 7 3
12 1 7 5
1 43 7 4
43 41 7 4
41 0 7 0
8 1
0 0 8 0
9 4
0 8 9 5
8 20 9 3
20 44 9 5
44 0 9 0
