# Solution for ../instances-HHCRSP/InstanzVNS_HCSRP_100_4.txt
# Cost = 727.291 Dist = 2170.31 Tard = 7.52756 TMax = 4.03751
# <vehicle> <route length>
# <origin node> <dest node> <vehicle> <service type>
0 7
0 13 0 2
13 90 0 0
90 20 0 0
20 89 0 0
89 93 0 2
93 91 0 0
91 0 0 0
1 5
0 97 1 0
97 94 1 0
94 33 1 0
33 18 1 0
18 0 1 0
2 2
0 9 2 0
9 0 2 0
3 9
0 15 3 2
15 69 3 0
69 92 3 2
92 39 3 0
39 50 3 0
50 44 3 0
44 16 3 0
16 63 3 0
63 0 3 0
4 13
0 40 4 1
40 55 4 1
55 88 4 1
88 1 4 2
1 96 4 1
96 62 4 0
62 56 4 2
56 41 4 0
41 100 4 1
100 64 4 0
64 11 4 2
11 17 4 1
17 0 4 0
5 5
0 24 5 1
24 98 5 1
98 86 5 1
86 65 5 1
65 0 5 0
6 14
0 47 6 2
47 14 6 2
14 51 6 2
51 7 6 1
7 54 6 0
54 25 6 1
25 87 6 2
87 34 6 2
34 99 6 1
99 12 6 2
12 36 6 1
36 95 6 2
95 10 6 1
10 0 6 0
7 10
0 90 7 3
90 74 7 3
74 88 7 3
88 83 7 3
83 85 7 4
85 73 7 3
73 99 7 4
99 61 7 4
61 100 7 4
100 0 7 0
8 10
0 74 8 4
74 49 8 4
49 60 8 4
60 31 8 4
31 68 8 3
68 35 8 3
35 89 8 3
89 72 8 3
72 78 8 4
78 0 8 0
9 11
0 42 9 4
42 30 9 5
30 92 9 5
92 19 9 4
19 80 9 4
80 98 9 3
98 29 9 5
29 53 9 5
53 21 9 5
21 86 9 5
86 0 9 0
10 10
0 71 10 4
71 32 10 3
32 23 10 4
23 66 10 3
66 45 10 3
45 96 10 4
96 3 10 3
3 72 10 5
72 78 10 5
78 0 10 0
11 7
0 71 11 5
71 83 11 4
83 85 11 5
85 73 11 5
73 87 11 5
87 57 11 4
57 0 11 0
12 4
0 97 12 3
97 94 12 5
94 8 12 4
8 0 12 0
13 2
0 4 13 4
4 0 13 0
14 6
0 6 14 3
6 28 14 3
28 81 14 4
81 95 14 3
95 67 14 3
67 0 14 0
15 14
0 48 15 5
48 58 15 3
58 82 15 4
82 77 15 3
77 59 15 4
59 84 15 3
84 43 15 5
43 46 15 4
46 5 15 3
5 75 15 4
75 2 15 4
2 79 15 4
79 26 15 3
26 0 15 0
16 12
0 52 16 5
52 38 16 5
38 82 16 3
82 77 16 5
77 84 16 5
84 27 16 3
27 80 16 3
80 22 16 5
22 81 16 5
81 75 16 5
75 79 16 5
79 0 16 0
17 5
0 37 17 4
37 76 17 3
76 93 17 4
93 70 17 5
70 0 17 0
18 1
0 0 18 0
19 3
0 76 19 4
76 91 19 5
91 0 19 0
