# Solution for ../instances-HHCRSP/InstanzCPLEX_HCSRP_75_9.txt
# Cost = 715.265 Dist = 2133.75 Tard = 6.02272 TMax = 6.02272
# <vehicle> <route length>
# <origin node> <dest node> <vehicle> <service type>
0 4
0 71 0 1
71 10 0 1
10 32 0 0
32 0 0 0
1 5
0 66 1 1
66 9 1 1
9 1 1 1
1 30 1 1
30 0 1 0
2 11
0 47 2 2
47 35 2 2
35 36 2 2
36 11 2 2
11 68 2 2
68 27 2 0
27 70 2 1
70 45 2 2
45 69 2 2
69 74 2 1
74 0 2 0
3 11
0 42 3 2
42 64 3 1
64 50 3 1
50 67 3 0
67 4 3 1
4 8 3 0
8 75 3 2
75 72 3 1
72 18 3 2
18 21 3 1
21 0 3 0
4 12
0 73 4 2
73 43 4 0
43 23 4 2
23 16 4 2
16 33 4 0
33 20 4 0
20 26 4 0
26 28 4 2
28 44 4 2
44 31 4 0
31 65 4 2
65 0 4 0
5 8
0 71 5 5
71 49 5 5
49 2 5 4
2 5 5 5
5 17 5 5
17 61 5 4
61 55 5 5
55 0 5 0
6 5
0 63 6 3
63 58 6 3
58 61 6 5
61 55 6 3
55 0 6 0
7 4
0 73 7 4
73 14 7 4
14 53 7 4
53 0 7 0
8 15
0 63 8 5
63 56 8 4
56 67 8 4
67 19 8 5
19 12 8 4
12 75 8 5
75 72 8 3
72 62 8 3
62 15 8 5
15 37 8 5
37 69 8 4
69 57 8 3
57 51 8 4
51 74 8 3
74 0 8 0
9 9
0 52 9 4
52 22 9 4
22 56 9 5
56 6 9 3
6 68 9 4
68 70 9 4
70 62 9 4
62 24 9 4
24 0 9 0
10 10
0 59 10 3
59 54 10 5
54 66 10 3
66 48 10 5
48 58 10 5
58 38 10 3
38 29 10 3
29 40 10 5
40 57 10 5
57 0 10 0
11 8
0 64 11 4
64 34 11 4
34 54 11 4
54 41 11 4
41 3 11 4
3 13 11 4
13 65 11 4
65 0 11 0
12 4
0 39 12 3
39 46 12 5
46 53 12 3
53 0 12 0
13 4
0 59 13 4
59 25 13 5
25 60 13 5
60 0 13 0
14 3
0 7 14 5
7 60 14 3
60 0 14 0
