# Solution for ../instances-HHCRSP/InstanzVNS_HCSRP_100_3.txt
# Cost = 811.045 Dist = 2418.32 Tard = 9.53009 TMax = 5.28011
# <vehicle> <route length>
# <origin node> <dest node> <vehicle> <service type>
0 7
0 88 0 1
88 10 0 1
10 100 0 1
100 89 0 1
89 95 0 0
95 38 0 0
38 0 0 0
1 8
0 96 1 0
96 34 1 0
34 22 1 0
22 59 1 0
59 94 1 0
94 86 1 0
86 5 1 0
5 0 1 0
2 10
0 50 2 2
50 9 2 1
9 98 2 2
98 90 2 1
90 64 2 2
64 92 2 1
92 65 2 1
65 29 2 2
29 21 2 1
21 0 2 0
3 10
0 23 3 1
23 20 3 1
20 26 3 1
26 62 3 1
62 4 3 1
4 41 3 1
41 63 3 1
63 93 3 1
93 3 3 0
3 0 3 0
4 7
0 61 4 2
61 2 4 2
2 1 4 2
1 91 4 2
91 69 4 2
69 97 4 2
97 0 4 0
5 15
0 35 5 2
35 40 5 1
40 33 5 0
33 45 5 2
45 6 5 0
6 47 5 2
47 67 5 1
67 43 5 2
43 17 5 0
17 87 5 0
87 60 5 0
60 31 5 2
31 99 5 2
99 54 5 1
54 0 5 0
6 2
0 68 6 0
68 0 6 0
7 7
0 71 7 3
71 74 7 3
74 55 7 3
55 82 7 3
82 87 7 3
87 11 7 3
11 0 7 0
8 6
0 16 8 4
16 88 8 5
88 53 8 3
53 73 8 4
73 97 8 4
97 0 8 0
9 16
0 71 9 4
71 44 9 4
44 74 9 4
74 98 9 4
98 7 9 3
7 80 9 4
80 32 9 5
32 85 9 3
85 75 9 4
75 84 9 4
84 57 9 3
57 51 9 3
51 82 9 5
82 52 9 3
52 78 9 4
78 0 9 0
10 9
0 27 10 5
27 96 10 5
96 80 10 3
80 85 10 5
85 75 10 5
75 84 10 3
84 66 10 3
66 78 10 5
78 0 10 0
11 6
0 42 11 5
42 83 11 5
83 91 11 5
91 79 11 5
79 30 11 5
30 0 11 0
12 7
0 49 12 4
49 28 12 5
28 100 12 3
100 95 12 5
95 81 12 4
81 39 12 3
39 0 12 0
13 5
0 24 13 5
24 89 13 3
89 81 13 5
81 77 13 3
77 0 13 0
14 8
0 83 14 4
83 92 14 4
92 79 14 3
79 46 14 4
46 73 14 5
73 48 14 5
48 77 14 4
77 0 14 0
15 9
0 36 15 3
36 56 15 4
56 90 15 3
90 12 15 4
12 8 15 4
8 94 15 5
94 86 15 5
86 99 15 5
99 0 15 0
16 6
0 70 16 5
70 93 16 4
93 76 16 4
76 14 16 4
14 72 16 4
72 0 16 0
17 2
0 15 17 3
15 0 17 0
18 7
0 58 18 4
58 13 18 5
13 18 18 3
18 19 18 4
19 76 18 5
76 72 18 5
72 0 18 0
19 3
0 37 19 3
37 25 19 4
25 0 19 0
