# Solution for ../instances-HHCRSP/InstanzCPLEX_HCSRP_75_5.txt
# Cost = 728.747 Dist = 2180.63 Tard = 2.80359 TMax = 2.80359
# <vehicle> <route length>
# <origin node> <dest node> <vehicle> <service type>
0 16
0 14 0 0
14 72 0 1
72 67 0 0
67 17 0 0
17 66 0 0
66 31 0 1
31 68 0 0
68 39 0 1
39 69 0 1
69 75 0 1
75 5 0 0
5 25 0 1
25 33 0 1
33 35 0 1
35 24 0 2
24 0 0 0
1 7
0 15 1 2
15 36 1 2
36 3 1 2
3 74 1 2
74 32 1 2
32 30 1 2
30 0 1 0
2 9
0 71 2 1
71 64 2 1
64 34 2 1
34 51 2 1
51 18 2 1
18 65 2 1
65 40 2 1
40 13 2 1
13 0 2 0
3 7
0 70 3 0
70 21 3 0
21 23 3 0
23 43 3 0
43 73 3 0
73 41 3 0
41 0 3 0
4 5
0 9 4 2
9 46 4 2
46 27 4 2
27 4 4 2
4 0 4 0
5 10
0 38 5 3
38 54 5 3
54 59 5 3
59 45 5 3
45 63 5 3
63 22 5 5
22 12 5 3
12 19 5 5
19 1 5 5
1 0 5 0
6 13
0 54 6 5
54 59 6 4
59 2 6 4
2 10 6 3
10 72 6 3
72 67 6 3
67 66 6 4
66 68 6 4
68 47 6 4
47 69 6 3
69 26 6 4
26 61 6 3
61 0 6 0
7 10
0 42 7 5
42 60 7 3
60 52 7 5
52 11 7 5
11 63 7 5
63 62 7 3
62 53 7 5
53 75 7 3
75 61 7 5
61 0 7 0
8 6
0 58 8 3
58 50 8 3
50 70 8 3
70 55 8 5
55 56 8 3
56 0 8 0
9 13
0 16 9 4
16 60 9 5
60 28 9 3
28 49 9 5
49 6 9 5
6 64 9 4
64 29 9 3
29 62 9 4
62 48 9 4
48 53 9 4
53 7 9 4
7 37 9 4
37 0 9 0
10 3
0 58 10 5
58 44 10 3
44 0 10 0
11 5
0 71 11 4
71 55 11 4
55 56 11 5
56 74 11 4
74 0 11 0
12 3
0 20 12 3
20 57 12 3
57 0 12 0
13 5
0 8 13 5
8 65 13 4
65 73 13 5
73 57 13 5
57 0 13 0
14 1
0 0 14 0
