# Solution for ../instances-HHCRSP/InstanzCPLEX_HCSRP_75_4.txt
# Cost = 836.442 Dist = 2026.7 Tard = 375 TMax = 107.627
# <vehicle> <route length>
# <origin node> <dest node> <vehicle> <service type>
0 2
0 33 0 0
33 0 0 0
1 16
0 71 1 1
71 74 1 1
74 66 1 0
66 40 1 1
40 7 1 1
7 75 1 1
75 72 1 1
72 73 1 1
73 25 1 1
25 70 1 1
70 36 1 1
36 24 1 1
24 10 1 1
10 17 1 1
17 64 1 1
64 0 1 0
2 10
0 15 2 2
15 69 2 2
69 50 2 0
50 39 2 0
39 16 2 0
16 44 2 0
44 47 2 2
47 12 2 2
12 9 2 0
9 0 2 0
3 5
0 51 3 2
51 14 3 2
14 18 3 0
18 65 3 2
65 0 3 0
4 9
0 13 4 2
13 20 4 0
20 68 4 2
68 1 4 2
1 41 4 0
41 11 4 2
11 34 4 2
34 67 4 2
67 0 4 0
5 8
0 48 5 5
48 30 5 5
30 59 5 5
59 29 5 5
29 21 5 5
21 63 5 5
63 65 5 5
65 0 5 0
6 4
0 8 6 4
8 2 6 4
2 37 6 4
37 0 6 0
7 14
0 71 7 3
71 49 7 4
49 74 7 3
74 45 7 3
45 60 7 3
60 31 7 4
31 68 7 4
68 35 7 3
35 62 7 3
62 56 7 3
56 3 7 3
3 61 7 3
61 57 7 3
57 0 7 0
8 7
0 59 8 4
59 69 8 4
69 27 8 3
27 46 8 4
46 19 8 4
19 63 8 4
63 0 8 0
9 6
0 52 9 5
52 38 9 5
38 58 9 5
58 43 9 5
43 53 9 5
53 0 9 0
10 5
0 28 10 3
28 6 10 3
6 54 10 5
54 67 10 5
67 0 10 0
11 9
0 32 11 3
32 66 11 5
66 23 11 4
23 60 11 5
60 75 11 4
75 62 11 4
62 56 11 4
56 64 11 3
64 0 11 0
12 5
0 42 12 4
42 58 12 3
58 53 12 3
53 5 12 3
5 0 12 0
13 5
0 55 13 3
55 72 13 5
72 73 13 3
73 61 13 5
61 0 13 0
14 8
0 55 14 4
55 54 14 4
54 4 14 4
4 22 14 5
22 70 14 4
70 26 14 3
26 57 14 4
57 0 14 0
