# Solution for ../instances-HHCRSP/InstanzVNS_HCSRP_100_8.txt
# Cost = 770.585 Dist = 2311.76 Tard = 0 TMax = 0
# <vehicle> <route length>
# <origin node> <dest node> <vehicle> <service type>
0 11
0 91 0 2
91 86 0 2
86 17 0 0
17 21 0 0
21 23 0 2
23 94 0 0
94 68 0 2
68 12 0 2
12 6 0 2
6 90 0 2
90 0 0 0
1 16
0 42 1 0
42 65 1 0
65 33 1 1
33 22 1 1
22 45 1 2
45 55 1 0
55 97 1 0
97 53 1 1
53 100 1 1
100 89 1 0
89 44 1 1
44 13 1 2
13 48 1 1
48 51 1 0
51 46 1 2
46 0 1 0
2 7
0 11 2 0
11 40 2 0
40 95 2 0
95 62 2 0
62 16 2 0
16 5 2 0
5 0 2 0
3 7
0 57 3 1
57 92 3 1
92 36 3 1
36 96 3 1
96 27 3 1
27 18 3 1
18 0 3 0
4 4
0 56 4 2
56 58 4 2
58 98 4 2
98 0 4 0
5 4
0 87 5 2
87 60 5 2
60 93 5 2
93 0 5 0
6 8
0 10 6 0
10 54 6 1
54 66 6 1
66 32 6 1
32 4 6 1
4 99 6 0
99 88 6 1
88 0 6 0
7 10
0 91 7 5
91 86 7 5
86 92 7 5
92 78 7 4
78 63 7 5
63 19 7 3
19 29 7 3
29 2 7 4
2 67 7 5
67 0 7 0
8 12
0 25 8 5
25 8 8 5
8 82 8 3
82 75 8 3
75 83 8 3
83 24 8 4
24 34 8 5
34 47 8 4
47 72 8 3
72 35 8 4
35 79 8 3
79 0 8 0
9 8
0 37 9 5
37 81 9 3
81 31 9 5
31 71 9 3
71 76 9 3
76 80 9 5
80 88 9 3
88 0 9 0
10 9
0 43 10 4
43 61 10 4
61 71 10 4
71 76 10 4
76 80 10 4
80 98 10 4
98 99 10 3
99 39 10 4
39 0 10 0
11 4
0 87 11 4
87 77 11 4
77 79 11 4
79 0 11 0
12 11
0 49 12 5
49 7 12 3
7 82 12 5
82 75 12 4
75 83 12 4
83 100 12 3
100 89 12 4
89 72 12 4
72 69 12 3
69 73 12 3
73 0 12 0
13 9
0 26 13 3
26 50 13 4
50 14 13 5
14 94 13 3
94 78 13 5
78 15 13 4
15 52 13 4
52 28 13 3
28 0 13 0
14 1
0 0 14 0
15 5
0 84 15 5
84 74 15 5
74 85 15 5
85 9 15 5
9 0 15 0
16 8
0 59 16 3
59 84 16 3
84 74 16 3
74 20 16 3
20 90 16 3
90 30 16 5
30 85 16 4
85 0 16 0
17 9
0 70 17 5
70 1 17 4
1 97 17 4
97 64 17 3
64 95 17 5
95 81 17 5
81 3 17 4
3 73 17 5
73 0 17 0
18 6
0 77 18 3
77 96 18 3
96 41 18 5
41 38 18 4
38 93 18 5
93 0 18 0
19 1
0 0 19 0
