# Solution for ../instances-HHCRSP/InstanzVNS_HCSRP_100_9.txt
# Cost = 943.941 Dist = 2800.62 Tard = 21.7056 TMax = 9.50138
# <vehicle> <route length>
# <origin node> <dest node> <vehicle> <service type>
0 15
0 47 0 2
47 35 0 2
35 36 0 2
36 11 0 2
11 95 0 1
95 100 0 1
100 88 0 2
88 8 0 0
8 86 0 2
86 18 0 2
18 92 0 0
92 21 0 1
21 45 0 2
45 57 0 2
57 0 0 0
1 4
0 91 1 1
91 10 1 1
10 93 1 1
93 0 1 0
2 7
0 89 2 0
89 90 2 0
90 87 2 0
87 33 2 0
33 55 2 0
55 31 2 0
31 0 2 0
3 3
0 99 3 0
99 32 3 0
32 0 3 0
4 9
0 16 4 2
16 64 4 2
64 59 4 2
59 23 4 2
23 43 4 0
43 60 4 2
60 53 4 0
53 44 4 2
44 0 4 0
5 11
0 97 5 2
97 42 5 2
42 54 5 1
54 98 5 2
98 96 5 2
96 58 5 2
58 30 5 1
30 69 5 0
69 28 5 2
28 94 5 0
94 0 5 0
6 10
0 50 6 1
50 27 6 0
27 4 6 1
4 56 6 0
56 9 6 1
9 61 6 0
61 26 6 0
26 1 6 1
1 20 6 0
20 0 6 0
7 16
0 81 7 5
81 67 7 5
67 75 7 3
75 79 7 3
79 95 7 5
95 83 7 3
83 100 7 3
100 77 7 5
77 62 7 3
62 88 7 5
88 15 7 5
15 78 7 3
78 74 7 5
74 29 7 3
29 40 7 5
40 0 7 0
8 14
0 52 8 4
52 81 8 4
81 22 8 4
22 75 8 4
75 79 8 4
79 12 8 4
12 83 8 4
83 77 8 4
77 70 8 5
70 72 8 4
72 86 8 5
86 24 8 4
24 92 8 4
92 0 8 0
9 9
0 73 9 3
73 49 9 5
49 66 9 3
66 90 9 5
90 87 9 3
87 76 9 3
76 17 9 5
17 48 9 5
48 0 9 0
10 11
0 73 10 5
73 89 10 4
89 63 10 4
63 6 10 3
6 68 10 4
68 84 10 4
84 19 10 5
19 72 10 3
72 78 10 4
78 74 10 4
74 0 10 0
11 1
0 0 11 0
12 9
0 97 12 4
97 82 12 4
82 71 12 5
71 34 12 4
34 85 12 4
85 13 12 4
13 3 12 4
3 14 12 4
14 0 12 0
13 9
0 82 13 5
82 71 13 3
71 98 13 3
98 91 13 3
91 39 13 3
39 85 13 3
85 38 13 3
38 80 13 5
80 0 13 0
14 6
0 46 14 5
46 96 14 5
96 41 14 4
41 94 14 5
94 65 14 5
65 0 14 0
15 5
0 25 15 5
25 99 15 4
99 7 15 5
7 93 15 4
93 0 15 0
16 8
0 2 16 4
2 5 16 5
5 76 16 5
76 84 16 5
84 37 16 5
37 80 16 4
80 51 16 4
51 0 16 0
17 1
0 0 17 0
18 1
0 0 18 0
19 1
0 0 19 0
