# Solution for ../instances-HHCRSP/InstanzVNS_HCSRP_300_10.txt
# Cost = 1872.08 Dist = 5599.49 Tard = 10.5375 TMax = 6.20252
# <vehicle> <route length>
# <origin node> <dest node> <vehicle> <service type>
0 13
0 273 0 0
273 33 0 0
33 64 0 1
64 174 0 0
174 289 0 0
289 277 0 1
277 295 0 1
295 62 0 0
62 91 0 1
91 153 0 0
153 270 0 0
270 251 0 0
251 0 0 0
1 15
0 57 1 2
57 171 1 2
171 61 1 2
61 144 1 2
144 126 1 2
126 34 1 2
34 296 1 2
296 27 1 2
27 107 1 2
107 137 1 2
137 179 1 2
179 164 1 2
164 59 1 2
59 30 1 2
30 0 1 0
2 8
0 253 2 2
253 32 2 2
32 24 2 2
24 259 2 2
259 255 2 2
255 280 2 2
280 31 2 2
31 0 2 0
3 12
0 267 3 1
267 7 3 1
7 11 3 1
11 158 3 1
158 266 3 1
266 170 3 1
170 125 3 1
125 182 3 1
182 278 3 1
278 36 3 1
36 77 3 1
77 0 3 0
4 15
0 70 4 2
70 292 4 2
292 63 4 2
63 271 4 2
271 108 4 2
108 143 4 2
143 133 4 2
133 288 4 2
288 157 4 2
157 191 4 2
191 269 4 2
269 43 4 2
43 166 4 2
166 272 4 2
272 0 4 0
5 12
0 276 5 0
276 83 5 0
83 265 5 0
265 298 5 0
298 165 5 0
165 279 5 0
279 252 5 0
252 44 5 0
44 95 5 0
95 291 5 0
291 48 5 0
48 0 5 0
6 4
0 254 6 2
254 102 6 2
102 142 6 2
142 0 6 0
7 9
0 50 7 1
50 94 7 1
94 300 7 2
300 197 7 2
197 18 7 1
18 293 7 2
293 129 7 2
129 275 7 1
275 0 7 0
8 12
0 256 8 0
256 22 8 1
22 4 8 0
4 290 8 0
290 147 8 0
147 105 8 1
105 152 8 0
152 162 8 1
162 187 8 1
187 42 8 1
42 285 8 1
285 0 8 0
9 5
0 159 9 2
159 124 9 2
124 29 9 2
29 80 9 2
80 0 9 0
10 9
0 141 10 1
141 274 10 1
274 35 10 1
35 268 10 1
268 262 10 1
262 111 10 1
111 132 10 1
132 186 10 1
186 0 10 0
11 8
0 148 11 0
148 287 11 0
287 163 11 0
163 113 11 0
113 151 11 0
151 99 11 0
99 284 11 0
284 0 11 0
12 17
0 104 12 0
104 26 12 1
26 264 12 1
264 198 12 0
198 138 12 0
138 139 12 1
139 294 12 1
294 161 12 0
161 282 12 0
282 19 12 1
19 173 12 1
173 177 12 0
177 297 12 1
297 281 12 0
281 60 12 0
60 47 12 0
47 0 12 0
13 17
0 176 13 0
176 2 13 0
2 103 13 1
103 154 13 1
154 90 13 1
90 258 13 1
258 260 13 1
260 118 13 0
118 16 13 0
16 263 13 1
263 261 13 1
261 156 13 0
156 190 13 0
190 40 13 1
40 283 13 0
283 122 13 0
122 0 13 0
14 11
0 89 14 0
89 257 14 0
257 58 14 0
58 84 14 0
84 299 14 2
299 196 14 0
196 14 14 0
14 28 14 2
28 66 14 0
66 286 14 0
286 0 14 0
15 1
0 0 15 0
16 1
0 0 16 0
17 1
0 0 17 0
18 18
0 246 18 3
246 211 18 3
211 181 18 4
181 150 18 5
150 266 18 5
266 236 18 4
236 247 18 3
247 289 18 3
289 243 18 4
243 193 18 3
193 6 18 4
6 23 18 3
23 1 18 3
1 116 18 4
116 222 18 4
222 245 18 4
245 208 18 4
208 0 18 0
19 19
0 246 19 5
246 211 19 5
211 273 19 5
273 256 19 3
256 230 19 3
230 119 19 4
119 52 19 5
52 93 19 3
93 131 19 4
131 69 19 5
69 243 19 5
243 277 19 4
277 269 19 4
269 199 19 5
199 56 19 5
56 231 19 3
231 114 19 4
114 121 19 4
121 0 19 0
20 13
0 134 20 4
134 241 20 3
241 15 20 3
15 120 20 4
120 203 20 3
203 242 20 3
242 232 20 4
232 263 20 4
263 96 20 3
96 201 20 3
201 67 20 4
67 231 20 4
231 0 20 0
21 13
0 276 21 5
276 241 21 4
241 230 21 5
230 68 21 5
68 86 21 5
86 258 21 3
258 38 21 4
38 260 21 4
260 282 21 5
282 297 21 4
297 160 21 3
160 200 21 4
200 0 21 0
22 19
0 228 22 3
228 227 22 3
227 180 22 3
180 267 22 5
267 3 22 3
3 290 22 5
290 145 22 4
145 296 22 3
296 8 22 4
8 167 22 3
167 178 22 3
178 214 22 4
214 248 22 4
248 235 22 3
235 112 22 4
112 21 22 5
21 10 22 4
10 272 22 5
272 0 22 0
23 14
0 253 23 3
253 216 23 3
216 219 23 3
219 202 23 3
202 265 23 3
265 279 23 4
279 229 23 3
229 250 23 3
250 215 23 4
215 299 23 4
299 98 23 4
98 82 23 4
82 233 23 3
233 0 23 0
24 11
0 188 24 3
188 189 24 3
189 53 24 3
53 300 24 3
300 117 24 3
117 213 24 3
213 225 24 3
225 262 24 3
262 224 24 3
224 205 24 3
205 0 24 0
25 17
0 228 25 5
228 227 25 5
227 240 25 4
240 221 25 3
221 37 25 4
37 130 25 3
130 298 25 4
298 51 25 5
51 229 25 5
229 250 25 5
250 215 25 5
215 275 25 5
275 168 25 5
168 92 25 5
92 205 25 4
205 286 25 4
286 0 25 0
26 19
0 49 26 5
49 240 26 5
240 221 26 4
221 149 26 4
149 39 26 3
39 155 26 5
155 185 26 4
185 88 26 5
88 9 26 3
9 294 26 5
294 214 26 5
214 248 26 5
248 235 26 5
235 75 26 5
75 109 26 5
109 278 26 5
278 13 26 3
13 285 26 5
285 0 26 0
27 2
0 218 27 3
218 0 27 0
28 14
0 216 28 5
216 219 28 4
219 202 28 4
202 127 28 5
127 252 28 5
252 79 28 5
79 220 28 5
220 238 28 4
238 72 28 4
72 212 28 5
212 281 28 5
281 239 28 4
239 206 28 5
206 0 28 0
29 7
0 218 29 4
218 194 29 4
194 73 29 4
73 172 29 5
172 226 29 4
226 237 29 3
237 0 29 0
30 14
0 78 30 3
78 192 30 5
192 175 30 5
175 123 30 3
123 140 30 3
140 264 30 3
264 236 30 5
236 247 30 5
247 136 30 5
136 295 30 5
295 222 30 5
222 245 30 3
245 208 30 5
208 0 30 0
31 16
0 12 31 5
12 20 31 4
20 292 31 4
292 115 31 3
115 223 31 4
223 259 31 5
259 207 31 3
207 234 31 3
234 255 31 5
255 81 31 3
81 220 31 3
220 238 31 3
238 212 31 3
212 239 31 5
239 206 31 3
206 0 31 0
32 13
0 204 32 4
204 100 32 5
100 106 32 3
106 101 32 3
101 87 32 5
87 183 32 3
183 169 32 5
169 46 32 5
46 55 32 5
55 146 32 4
146 226 32 5
226 237 32 5
237 0 32 0
33 12
0 204 33 5
204 5 33 4
5 110 33 5
110 293 33 3
293 71 33 4
71 213 33 4
213 225 33 5
225 224 33 4
224 41 33 5
41 25 33 5
25 284 33 4
284 0 33 0
34 12
0 287 34 5
287 85 34 4
85 195 34 3
195 223 34 5
223 207 34 4
207 234 34 4
234 135 34 3
135 261 34 3
261 280 34 3
280 210 34 3
210 270 34 3
270 0 34 0
35 12
0 254 35 5
254 257 35 3
257 274 35 5
274 97 35 3
97 217 35 3
217 128 35 4
128 65 35 4
65 268 35 3
268 76 35 3
76 283 35 5
283 233 35 5
233 0 35 0
36 12
0 45 36 4
45 271 36 5
271 203 36 4
203 242 36 5
242 232 36 5
232 288 36 5
288 74 36 5
74 184 36 5
184 201 36 4
201 210 36 5
210 251 36 4
251 0 36 0
37 6
0 249 37 3
249 217 37 4
217 17 37 4
17 209 37 4
209 244 37 4
244 0 37 0
38 4
0 249 38 5
249 291 38 4
291 54 38 5
54 0 38 0
39 3
0 209 39 5
209 244 39 5
244 0 39 0
