# Solution for ../instances-HHCRSP/InstanzVNS_HCSRP_200_10.txt
# Cost = 1474.77 Dist = 4345.88 Tard = 57.7387 TMax = 20.7022
# <vehicle> <route length>
# <origin node> <dest node> <vehicle> <service type>
0 14
0 188 0 0
188 192 0 0
192 181 0 0
181 33 0 0
33 4 0 0
4 185 0 0
185 138 0 0
138 178 0 0
178 193 0 0
193 16 0 0
16 118 0 0
118 62 0 0
62 177 0 0
177 0 0 0
1 15
0 7 1 1
7 34 1 2
34 64 1 1
64 126 1 2
126 61 1 2
61 26 1 1
26 174 1 2
174 105 1 1
105 27 1 2
27 187 1 2
187 191 1 2
191 43 1 2
43 199 1 1
199 77 1 1
77 0 1 0
2 4
0 189 2 1
189 18 2 1
18 172 2 1
172 0 2 0
3 14
0 180 3 1
180 11 3 1
11 175 3 1
175 22 3 1
22 125 3 1
125 198 3 1
198 19 3 1
19 90 3 1
90 173 3 1
173 139 3 1
139 91 3 1
91 36 3 1
36 42 3 1
42 0 3 0
4 6
0 50 4 1
50 94 4 1
94 35 4 1
35 103 4 1
103 111 4 1
111 0 4 0
5 17
0 104 5 0
104 2 5 0
2 89 5 0
89 195 5 0
195 84 5 0
84 83 5 0
83 24 5 2
24 44 5 0
44 179 5 0
179 95 5 0
95 186 5 0
186 60 5 0
60 31 5 2
31 99 5 0
99 196 5 0
196 48 5 0
48 0 5 0
6 14
0 176 6 2
176 70 6 2
70 57 6 2
57 171 6 2
171 63 6 2
63 108 6 2
108 137 6 2
137 133 6 2
133 182 6 2
182 107 6 2
107 184 6 2
184 30 6 2
30 59 6 2
59 0 6 0
7 6
0 80 7 2
80 124 7 2
124 129 7 2
129 102 7 2
102 32 7 2
32 0 7 0
8 15
0 194 8 0
194 197 8 0
197 183 8 0
183 113 8 0
113 29 8 2
29 58 8 0
58 132 8 1
132 190 8 2
190 40 8 1
40 47 8 0
47 122 8 0
122 14 8 0
14 66 8 0
66 28 8 2
28 0 8 0
9 2
0 200 9 2
200 0 9 0
10 10
0 188 10 3
188 141 10 4
141 183 10 4
183 117 10 3
117 41 10 5
41 76 10 3
76 151 10 4
151 156 10 4
156 98 10 4
98 0 10 0
11 11
0 141 11 5
141 195 11 5
195 128 11 4
128 17 11 4
17 97 11 3
97 92 11 5
92 186 11 3
186 54 11 5
54 196 11 3
196 142 11 4
142 0 11 0
12 8
0 127 12 5
127 143 12 3
143 86 12 5
86 154 12 3
154 81 12 3
81 179 12 3
179 156 12 3
156 0 12 0
13 14
0 5 13 4
5 192 13 5
192 143 13 4
143 38 13 4
38 185 13 3
185 155 13 3
155 157 13 3
157 9 13 3
9 182 13 3
182 109 13 5
109 153 13 5
153 121 13 4
121 72 13 4
72 0 13 0
14 8
0 106 14 3
106 194 14 5
194 197 14 5
197 159 14 5
159 146 14 5
146 25 14 5
25 172 14 4
172 0 14 0
15 12
0 150 15 3
150 181 15 4
181 174 15 4
174 8 15 4
8 145 15 4
145 116 15 4
116 23 15 3
23 112 15 4
112 1 15 3
1 10 15 4
10 166 15 3
166 0 15 0
16 15
0 150 16 5
150 144 16 3
144 158 16 3
158 147 16 3
147 3 16 3
3 178 16 4
178 193 16 3
193 167 16 4
167 191 16 4
191 152 16 3
152 162 16 3
162 21 16 5
21 75 16 5
75 199 16 4
199 0 16 0
17 12
0 176 17 4
176 115 17 3
115 78 17 3
78 180 17 3
180 171 17 3
171 93 17 3
93 175 17 4
175 198 17 3
198 165 17 3
165 153 17 3
153 114 17 4
114 0 17 0
18 6
0 101 18 3
101 73 18 4
73 163 18 4
163 159 18 4
159 146 18 3
146 0 18 0
19 12
0 144 19 5
144 158 19 5
158 147 19 4
147 123 19 3
123 155 19 5
155 157 19 4
157 167 19 5
167 13 19 3
13 177 19 5
177 160 19 3
160 67 19 4
67 0 19 0
20 6
0 189 20 3
189 87 20 5
87 169 20 3
169 110 20 5
110 200 20 5
200 0 20 0
21 11
0 148 21 3
148 12 21 5
12 154 21 5
154 96 21 3
96 165 21 5
165 51 21 5
51 173 21 3
173 56 21 5
56 184 21 4
184 160 21 4
160 0 21 0
22 7
0 148 22 5
148 163 22 5
163 100 22 5
100 53 22 3
53 55 22 5
55 46 22 5
46 0 22 0
23 13
0 85 23 4
85 49 23 5
49 20 23 4
20 135 23 3
135 161 23 3
161 120 23 4
120 52 23 5
52 88 23 5
88 69 23 5
69 74 23 5
74 164 23 3
164 79 23 5
79 0 23 0
24 3
0 169 24 5
169 168 24 4
168 0 24 0
25 8
0 149 25 3
149 170 25 3
170 39 25 3
39 131 25 4
131 119 25 4
119 161 25 4
161 164 25 4
164 0 25 0
26 11
0 149 26 5
149 170 26 5
170 140 26 3
140 145 26 5
145 136 26 5
136 6 26 4
6 187 26 4
187 152 26 4
152 162 26 4
162 166 26 4
166 0 26 0
27 2
0 142 27 5
142 0 27 0
28 10
0 134 28 4
134 45 28 4
45 15 28 3
15 37 28 4
37 130 28 3
130 68 28 5
68 151 28 5
151 190 28 3
190 82 28 4
82 0 28 0
29 4
0 71 29 4
71 65 29 4
65 168 29 5
168 0 29 0
