# Solution for ../instances-HHCRSP/InstanzVNS_HCSRP_300_9.txt
# Cost = 1986.08 Dist = 5933.51 Tard = 16.6227 TMax = 8.09902
# <vehicle> <route length>
# <origin node> <dest node> <vehicle> <service type>
0 12
0 50 0 1
50 281 0 1
281 4 0 1
4 161 0 1
161 162 0 0
162 299 0 0
299 144 0 0
144 78 0 1
78 134 0 1
134 21 0 1
21 176 0 0
176 0 0 0
1 6
0 82 1 1
82 274 1 1
274 294 1 1
294 10 1 1
10 263 1 1
263 0 1 0
2 9
0 275 2 0
275 177 2 0
177 123 2 0
123 90 2 0
90 80 2 0
80 69 2 0
69 187 2 0
187 20 2 0
20 0 2 0
3 11
0 81 3 0
81 287 3 0
287 147 3 0
147 255 3 1
255 264 3 0
264 286 3 0
286 83 3 0
83 8 3 0
8 137 3 1
137 267 3 0
267 0 3 0
4 7
0 71 4 0
71 298 4 0
298 284 4 0
284 151 4 0
151 53 4 0
53 140 4 0
140 0 4 0
5 13
0 146 5 2
146 262 5 2
262 150 5 2
150 11 5 2
11 166 5 0
166 95 5 2
95 158 5 2
158 77 5 2
77 191 5 2
191 45 5 2
45 112 5 2
112 276 5 2
276 0 5 0
6 4
0 268 6 0
268 194 6 0
194 31 6 0
31 0 6 0
7 15
0 289 7 1
289 96 7 1
96 26 7 0
26 61 7 0
61 254 7 1
254 85 7 1
85 105 7 1
105 292 7 1
292 141 7 0
141 278 7 0
278 172 7 1
172 183 7 0
183 293 7 1
293 174 7 0
174 0 7 0
8 3
0 73 8 0
73 32 8 0
32 0 8 0
9 13
0 64 9 2
64 54 9 1
54 98 9 1
98 97 9 1
97 101 9 1
101 23 9 2
23 143 9 1
143 266 9 2
266 180 9 1
180 271 9 2
271 135 9 1
135 253 9 2
253 0 9 0
10 17
0 42 10 2
42 269 10 1
269 89 10 1
89 116 10 2
116 272 10 2
272 9 10 1
9 124 10 2
124 58 10 2
58 1 10 1
1 182 10 2
182 30 10 1
30 279 10 2
279 188 10 2
188 152 10 1
152 260 10 2
260 57 10 2
57 0 10 0
11 14
0 280 11 2
280 36 11 2
36 300 11 2
300 139 11 2
139 72 11 2
72 86 11 1
86 193 11 2
193 18 11 2
18 259 11 2
259 111 11 2
111 148 11 1
148 138 11 1
138 74 11 1
74 0 11 0
12 3
0 273 12 0
273 43 12 0
43 0 12 0
13 10
0 117 13 1
117 277 13 1
277 265 13 1
265 295 13 0
295 33 13 0
33 252 13 1
252 184 13 0
184 125 13 1
125 261 13 0
261 0 13 0
14 18
0 47 14 2
47 297 14 0
297 79 14 0
79 178 14 2
178 27 14 0
27 56 14 0
56 84 14 2
84 195 14 0
195 257 14 0
257 283 14 0
283 186 14 2
186 291 14 0
291 258 14 0
258 127 14 2
127 296 14 2
296 55 14 0
55 251 14 0
251 0 14 0
15 7
0 35 15 2
35 87 15 2
87 288 15 2
288 28 15 2
28 169 15 2
169 44 15 2
44 0 15 0
16 5
0 59 16 2
59 282 16 2
282 60 16 2
60 93 16 2
93 0 16 0
17 12
0 185 17 2
185 142 17 1
142 16 17 2
16 122 17 1
122 256 17 2
256 126 17 2
126 197 17 2
197 270 17 2
270 285 17 2
285 290 17 2
290 157 17 2
157 0 17 0
18 18
0 231 18 3
231 281 18 4
281 280 18 4
280 242 18 4
242 68 18 4
68 196 18 5
196 119 18 3
119 210 18 3
210 221 18 4
221 245 18 3
245 62 18 3
62 233 18 4
233 259 18 4
259 247 18 3
247 237 18 3
237 235 18 3
235 51 18 4
51 0 18 0
19 15
0 231 19 5
231 155 19 4
155 22 19 4
22 297 19 3
297 75 19 5
75 168 19 3
168 175 19 3
175 19 19 5
19 132 19 3
132 300 19 5
300 245 19 4
245 267 19 5
267 167 19 4
167 276 19 3
276 0 19 0
20 13
0 91 20 3
91 34 20 4
34 275 20 3
275 206 20 4
206 265 20 3
265 295 20 3
295 48 20 5
48 76 20 3
76 205 20 3
205 209 20 3
209 279 20 4
279 236 20 3
236 0 20 0
21 8
0 274 21 5
274 294 21 3
294 128 21 5
128 109 21 3
109 211 21 3
211 102 21 3
102 293 21 5
293 0 21 0
22 17
0 164 22 4
164 262 22 5
262 223 22 5
223 242 22 5
242 255 22 5
255 12 22 4
12 264 22 4
264 210 22 4
210 88 22 4
88 286 22 5
286 160 22 4
160 212 22 4
212 24 22 4
24 92 22 4
92 213 22 5
213 260 22 4
260 0 22 0
23 11
0 269 23 3
269 2 23 4
2 130 23 4
130 206 23 5
206 248 23 4
248 205 23 4
205 209 23 4
209 37 23 5
37 230 23 3
230 236 23 4
236 0 23 0
24 8
0 289 24 5
289 238 24 3
238 204 24 3
204 273 24 3
273 202 24 5
202 108 24 5
108 250 24 3
250 0 24 0
25 14
0 165 25 5
165 234 25 3
234 217 25 4
217 133 25 3
133 156 25 3
156 154 25 5
154 199 25 3
199 215 25 3
215 3 25 4
3 189 25 3
189 244 25 3
244 240 25 4
240 241 25 3
241 0 25 0
26 13
0 192 26 3
192 223 26 3
223 287 26 5
287 106 26 3
106 6 26 3
6 225 26 3
225 299 26 3
299 208 26 4
208 220 26 4
220 29 26 3
29 249 26 4
249 65 26 5
65 0 26 0
27 13
0 49 27 5
49 66 27 3
66 272 27 5
272 115 27 3
115 248 27 5
248 38 27 3
38 232 27 3
232 15 27 5
15 233 27 3
233 247 27 5
247 237 27 5
237 40 27 5
40 0 27 0
28 11
0 234 28 4
234 217 28 5
217 224 28 3
224 284 28 5
284 218 28 3
218 181 28 3
181 46 28 5
46 285 28 3
285 94 28 4
94 290 28 3
290 0 28 0
29 10
0 298 29 5
298 39 29 3
39 277 29 3
277 215 29 5
215 198 29 5
198 218 29 5
218 153 29 5
153 253 29 3
253 270 29 3
270 0 29 0
30 10
0 243 30 4
243 246 30 4
246 222 30 3
222 282 30 4
282 114 30 4
114 263 30 3
263 219 30 3
219 207 30 3
207 149 30 4
149 0 30 0
31 12
0 243 31 5
243 100 31 5
100 99 31 4
99 224 31 5
224 25 31 5
25 120 31 4
120 266 31 3
266 271 31 5
271 244 31 5
244 240 31 5
240 241 31 5
241 0 31 0
32 16
0 52 32 4
52 227 32 4
227 216 32 3
216 226 32 3
226 229 32 3
229 201 32 4
201 225 32 4
225 257 32 3
257 283 32 4
283 232 32 4
232 190 32 4
190 291 32 5
291 258 32 4
258 118 32 3
118 261 32 5
261 0 32 0
33 15
0 170 33 3
170 214 33 3
214 227 33 5
227 216 33 5
216 226 33 5
226 229 33 5
229 201 33 3
201 70 33 5
70 221 33 3
221 212 33 5
212 200 33 3
200 136 33 3
136 213 33 3
213 131 33 5
131 0 33 0
34 13
0 145 34 4
145 179 34 5
179 67 34 5
67 104 34 4
104 173 34 4
173 63 34 4
63 110 34 3
110 208 34 5
208 220 34 5
220 129 34 5
129 230 34 5
230 235 34 4
235 0 34 0
35 13
0 214 35 5
214 268 35 4
268 239 35 4
239 228 35 3
228 288 35 5
288 17 35 5
17 203 35 3
203 103 35 5
103 121 35 4
121 256 35 3
256 41 35 4
41 250 35 5
250 0 35 0
36 11
0 239 36 5
239 228 36 5
228 5 36 5
5 203 36 4
203 254 36 3
254 249 36 5
249 292 36 5
292 278 36 4
278 171 36 5
171 159 36 5
159 0 36 0
37 7
0 246 37 5
246 222 37 5
222 7 37 5
7 14 37 4
14 219 37 5
219 207 37 4
207 0 37 0
38 4
0 238 38 4
238 204 38 5
204 202 38 4
202 0 38 0
39 9
0 113 39 3
113 107 39 5
107 211 39 5
211 163 39 4
163 252 39 5
252 13 39 4
13 296 39 4
296 251 39 5
251 0 39 0
