# Solution for ../instances-HHCRSP/InstanzVNS_HCSRP_200_7.txt
# Cost = 1170 Dist = 3509.87 Tard = 0.06226 TMax = 0.06226
# <vehicle> <route length>
# <origin node> <dest node> <vehicle> <service type>
0 12
0 11 0 0
11 38 0 0
38 189 0 2
189 172 0 0
172 77 0 0
77 42 0 2
42 51 0 0
51 194 0 2
194 140 0 0
140 197 0 0
197 186 0 0
186 0 0 0
1 12
0 82 1 0
82 113 1 1
113 129 1 1
129 45 1 1
45 100 1 1
100 195 1 1
195 59 1 0
59 102 1 0
102 63 1 0
63 173 1 1
173 13 1 0
13 0 1 0
2 10
0 131 2 2
131 101 2 0
101 193 2 0
193 90 2 2
90 114 2 0
114 130 2 2
130 187 2 2
187 179 2 0
179 76 2 0
76 0 2 0
3 1
0 0 3 0
4 11
0 64 4 1
64 2 4 2
2 40 4 2
40 105 4 1
105 14 4 1
14 80 4 2
80 79 4 1
79 115 4 2
115 26 4 2
26 134 4 2
134 0 4 0
5 10
0 183 5 1
183 188 5 2
188 176 5 2
176 36 5 2
36 54 5 2
54 22 5 2
22 106 5 1
106 15 5 1
15 86 5 2
86 0 5 0
6 8
0 72 6 0
72 192 6 0
192 50 6 0
50 10 6 0
10 39 6 0
39 175 6 0
175 12 6 0
12 0 6 0
7 15
0 178 7 1
178 75 7 2
75 24 7 1
24 65 7 2
65 108 7 0
108 196 7 2
196 68 7 1
68 78 7 1
78 85 7 1
85 174 7 0
174 182 7 0
182 177 7 1
177 46 7 1
46 57 7 0
57 0 7 0
8 9
0 124 8 1
124 99 8 1
99 200 8 0
200 198 8 1
198 93 8 1
93 9 8 0
9 33 8 1
33 199 8 1
199 0 8 0
9 16
0 18 9 0
18 191 9 2
191 97 9 0
97 25 9 2
25 53 9 0
53 136 9 2
136 171 9 0
171 185 9 0
185 180 9 2
180 67 9 2
67 127 9 0
127 181 9 2
181 184 9 2
184 29 9 0
29 190 9 2
190 0 9 0
10 18
0 145 10 3
145 143 10 4
143 189 10 4
189 1 10 4
1 172 10 3
172 118 10 4
118 119 10 5
119 41 10 5
41 196 10 4
196 128 10 3
128 109 10 4
109 88 10 3
88 125 10 5
125 30 10 5
30 8 10 5
8 197 10 4
197 158 10 3
158 0 10 0
11 14
0 145 11 5
145 143 11 3
143 120 11 3
120 70 11 5
70 147 11 5
147 166 11 3
166 148 11 3
148 52 11 3
52 155 11 3
155 149 11 5
149 182 11 5
182 177 11 3
177 94 11 3
94 0 11 0
12 10
0 160 12 3
160 139 12 5
139 20 12 3
20 34 12 3
34 144 12 3
144 17 12 3
17 156 12 3
156 153 12 3
153 152 12 3
152 0 12 0
13 15
0 160 13 4
160 137 13 4
137 58 13 3
58 5 13 4
5 200 13 5
200 198 13 3
198 135 13 5
135 43 13 3
43 185 13 4
185 180 13 3
180 28 13 4
28 181 13 4
181 184 13 3
184 169 13 3
169 0 13 0
14 15
0 133 14 3
133 49 14 4
49 183 14 3
183 192 14 3
192 146 14 3
146 176 14 3
176 89 14 5
89 98 14 3
98 144 14 4
144 84 14 4
84 27 14 3
27 156 14 5
156 153 14 4
153 48 14 3
48 0 14 0
15 10
0 81 15 4
81 178 15 5
178 168 15 3
168 3 15 3
3 56 15 4
56 69 15 5
69 112 15 5
112 186 15 3
186 158 15 4
158 0 15 0
16 7
0 168 16 5
168 104 16 4
104 4 16 4
4 74 16 4
74 159 16 4
159 152 16 5
152 0 16 0
17 8
0 123 17 3
123 188 17 4
188 146 17 5
146 159 17 5
159 19 17 3
19 187 17 5
187 173 17 3
173 0 17 0
18 13
0 150 18 4
150 95 18 4
95 116 18 5
116 31 18 3
31 147 18 4
147 55 18 4
55 126 18 3
126 96 18 5
96 117 18 5
117 111 18 4
111 16 18 4
16 107 18 5
107 0 18 0
19 5
0 165 19 3
165 170 19 4
170 163 19 3
163 103 19 3
103 0 19 0
20 16
0 150 20 5
150 35 20 3
35 21 20 4
21 32 20 3
32 193 20 3
193 62 20 3
62 194 20 4
194 166 20 4
166 148 20 5
148 91 20 4
91 155 20 4
155 149 20 4
149 174 20 4
174 71 20 4
71 7 20 4
7 0 20 0
21 11
0 165 21 4
165 170 21 5
170 191 21 5
191 162 21 3
162 195 21 3
195 142 21 4
142 83 21 3
83 138 21 4
138 161 21 3
161 163 21 5
163 0 21 0
22 13
0 121 22 3
121 141 22 5
141 23 22 3
23 157 22 3
157 73 22 3
73 162 22 5
162 142 22 3
142 164 22 5
164 175 22 3
175 110 22 3
110 44 22 3
44 60 22 3
60 0 22 0
23 7
0 92 23 4
92 154 23 3
154 171 23 3
171 132 23 3
132 151 23 3
151 190 23 4
190 0 23 0
24 9
0 141 24 4
141 157 24 4
157 37 24 4
37 6 24 4
6 164 24 4
164 161 24 4
161 66 24 3
66 169 24 4
169 0 24 0
25 4
0 154 25 5
154 151 25 5
151 47 25 4
47 0 25 0
26 5
0 167 26 3
167 87 26 4
87 61 26 4
61 179 26 5
179 0 26 0
27 3
0 167 27 4
167 122 27 3
122 0 27 0
28 2
0 199 28 4
199 0 28 0
29 1
0 0 29 0
