# Solution for ../instances-HHCRSP/InstanzVNS_HCSRP_300_1.txt
# Cost = 1841.65 Dist = 5499.45 Tard = 16.8123 TMax = 8.69455
# <vehicle> <route length>
# <origin node> <dest node> <vehicle> <service type>
0 14
0 300 0 1
300 33 0 0
33 299 0 0
299 175 0 0
175 62 0 1
62 71 0 1
71 283 0 0
283 77 0 0
77 48 0 0
48 184 0 0
184 11 0 1
11 196 0 0
196 298 0 1
298 0 0 0
1 11
0 260 1 2
260 291 1 2
291 169 1 2
169 93 1 2
93 277 1 2
277 274 1 2
274 158 1 2
158 53 1 2
53 261 1 2
261 30 1 2
30 0 1 0
2 4
0 42 2 2
42 21 2 2
21 192 2 2
192 0 2 0
3 16
0 264 3 2
264 104 3 1
104 273 3 1
273 294 3 1
294 280 3 1
280 253 3 1
253 60 3 2
60 268 3 2
268 160 3 1
160 142 3 2
142 97 3 1
97 254 3 2
254 99 3 2
99 171 3 1
171 276 3 1
276 0 3 0
4 2
0 40 4 2
40 0 4 0
5 12
0 182 5 2
182 81 5 2
81 123 5 2
123 287 5 2
287 137 5 2
137 17 5 2
17 131 5 2
131 25 5 2
25 59 5 2
59 269 5 2
269 57 5 2
57 0 5 0
6 7
0 151 6 2
151 70 6 2
70 292 6 2
292 252 6 2
252 267 6 2
267 22 6 2
22 0 6 0
7 5
0 279 7 0
279 289 7 0
289 15 7 0
15 265 7 0
265 0 7 0
8 15
0 181 8 0
181 255 8 0
255 120 8 1
120 251 8 0
251 125 8 0
125 296 8 0
296 297 8 1
297 128 8 1
128 174 8 1
174 293 8 0
293 257 8 1
257 46 8 0
46 107 8 0
107 58 8 1
58 0 8 0
9 16
0 180 9 0
180 56 9 1
56 272 9 0
272 281 9 0
281 258 9 1
258 3 9 1
3 295 9 2
295 106 9 0
106 90 9 0
90 191 9 1
191 164 9 1
164 7 9 2
7 157 9 1
157 271 9 0
271 55 9 0
55 0 9 0
10 2
0 129 10 2
129 0 10 0
11 7
0 134 11 1
134 31 11 1
31 98 11 1
98 43 11 1
43 285 11 1
285 197 11 1
197 0 11 0
12 15
0 139 12 0
139 189 12 0
189 262 12 0
262 12 12 1
12 256 12 1
256 13 12 1
13 150 12 1
150 67 12 2
67 100 12 0
100 290 12 1
290 284 12 1
284 75 12 0
75 89 12 1
89 133 12 2
133 0 12 0
13 8
0 148 13 1
148 282 13 1
282 5 13 2
5 176 13 2
176 259 13 2
259 73 13 1
73 266 13 2
266 0 13 0
14 15
0 288 14 0
288 263 14 1
263 166 14 0
166 47 14 0
47 193 14 0
193 78 14 1
78 275 14 1
275 278 14 0
278 41 14 1
41 270 14 1
270 103 14 0
103 147 14 1
147 66 14 0
66 110 14 1
110 0 14 0
15 8
0 18 15 0
18 82 15 0
82 19 15 0
19 101 15 0
101 61 15 0
61 38 15 0
38 92 15 0
92 0 15 0
16 4
0 84 16 0
84 286 16 0
286 105 16 0
105 0 16 0
17 3
0 168 17 0
168 111 17 1
111 0 17 0
18 21
0 300 18 3
300 215 18 4
215 45 18 3
45 37 18 3
37 159 18 5
159 217 18 3
217 205 18 3
205 211 18 4
211 135 18 3
135 94 18 4
94 39 18 3
39 165 18 5
165 209 18 5
209 204 18 5
204 283 18 3
283 126 18 4
126 254 18 5
254 224 18 3
224 233 18 4
233 298 18 5
298 0 18 0
19 20
0 203 19 3
203 260 19 3
260 91 19 3
91 232 19 3
232 289 19 3
289 234 19 3
234 65 19 4
65 119 19 4
119 6 19 4
6 23 19 4
23 63 19 4
63 188 19 3
188 209 19 4
209 204 19 4
204 200 19 4
200 36 19 3
36 274 19 4
274 228 19 3
228 245 19 3
245 0 19 0
20 16
0 203 20 4
203 239 20 3
239 222 20 4
222 219 20 4
219 10 20 4
10 262 20 4
262 216 20 4
216 206 20 3
206 237 20 4
237 240 20 4
240 155 20 3
155 290 20 4
290 284 20 3
284 212 20 3
212 250 20 3
250 0 20 0
21 8
0 85 21 3
85 246 21 3
246 124 21 4
124 4 21 3
4 173 21 4
173 243 21 3
243 51 21 4
51 0 21 0
22 14
0 239 22 5
239 222 22 5
222 219 22 5
219 50 22 5
50 88 22 5
88 297 22 3
297 178 22 3
178 141 22 4
141 163 22 3
163 130 22 5
130 293 22 4
293 257 22 5
257 121 22 4
121 0 22 0
23 18
0 202 23 3
202 232 23 5
232 299 23 5
299 140 23 4
140 102 23 4
102 221 23 3
221 268 23 5
268 235 23 3
235 227 23 3
227 207 23 3
207 153 23 5
153 265 23 4
265 270 23 5
270 156 23 3
156 213 23 3
213 210 23 4
210 225 23 3
225 0 23 0
24 18
0 202 24 4
202 279 24 3
279 247 24 4
247 190 24 3
190 234 24 5
234 280 24 5
280 253 24 5
253 114 24 5
114 258 24 4
258 230 24 3
230 64 24 3
64 226 24 3
226 96 24 5
96 269 24 5
269 213 24 4
213 210 24 5
210 225 24 5
225 0 24 0
25 13
0 251 25 4
251 127 25 3
127 49 25 4
49 27 25 4
27 249 25 3
249 244 25 3
244 287 25 3
287 218 25 3
218 241 25 3
241 220 25 3
220 231 25 3
231 116 25 4
116 0 25 0
26 16
0 255 26 5
255 215 26 5
215 24 26 5
24 54 26 3
54 172 26 4
172 217 26 4
217 136 26 4
136 201 26 3
201 112 26 4
112 195 26 5
195 241 26 5
241 220 26 4
220 80 26 5
80 28 26 5
28 72 26 4
72 0 26 0
27 16
0 115 27 3
115 264 27 5
264 247 27 5
247 138 27 3
138 79 27 3
79 221 27 5
221 235 27 5
235 227 27 5
227 207 27 5
207 16 27 4
16 29 27 3
29 167 27 3
167 224 27 4
224 233 27 5
233 276 27 4
276 0 27 0
28 7
0 83 28 5
83 286 28 5
286 236 28 5
236 87 28 5
87 32 28 4
32 212 28 5
212 0 28 0
29 14
0 154 29 5
154 273 29 4
273 14 29 3
14 294 29 5
294 272 29 3
272 86 29 5
86 118 29 5
118 281 29 3
281 230 29 5
230 226 29 4
226 295 29 5
295 144 29 4
144 231 29 5
231 0 29 0
30 9
0 238 30 4
238 146 30 4
146 68 30 4
68 282 30 5
282 152 30 4
152 183 30 5
183 34 30 4
34 185 30 4
185 0 30 0
31 7
0 238 31 3
238 216 31 5
216 206 31 5
206 252 31 5
252 267 31 5
267 285 31 3
285 0 31 0
32 11
0 8 32 4
8 177 32 4
177 122 32 5
122 52 32 3
52 161 32 5
161 95 32 5
95 256 32 4
256 237 32 5
237 26 32 5
26 240 32 5
240 0 32 0
33 14
0 117 33 5
117 198 33 5
198 20 33 5
20 291 33 3
291 170 33 5
170 205 33 4
205 211 33 5
211 179 33 5
179 223 33 3
223 242 33 3
242 277 33 4
277 228 33 5
228 245 33 4
245 0 33 0
34 14
0 288 34 4
288 249 34 5
249 244 34 5
244 296 34 5
296 194 34 5
194 145 34 5
145 201 34 4
201 187 34 4
187 76 34 3
76 223 34 5
223 242 34 4
242 69 34 5
69 261 34 4
261 0 34 0
35 11
0 149 35 4
149 186 35 5
186 263 35 3
263 35 35 5
35 218 35 4
218 113 35 5
113 199 35 5
199 132 35 3
132 214 35 4
214 44 35 3
44 0 35 0
36 11
0 208 36 3
208 109 36 3
109 229 36 3
229 162 36 4
162 275 36 3
275 278 36 4
278 1 36 3
1 2 36 4
2 214 36 5
214 271 36 3
271 0 36 0
37 8
0 208 37 4
208 229 37 4
229 259 37 3
259 246 37 4
246 248 37 5
248 266 37 3
266 143 37 3
143 0 37 0
38 8
0 108 38 3
108 292 38 4
292 236 38 3
236 9 38 4
9 243 38 4
243 74 38 4
74 250 38 5
250 0 38 0
39 2
0 248 39 3
248 0 39 0
