# Solution for ../instances-HHCRSP/InstanzVNS_HCSRP_300_8.txt
# Cost = 1599.83 Dist = 4785.56 Tard = 9.76291 TMax = 4.16109
# <vehicle> <route length>
# <origin node> <dest node> <vehicle> <service type>
0 11
0 55 0 0
55 22 0 1
22 290 0 1
290 262 0 1
262 107 0 1
107 259 0 1
259 27 0 1
27 273 0 1
273 18 0 1
18 158 0 0
158 0 0 0
1 17
0 271 1 0
271 17 1 0
17 21 1 0
21 74 1 0
74 268 1 0
268 94 1 0
94 173 1 0
173 297 1 0
297 295 1 1
295 78 1 0
78 270 1 0
270 90 1 0
90 283 1 2
283 258 1 2
258 129 1 0
129 113 1 2
113 0 1 0
2 14
0 281 2 0
281 125 2 0
125 40 2 0
40 45 2 2
45 117 2 2
117 188 2 0
188 291 2 0
291 62 2 0
62 277 2 2
277 76 2 0
76 73 2 0
73 46 2 2
46 105 2 2
105 0 2 0
3 7
0 293 3 2
293 272 3 2
272 91 3 2
91 192 3 2
192 253 3 2
253 264 3 2
264 0 3 0
4 11
0 261 4 1
261 275 4 2
275 178 4 1
178 151 4 2
151 58 4 2
58 252 4 1
252 4 4 1
4 77 4 2
77 131 4 1
131 138 4 1
138 0 4 0
5 17
0 286 5 1
286 185 5 1
185 53 5 1
53 164 5 2
164 294 5 2
294 44 5 1
44 267 5 1
267 166 5 1
166 296 5 2
296 167 5 2
167 181 5 1
181 265 5 1
265 71 5 1
71 103 5 2
103 127 5 2
127 150 5 2
150 0 5 0
6 8
0 10 6 0
10 145 6 0
145 135 6 0
135 130 6 0
130 95 6 0
95 98 6 0
98 81 6 0
81 0 6 0
7 6
0 60 7 2
60 260 7 2
260 278 7 2
278 170 7 2
170 289 7 2
289 0 7 0
8 15
0 87 8 1
87 179 8 2
179 92 8 1
92 102 8 2
102 23 8 2
23 36 8 1
36 159 8 2
159 6 8 2
6 139 8 0
139 172 8 1
172 115 8 1
115 12 8 2
12 287 8 2
287 251 8 0
251 0 8 0
9 13
0 197 9 1
197 161 9 1
161 68 9 2
68 57 9 1
57 126 9 1
126 282 9 2
282 279 9 2
279 32 9 1
32 93 9 2
93 257 9 1
257 276 9 1
276 255 9 1
255 0 9 0
10 8
0 284 10 0
284 112 10 0
112 11 10 0
11 100 10 0
100 269 10 0
269 263 10 0
263 109 10 0
109 0 10 0
11 3
0 56 11 2
56 256 11 2
256 0 11 0
12 1
0 0 12 0
13 17
0 42 13 0
42 104 13 2
104 186 13 2
186 274 13 1
274 285 13 2
285 266 13 2
266 254 13 1
254 298 13 2
298 13 13 2
13 187 13 2
187 196 13 2
196 119 13 0
119 288 13 2
288 149 13 0
149 300 13 1
300 174 13 0
174 0 13 0
14 7
0 66 14 1
66 292 14 0
292 156 14 1
156 16 14 0
16 5 14 0
5 160 14 0
160 0 14 0
15 13
0 134 15 0
134 65 15 0
65 195 15 1
195 33 15 1
33 168 15 1
168 75 15 1
75 132 15 0
132 120 15 0
120 280 15 0
280 72 15 0
72 51 15 0
51 48 15 1
48 0 15 0
16 4
0 299 16 1
299 54 16 1
54 110 16 1
110 0 16 0
17 1
0 0 17 0
18 12
0 155 18 3
155 50 18 4
50 86 18 4
86 136 18 3
136 106 18 4
106 239 18 3
239 141 18 4
141 270 18 4
270 283 18 3
283 30 18 5
30 258 18 4
258 0 18 0
19 18
0 207 19 3
207 232 19 3
232 211 19 3
211 204 19 3
204 25 19 5
25 193 19 3
193 34 19 5
34 237 19 3
237 47 19 4
47 118 19 5
118 298 19 3
298 267 19 3
267 83 19 3
83 225 19 3
225 89 19 4
89 280 19 4
280 246 19 4
246 0 19 0
20 17
0 207 20 5
207 232 20 4
232 211 20 5
211 204 20 4
204 137 20 4
137 237 20 4
237 294 20 3
294 24 20 4
24 291 20 5
291 180 20 4
180 225 20 5
225 234 20 3
234 228 20 4
228 238 20 4
238 152 20 4
152 229 20 3
229 0 20 0
21 10
0 271 21 5
271 84 21 4
84 208 21 3
208 224 21 4
224 85 21 3
85 287 21 3
287 9 21 5
9 226 21 5
226 169 21 4
169 0 21 0
22 12
0 261 22 4
261 272 22 5
272 19 22 3
19 268 22 5
268 282 22 5
282 279 22 5
279 203 22 3
203 223 22 3
223 133 22 4
133 67 22 5
67 257 22 4
257 0 22 0
23 20
0 249 23 3
249 245 23 5
245 247 23 5
247 233 23 5
233 59 23 3
59 143 23 3
143 177 23 3
177 182 23 5
182 38 23 4
38 242 23 4
242 269 23 4
269 252 23 3
252 203 23 5
203 223 23 4
223 28 23 3
28 263 23 3
263 276 23 5
276 123 23 4
123 255 23 5
255 0 23 0
24 11
0 249 24 4
249 245 24 3
245 247 24 3
247 233 24 4
233 297 24 3
297 2 24 4
2 142 24 4
142 214 24 4
214 146 24 3
146 206 24 4
206 0 24 0
25 14
0 286 25 3
286 189 25 3
189 8 25 5
8 230 25 4
230 216 25 3
216 184 25 5
184 217 25 4
217 285 25 4
285 266 25 5
266 254 25 4
254 205 25 3
205 288 25 5
288 300 25 4
300 0 25 0
26 15
0 281 26 4
281 121 26 3
121 64 26 3
64 201 26 3
201 212 26 3
212 202 26 4
202 111 26 5
111 122 26 5
122 165 26 5
165 273 26 4
273 213 26 4
213 79 26 3
79 80 26 5
80 210 26 3
210 0 26 0
27 5
0 209 27 4
209 20 27 3
20 147 27 4
147 226 27 3
226 0 27 0
28 13
0 209 28 5
209 26 28 3
26 116 28 5
116 14 28 5
14 63 28 5
63 190 28 3
190 239 28 5
239 295 28 3
295 175 28 5
175 29 28 3
29 214 28 5
214 206 28 3
206 0 28 0
29 12
0 241 29 4
241 230 29 5
230 216 29 4
216 217 29 5
217 82 29 4
82 290 29 4
290 205 29 5
205 39 29 4
39 35 29 4
35 153 29 5
153 229 29 4
229 0 29 0
30 18
0 241 30 5
241 108 30 3
108 231 30 3
231 250 30 3
250 70 30 5
70 37 30 5
37 275 30 5
275 215 30 5
215 242 30 5
242 277 30 3
277 114 30 5
114 296 30 3
296 69 30 3
69 234 30 5
234 228 30 5
228 238 30 3
238 246 30 3
246 0 30 0
31 18
0 222 31 4
222 43 31 4
43 61 31 4
61 231 31 4
231 250 31 4
250 194 31 4
194 1 31 4
1 128 31 4
128 201 31 5
201 212 31 4
212 202 31 5
202 219 31 4
219 220 31 4
220 227 31 4
227 3 31 4
3 259 31 5
259 213 31 5
213 0 31 0
32 11
0 222 32 3
222 284 32 5
284 236 32 4
236 240 32 4
240 244 32 3
244 215 32 4
215 31 32 5
31 265 32 3
265 176 32 5
176 210 32 4
210 0 32 0
33 14
0 293 33 4
293 236 33 5
236 240 33 5
240 244 33 5
244 15 33 4
15 221 33 3
221 183 33 4
183 224 33 5
224 154 33 5
154 144 33 5
144 253 33 5
253 264 33 3
264 101 33 4
101 0 33 0
34 2
0 52 34 4
52 0 34 0
35 11
0 163 35 5
163 199 35 5
199 124 35 3
124 260 35 5
260 292 35 5
292 235 35 3
235 248 35 3
248 243 35 3
243 289 35 3
289 96 35 5
96 0 35 0
36 8
0 200 36 3
200 278 36 4
278 218 36 3
218 235 36 4
235 248 36 4
248 243 36 5
243 198 36 4
198 0 36 0
37 7
0 299 37 5
299 221 37 5
221 256 37 5
256 208 37 5
208 148 37 4
148 251 37 4
251 0 37 0
38 12
0 7 38 3
7 97 38 4
97 274 38 5
274 171 38 5
171 219 38 5
219 220 38 5
220 262 38 3
262 227 38 3
227 99 38 5
99 157 38 5
157 88 38 5
88 0 38 0
39 7
0 49 39 5
49 218 39 4
218 140 39 5
140 162 39 3
162 191 39 3
191 41 39 5
41 0 39 0
