# Solution for ../instances-HHCRSP/InstanzVNS_HCSRP_100_7.txt
# Cost = 738.094 Dist = 2213.63 Tard = 0.32456 TMax = 0.32456
# <vehicle> <route length>
# <origin node> <dest node> <vehicle> <service type>
0 16
0 65 0 2
65 95 0 2
95 11 0 0
11 38 0 0
38 90 0 0
90 64 0 1
64 24 0 1
24 51 0 0
51 91 0 0
91 68 0 1
68 26 0 2
26 96 0 0
96 94 0 1
94 46 0 1
46 57 0 0
57 0 0 0
1 10
0 18 1 0
18 100 1 1
100 99 1 2
99 53 1 0
53 25 1 2
25 9 1 0
9 12 1 0
12 86 1 1
86 22 1 2
22 0 1 0
2 9
0 98 2 1
98 45 2 1
45 93 2 0
93 59 2 0
59 29 2 0
29 15 2 1
15 33 2 1
33 39 2 0
39 0 2 0
3 3
0 97 3 2
97 67 3 2
67 0 3 0
4 7
0 2 4 2
2 42 4 2
42 40 4 2
40 88 4 2
88 14 4 1
14 87 4 2
87 0 4 0
5 2
0 92 5 2
92 0 5 0
6 8
0 50 6 0
50 10 6 0
10 89 6 2
89 54 6 2
54 36 6 2
36 13 6 0
13 63 6 0
63 0 6 0
7 13
0 81 7 4
81 3 7 3
3 21 7 4
21 95 7 3
95 31 7 3
31 80 7 3
80 70 7 5
70 16 7 4
16 96 7 5
96 85 7 5
85 94 7 5
94 71 7 3
71 0 7 0
8 12
0 81 8 5
81 75 8 4
75 1 8 4
1 77 8 3
77 78 8 5
78 79 8 3
79 41 8 5
41 30 8 5
30 87 8 5
87 61 8 4
61 76 8 3
76 0 8 0
9 10
0 49 9 4
49 56 9 4
56 90 9 3
90 32 9 3
32 77 9 4
77 78 9 4
78 79 9 4
79 52 9 3
52 88 9 4
88 0 9 0
10 10
0 100 10 4
100 99 10 3
99 43 10 3
43 73 10 3
73 5 10 4
5 66 10 3
66 83 10 3
83 37 10 4
37 86 10 3
86 0 10 0
11 11
0 98 11 4
98 4 11 4
4 35 11 3
35 62 11 3
62 80 11 4
80 91 11 4
91 85 11 4
85 55 11 4
55 7 11 4
7 71 11 4
71 0 11 0
12 10
0 72 12 3
72 34 12 3
34 82 12 3
82 20 12 3
20 89 12 3
89 17 12 3
17 48 12 3
48 19 12 3
19 76 12 4
76 0 12 0
13 5
0 75 13 5
75 69 13 5
69 8 13 5
8 74 13 3
74 0 13 0
14 8
0 72 14 4
72 82 14 4
82 97 14 5
97 28 14 4
28 93 14 3
93 6 14 4
6 47 14 4
47 0 14 0
15 5
0 23 15 3
23 58 15 3
58 73 15 5
73 83 15 5
83 0 15 0
16 5
0 84 16 3
84 92 16 3
92 60 16 3
60 44 16 3
44 0 16 0
17 2
0 84 17 4
84 0 17 0
18 3
0 27 18 3
27 74 18 4
74 0 18 0
19 1
0 0 19 0
