# Solution for ../instances-HHCRSP/InstanzCPLEX_HCSRP_75_8.txt
# Cost = 695.949 Dist = 2087.85 Tard = 0 TMax = 0
# <vehicle> <route length>
# <origin node> <dest node> <vehicle> <service type>
0 10
0 45 0 2
45 65 0 0
65 40 0 0
40 70 0 2
70 64 0 0
64 13 0 2
13 51 0 0
51 73 0 2
73 16 0 0
16 0 0 0
1 12
0 68 1 1
68 74 1 1
74 36 1 1
36 66 1 0
66 4 1 1
4 32 1 1
32 67 1 1
67 5 1 0
5 71 1 0
71 27 1 1
27 18 1 1
18 0 1 0
2 6
0 42 2 0
42 10 2 0
10 17 2 0
17 21 2 0
21 11 2 0
11 0 2 0
3 9
0 33 3 1
33 22 3 1
22 75 3 2
75 44 3 1
44 48 3 1
48 72 3 1
72 46 3 2
46 69 3 2
69 0 3 0
4 4
0 23 4 2
23 6 4 2
6 12 4 2
12 0 4 0
5 10
0 61 5 3
61 7 5 3
7 55 5 3
55 70 5 3
70 64 5 4
64 47 5 4
47 53 5 3
53 24 5 4
24 35 5 4
35 0 5 0
6 10
0 49 6 5
49 8 6 5
8 65 6 4
65 1 6 4
1 25 6 5
25 34 6 5
34 62 6 3
62 3 6 4
3 73 6 3
73 0 6 0
7 8
0 61 7 4
61 55 7 5
55 75 7 5
75 53 7 5
53 39 7 4
39 72 7 3
72 69 7 4
69 0 7 0
8 7
0 68 8 3
68 50 8 4
50 14 8 5
14 63 8 3
63 74 8 5
74 29 8 3
29 0 8 0
9 10
0 57 9 3
57 59 9 3
59 60 9 3
60 54 9 5
54 56 9 3
56 58 9 3
58 37 9 5
37 62 9 5
62 71 9 5
71 0 9 0
10 9
0 57 10 5
57 59 10 5
59 63 10 5
63 26 10 3
26 20 10 3
20 19 10 3
19 30 10 5
30 9 10 5
9 0 10 0
11 10
0 43 11 4
43 60 11 4
60 54 11 4
54 56 11 4
56 58 11 4
58 38 11 4
38 67 11 5
67 2 11 4
2 52 11 4
52 0 11 0
12 2
0 15 12 4
15 0 12 0
13 5
0 66 13 4
66 28 13 3
28 41 13 5
41 31 13 5
31 0 13 0
14 1
0 0 14 0
