# Solution for ../instances-HHCRSP/InstanzVNS_HCSRP_200_3.txt
# Cost = 1267.24 Dist = 3796.51 Tard = 2.62663 TMax = 2.59749
# <vehicle> <route length>
# <origin node> <dest node> <vehicle> <service type>
0 10
0 23 0 1
23 179 0 1
179 63 0 1
63 62 0 1
62 196 0 1
196 172 0 0
172 188 0 1
188 65 0 1
65 21 0 1
21 0 0 0
1 10
0 2 1 2
2 124 1 2
124 89 1 2
89 184 1 2
184 38 1 0
38 140 1 2
140 138 1 2
138 187 1 2
187 136 1 2
136 0 1 0
2 15
0 111 2 1
111 26 2 1
26 35 2 2
35 4 2 1
4 80 2 1
80 90 2 1
90 190 2 1
190 194 2 1
194 173 2 1
173 45 2 2
45 191 2 2
191 178 2 1
178 67 2 1
67 31 2 2
31 0 2 0
3 11
0 117 3 0
117 22 3 0
22 182 3 2
182 59 3 0
59 171 3 0
171 6 3 0
6 112 3 2
112 86 3 2
86 139 3 0
139 76 3 2
76 0 3 0
4 9
0 61 4 2
61 88 4 2
88 1 4 2
1 79 4 2
79 69 4 2
69 29 4 2
29 72 4 2
72 103 4 2
103 0 4 0
5 12
0 114 5 0
114 34 5 0
34 177 5 0
177 122 5 0
122 121 5 0
121 128 5 0
128 17 5 0
17 60 5 0
60 137 5 0
137 5 5 0
5 126 5 0
126 0 5 0
6 15
0 198 6 1
198 176 6 1
176 33 6 0
33 197 6 1
197 174 6 2
174 108 6 1
108 192 6 2
192 64 6 2
64 41 6 1
41 118 6 2
118 189 6 0
189 185 6 1
185 193 6 2
193 199 6 2
199 0 6 0
7 3
0 68 7 0
68 3 7 0
3 0 7 0
8 15
0 20 8 1
20 195 8 1
195 9 8 1
9 50 8 2
50 40 8 1
40 175 8 2
175 47 8 2
47 125 8 1
125 43 8 2
43 183 8 2
183 123 8 1
123 87 8 2
87 130 8 2
130 54 8 1
54 0 8 0
9 11
0 181 9 1
181 107 9 1
107 10 9 1
10 180 9 1
180 91 9 0
91 186 9 0
186 135 9 0
135 133 9 1
133 97 9 0
97 200 9 1
200 0 9 0
10 5
0 147 10 4
147 100 10 4
100 169 10 4
169 150 10 4
150 0 10 0
11 10
0 70 11 5
70 115 11 3
115 129 11 5
129 127 11 4
127 196 11 4
196 172 11 3
172 189 11 4
189 25 11 4
25 159 11 4
159 0 11 0
12 12
0 147 12 3
147 42 12 5
42 181 12 4
181 162 12 3
162 142 12 4
142 184 12 3
184 154 12 3
154 148 12 3
148 105 12 5
105 187 12 5
187 39 12 3
39 0 12 0
13 2
0 166 13 5
166 0 13 0
14 16
0 145 14 5
145 132 14 4
132 146 14 5
146 176 14 5
176 98 14 5
98 182 14 4
182 102 14 4
102 164 14 4
164 153 14 4
153 192 14 4
192 160 14 4
160 12 14 4
12 104 14 5
104 157 14 5
157 101 14 5
101 0 14 0
15 3
0 15 15 3
15 166 15 3
166 0 15 0
16 10
0 145 16 3
145 110 16 5
110 146 16 3
146 74 16 3
74 171 16 5
171 160 16 3
160 85 16 4
85 157 16 3
157 99 16 3
99 0 16 0
17 9
0 152 17 3
152 27 17 5
27 165 17 4
165 156 17 3
156 162 17 4
162 142 17 5
142 46 17 4
46 48 17 5
48 0 17 0
18 12
0 152 18 4
152 165 18 5
165 156 18 5
156 16 18 4
16 92 18 4
92 169 18 3
169 185 18 3
185 30 18 5
30 193 18 4
193 199 18 5
199 150 18 3
150 0 18 0
19 20
0 113 19 4
113 198 19 5
198 143 19 4
143 55 19 3
55 197 19 5
197 109 19 3
109 8 19 4
8 75 19 4
75 119 19 3
119 173 19 5
173 149 19 3
149 131 19 4
131 191 19 4
191 82 19 5
82 51 19 3
51 155 19 4
155 134 19 4
134 170 19 3
170 167 19 3
167 0 19 0
20 11
0 36 20 3
36 143 20 3
143 7 20 3
7 174 20 3
174 149 20 5
149 178 20 5
178 52 20 3
52 155 20 3
155 170 20 5
170 141 20 5
141 0 20 0
21 13
0 161 21 3
161 158 21 4
158 168 21 3
168 151 21 4
151 190 21 4
190 194 21 3
194 177 21 5
177 18 21 3
18 32 21 5
32 94 21 4
94 78 21 5
78 167 21 5
167 0 21 0
22 11
0 161 22 5
161 158 22 5
158 168 22 4
168 151 22 5
151 13 22 5
13 19 22 4
19 58 22 4
58 120 22 5
120 14 22 4
14 159 22 5
159 0 22 0
23 11
0 195 23 5
195 71 23 5
71 44 23 4
44 84 23 3
84 175 23 5
175 183 23 3
183 66 23 3
66 57 23 3
57 11 23 3
11 141 23 4
141 0 23 0
24 3
0 163 24 3
163 24 24 5
24 0 24 0
25 7
0 49 25 4
49 179 25 3
179 28 25 5
28 116 25 3
116 81 25 5
81 77 25 5
77 0 25 0
26 1
0 0 26 0
27 11
0 163 27 5
163 83 27 4
83 180 27 3
180 154 27 5
154 148 27 5
148 186 27 5
186 73 27 4
73 95 27 5
95 53 27 3
53 200 27 4
200 0 27 0
28 10
0 96 28 5
96 56 28 4
56 164 28 3
164 153 28 3
153 93 28 5
93 188 28 3
188 106 28 5
106 144 28 4
144 37 28 3
37 0 28 0
29 2
0 144 29 5
144 0 29 0
