# Solution for ../instances-HHCRSP/InstanzVNS_HCSRP_200_8.txt
# Cost = 1175.67 Dist = 3526.93 Tard = 0.0384 TMax = 0.0384
# <vehicle> <route length>
# <origin node> <dest node> <vehicle> <service type>
0 11
0 112 0 0
112 11 0 0
11 17 0 0
17 21 0 0
21 78 0 0
78 36 0 1
36 190 0 1
190 173 0 0
173 90 0 0
90 129 0 0
129 0 0 0
1 13
0 195 1 0
195 193 1 0
193 40 1 0
40 125 1 0
125 185 1 0
185 119 1 0
119 132 1 0
132 120 1 0
120 187 1 0
187 72 1 0
72 98 1 0
98 73 1 0
73 0 1 0
2 18
0 42 2 0
42 45 2 2
45 130 2 0
130 117 2 2
117 65 2 0
65 186 2 0
186 95 2 0
95 182 2 0
182 178 2 0
178 135 2 0
135 81 2 0
81 58 2 2
58 5 2 0
5 16 2 0
16 76 2 0
76 181 2 2
181 191 2 0
191 0 2 0
3 13
0 57 3 1
57 91 3 2
91 68 3 2
68 23 3 2
23 92 3 1
92 183 3 2
183 172 3 2
172 6 3 2
6 12 3 2
12 32 3 1
32 138 3 1
138 93 3 2
93 0 3 0
4 6
0 87 4 1
87 126 4 1
126 110 4 1
110 115 4 1
115 175 4 1
175 0 4 0
5 10
0 189 5 1
189 33 5 1
33 75 5 1
75 200 5 1
200 184 5 1
184 53 5 1
53 180 5 1
180 44 5 1
44 27 5 1
27 0 5 0
6 14
0 179 6 0
179 197 6 0
197 102 6 2
102 139 6 0
139 94 6 0
94 192 6 0
192 74 6 0
74 56 6 2
56 100 6 0
100 77 6 2
77 198 6 0
198 113 6 2
113 109 6 0
109 0 6 0
7 10
0 60 7 2
60 177 7 2
177 104 7 2
104 196 7 2
196 13 7 2
13 46 7 2
46 105 7 2
105 127 7 2
127 103 7 2
103 0 7 0
8 14
0 10 8 0
10 199 8 1
199 188 8 0
188 134 8 0
134 194 8 1
194 22 8 1
22 107 8 1
107 171 8 0
171 55 8 0
55 62 8 0
62 174 8 1
174 51 8 0
51 48 8 1
48 0 8 0
9 8
0 54 9 1
54 66 9 1
66 131 9 1
131 4 9 1
4 71 9 1
71 18 9 1
18 176 9 1
176 0 9 0
10 15
0 25 10 5
25 195 10 4
195 193 10 4
193 184 10 5
184 185 10 5
185 82 10 4
82 149 10 4
149 34 10 5
34 166 10 5
166 167 10 4
167 3 10 4
3 157 10 5
157 88 10 5
88 80 10 5
80 0 10 0
11 11
0 155 11 4
155 84 11 4
84 159 11 3
159 183 11 4
183 101 11 4
101 172 11 3
172 175 11 5
175 85 11 3
85 169 11 3
169 141 11 3
141 0 11 0
12 8
0 155 12 5
155 50 12 4
50 86 12 4
86 159 12 4
159 20 12 3
20 169 12 5
169 141 12 5
141 0 12 0
13 16
0 179 13 3
179 197 13 3
197 136 13 3
136 106 13 4
106 14 13 5
14 116 13 5
116 63 13 5
63 26 13 3
26 190 13 5
190 19 13 3
19 173 13 4
173 146 13 3
146 154 13 4
154 30 13 5
30 147 13 3
147 0 13 0
14 15
0 143 14 4
143 145 14 3
145 128 14 4
128 186 14 3
186 97 14 4
97 171 14 4
171 24 14 4
24 164 14 3
164 89 14 4
89 174 14 5
174 35 14 4
35 153 14 4
153 152 14 3
152 79 14 3
79 0 14 0
15 12
0 143 15 5
143 145 15 5
145 37 15 5
37 156 15 4
156 140 15 5
140 162 15 5
162 31 15 5
31 165 15 4
165 158 15 5
158 150 15 4
150 191 15 5
191 0 15 0
16 11
0 168 16 3
168 1 16 4
1 7 16 3
7 164 16 5
164 83 16 3
83 47 16 4
47 118 16 5
118 39 16 4
39 153 16 5
153 152 16 4
152 0 16 0
17 9
0 168 17 5
168 189 17 3
189 8 17 5
8 200 17 3
200 149 17 5
149 187 17 4
187 180 17 4
180 99 17 5
99 0 17 0
18 9
0 199 18 4
199 188 18 3
188 64 18 3
64 194 18 5
194 114 18 5
114 122 18 5
122 111 18 5
111 181 18 4
181 0 18 0
19 9
0 151 19 4
151 61 19 4
61 182 19 4
182 170 19 4
170 178 19 4
178 38 19 4
38 176 19 5
176 28 19 3
28 0 19 0
20 9
0 151 20 5
151 124 20 3
124 170 20 5
170 156 20 5
156 162 20 3
162 165 20 3
165 158 20 3
158 150 20 5
150 0 20 0
21 8
0 163 21 4
163 161 21 3
161 15 21 4
15 148 21 4
148 144 21 4
144 142 21 3
142 2 21 4
2 0 21 0
22 12
0 163 22 5
163 161 22 5
161 43 22 4
43 133 22 4
133 198 22 3
198 52 22 4
52 29 22 3
29 146 22 5
146 154 22 5
154 9 22 5
9 147 22 4
147 0 22 0
23 6
0 59 23 3
59 192 23 5
192 148 23 5
148 144 23 3
144 142 23 5
142 0 23 0
24 5
0 177 24 5
177 41 24 5
41 96 24 5
96 160 24 5
160 0 24 0
25 11
0 108 25 3
108 49 25 5
49 70 25 5
70 121 25 3
121 137 25 4
137 166 25 3
166 167 25 3
167 196 25 4
196 69 25 3
69 157 25 3
157 0 25 0
26 2
0 67 26 5
67 0 26 0
27 1
0 0 27 0
28 3
0 123 28 4
123 160 28 4
160 0 28 0
29 1
0 0 29 0
