# Solution for ../instances-HHCRSP/InstanzVNS_HCSRP_200_5.txt
# Cost = 1394.58 Dist = 4166.58 Tard = 12.2838 TMax = 4.86607
# <vehicle> <route length>
# <origin node> <dest node> <vehicle> <service type>
0 19
0 199 0 0
199 77 0 1
77 118 0 1
118 131 0 0
131 34 0 1
34 121 0 1
121 102 0 1
102 64 0 2
64 104 0 0
104 18 0 1
18 51 0 1
51 33 0 1
33 86 0 1
86 197 0 1
197 176 0 1
176 35 0 1
35 24 0 2
24 82 0 1
82 0 0 0
1 9
0 71 1 1
71 174 1 1
174 192 1 1
192 194 1 1
194 76 1 1
76 40 1 1
40 13 1 1
13 96 1 1
96 0 1 0
2 8
0 196 2 2
196 188 2 2
188 198 2 2
198 180 2 2
180 3 2 2
3 36 2 2
36 100 2 2
100 0 2 0
3 10
0 115 3 0
115 182 3 0
182 70 3 0
70 126 3 0
126 23 3 0
23 74 3 0
74 41 3 0
41 114 3 0
114 193 3 0
193 0 3 0
4 13
0 172 4 1
172 46 4 2
46 184 4 1
184 9 4 2
9 186 4 2
186 200 4 2
200 69 4 2
69 39 4 1
39 97 4 1
97 27 4 2
27 4 4 2
4 189 4 2
189 0 4 0
5 19
0 93 5 0
93 14 5 0
14 99 5 0
99 17 5 0
17 183 5 1
183 91 5 1
91 185 5 1
185 31 5 1
31 87 5 0
87 119 5 1
119 177 5 0
177 178 5 0
178 85 5 0
85 88 5 0
88 116 5 0
116 25 5 1
25 106 5 1
106 5 5 0
5 0 5 0
6 9
0 15 6 2
15 124 6 2
124 117 6 2
117 171 6 2
171 187 6 2
187 173 6 2
173 140 6 2
140 108 6 2
108 0 6 0
7 9
0 179 7 0
179 181 7 0
181 43 7 0
43 190 7 0
190 191 7 0
191 21 7 0
21 56 7 0
56 137 7 0
137 0 7 0
8 4
0 175 8 1
175 84 8 1
84 75 8 1
75 0 8 0
9 7
0 81 9 1
81 195 9 2
195 135 9 2
135 30 9 2
30 90 9 1
90 32 9 2
32 0 9 0
10 14
0 163 10 3
163 80 10 5
80 165 10 3
165 172 10 5
172 63 10 3
63 183 10 5
183 142 10 3
142 168 10 5
168 68 10 5
68 146 10 3
146 61 10 5
61 89 10 3
89 159 10 5
159 0 10 0
11 10
0 163 11 5
163 122 11 4
122 165 11 4
165 155 11 3
155 185 11 3
185 47 11 4
47 123 11 4
123 92 11 3
92 150 11 3
150 0 11 0
12 14
0 16 12 4
16 139 12 3
139 6 12 5
6 59 12 3
59 133 12 3
133 22 12 5
22 83 12 4
83 142 12 4
142 53 12 4
53 125 12 4
125 177 12 3
177 178 12 4
178 107 12 5
107 0 12 0
13 13
0 143 13 3
143 167 13 3
167 141 13 4
141 79 13 3
79 132 13 4
132 65 13 4
65 19 13 5
19 95 13 4
95 171 13 5
171 187 13 3
187 136 13 5
136 145 13 3
145 0 13 0
14 6
0 143 14 5
143 167 14 4
167 141 14 5
141 73 14 4
73 145 14 5
145 0 14 0
15 10
0 98 15 3
98 54 15 5
54 199 15 3
199 55 15 5
55 38 15 3
38 129 15 3
129 94 15 3
94 109 15 4
109 1 15 5
1 0 15 0
16 4
0 138 16 5
138 179 16 5
179 169 16 3
169 0 16 0
17 16
0 196 17 4
196 174 17 4
174 182 17 4
182 8 17 5
8 120 17 4
120 161 17 3
161 151 17 4
151 62 17 3
62 112 17 5
112 157 17 5
157 103 17 4
103 158 17 5
158 162 17 5
162 146 17 4
146 159 17 4
159 0 17 0
18 13
0 154 18 3
154 166 18 3
166 42 18 5
42 60 18 5
60 49 18 5
49 192 18 4
192 194 18 3
194 12 18 3
12 161 18 4
161 151 18 5
151 37 18 4
37 173 18 4
173 0 18 0
19 14
0 153 19 3
153 184 19 4
184 164 19 3
164 2 19 4
2 66 19 3
66 10 19 3
10 155 19 4
155 72 19 4
72 157 19 3
157 158 19 4
158 162 19 3
162 26 19 4
26 150 19 4
150 0 19 0
20 18
0 154 20 5
154 166 20 5
166 188 20 5
188 29 20 3
29 198 20 4
198 180 20 3
180 147 20 4
147 144 20 4
144 130 20 4
130 134 20 3
134 149 20 3
149 170 20 3
170 156 20 4
156 105 20 4
105 197 20 4
197 148 20 3
148 176 20 3
176 0 20 0
21 14
0 153 21 5
153 78 21 4
78 11 21 5
11 164 21 4
164 127 21 5
127 186 21 5
186 200 21 3
200 67 21 3
67 168 21 4
168 113 21 3
113 48 21 4
48 7 21 4
7 189 21 4
189 0 21 0
22 5
0 175 22 4
175 181 22 5
181 110 22 5
110 57 22 5
57 0 22 0
23 11
0 160 23 3
160 28 23 3
28 45 23 3
45 52 23 5
52 147 23 5
147 144 23 5
144 149 23 5
149 170 23 5
170 156 23 5
156 148 23 5
148 0 23 0
24 8
0 160 24 5
160 50 24 3
50 195 24 3
195 58 24 4
58 20 24 3
20 128 24 3
128 193 24 4
193 0 24 0
25 5
0 152 25 4
152 111 25 4
111 190 25 3
190 191 25 3
191 0 25 0
26 2
0 152 26 5
152 0 26 0
27 2
0 44 27 3
44 0 27 0
28 2
0 101 28 5
101 0 28 0
29 2
0 169 29 5
169 0 29 0
