# Solution for ../instances-HHCRSP/InstanzCPLEX_HCSRP_75_4.txt
# Cost = 853.786 Dist = 2069.72 Tard = 384.291 TMax = 107.343
# <vehicle> <route length>
# <origin node> <dest node> <vehicle> <service type>
0 2
0 33 0 0
33 0 0 0
1 15
0 71 1 1
71 74 1 1
74 7 1 1
7 40 1 1
40 75 1 1
75 72 1 1
72 73 1 1
73 25 1 1
25 70 1 1
70 36 1 1
36 24 1 1
24 10 1 1
10 17 1 1
17 64 1 1
64 0 1 0
2 7
0 69 2 2
69 50 2 0
50 14 2 2
14 51 2 2
51 18 2 0
18 65 2 2
65 0 2 0
3 10
0 13 3 2
13 66 3 0
66 20 3 0
20 68 3 2
68 1 3 2
1 41 3 0
41 11 3 2
11 34 3 2
34 67 3 2
67 0 3 0
4 8
0 15 4 2
15 39 4 0
39 16 4 0
16 44 4 0
44 47 4 2
47 12 4 2
12 9 4 0
9 0 4 0
5 8
0 59 5 5
59 30 5 5
30 48 5 5
48 63 5 5
63 21 5 5
21 29 5 5
29 65 5 5
65 0 5 0
6 6
0 55 6 4
55 49 6 4
49 31 6 4
31 68 6 4
68 57 6 4
57 0 6 0
7 11
0 71 7 3
71 55 7 3
55 74 7 3
74 45 7 3
45 60 7 3
60 62 7 3
62 56 7 3
56 61 7 3
61 3 7 3
3 64 7 3
64 0 7 0
8 11
0 32 8 3
32 23 8 4
23 66 8 5
66 75 8 4
75 60 8 5
60 62 8 4
62 56 8 4
56 35 8 3
35 57 8 3
57 26 8 3
26 0 8 0
9 6
0 52 9 5
52 38 9 5
38 58 9 5
58 43 9 5
43 53 9 5
53 0 9 0
10 5
0 6 10 3
6 72 10 5
72 73 10 3
73 61 10 5
61 0 10 0
11 9
0 69 11 4
69 59 11 4
59 27 11 3
27 54 11 4
54 4 11 4
4 22 11 5
22 70 11 4
70 67 11 5
67 0 11 0
12 8
0 42 12 4
42 58 12 3
58 46 12 4
46 63 12 4
63 19 12 4
19 5 12 3
5 53 12 3
53 0 12 0
13 3
0 28 13 3
28 54 13 5
54 0 13 0
14 4
0 8 14 4
8 2 14 4
2 37 14 4
37 0 14 0
