# Solution for ../instances-HHCRSP/InstanzVNS_HCSRP_300_6.txt
# Cost = 1799.57 Dist = 5392.03 Tard = 5.43924 TMax = 1.24264
# <vehicle> <route length>
# <origin node> <dest node> <vehicle> <service type>
0 12
0 157 0 0
157 4 0 0
4 13 0 0
13 258 0 0
258 275 0 1
275 190 0 0
190 127 0 1
127 94 0 0
94 297 0 1
297 253 0 1
253 109 0 0
109 0 0 0
1 10
0 43 1 1
43 183 1 1
183 104 1 1
104 188 1 1
188 174 1 1
174 126 1 1
126 278 1 1
278 191 1 1
191 289 1 1
289 0 1 0
2 12
0 30 2 2
30 299 2 2
299 36 2 1
36 177 2 1
177 129 2 2
129 19 2 1
19 268 2 1
268 262 2 0
262 266 2 2
266 150 2 2
150 58 2 1
58 0 2 0
3 13
0 60 3 2
60 144 3 2
144 3 3 2
3 47 3 2
47 276 3 2
276 287 3 2
287 53 3 1
53 24 3 1
24 80 3 1
80 73 3 2
73 12 3 2
12 251 3 2
251 0 3 0
4 10
0 151 4 0
151 269 4 1
269 182 4 1
182 264 4 1
264 291 4 0
291 280 4 0
280 26 4 0
26 147 4 1
147 254 4 0
254 0 4 0
5 12
0 131 5 0
131 290 5 0
290 5 5 1
5 90 5 0
90 260 5 0
260 293 5 1
293 286 5 0
286 199 5 0
199 259 5 0
259 272 5 0
272 274 5 1
274 0 5 0
6 11
0 282 6 2
282 67 6 2
67 25 6 2
25 82 6 2
82 97 6 2
97 184 6 2
184 128 6 2
128 296 6 2
296 180 6 2
180 79 6 2
79 0 6 0
7 10
0 22 7 2
22 124 7 2
124 133 7 2
133 197 7 2
197 119 7 2
119 64 7 2
64 187 7 2
187 156 7 2
156 294 7 2
294 0 7 0
8 5
0 159 8 1
159 281 8 1
281 298 8 1
298 111 8 1
111 0 8 0
9 15
0 143 9 2
143 283 9 0
283 16 9 0
16 284 9 0
284 66 9 0
66 255 9 2
255 285 9 1
285 2 9 0
2 265 9 2
265 273 9 1
273 76 9 1
76 99 9 2
99 98 9 2
98 121 9 1
121 0 9 0
10 13
0 198 10 0
198 158 10 1
158 134 10 0
134 173 10 0
173 252 10 1
252 256 10 1
256 292 10 1
292 61 10 1
61 288 10 1
288 172 10 1
172 114 10 0
114 113 10 0
113 0 10 0
11 7
0 31 11 2
31 139 11 2
139 116 11 2
116 92 11 2
92 300 11 2
300 181 11 2
181 0 11 0
12 19
0 51 12 2
51 165 12 0
165 279 12 1
279 20 12 2
20 95 12 1
95 18 12 0
18 33 12 0
33 271 12 0
271 295 12 0
295 277 12 1
277 40 12 2
40 189 12 0
189 23 12 1
23 267 12 2
267 15 12 1
15 1 12 1
1 168 12 2
168 106 12 1
106 0 12 0
13 10
0 122 13 1
122 193 13 1
193 103 13 0
103 78 13 0
78 136 13 0
136 77 13 0
77 72 13 0
72 261 13 1
261 257 13 1
257 0 13 0
14 4
0 44 14 0
44 132 14 0
132 161 14 0
161 0 14 0
15 2
0 85 15 1
85 0 15 0
16 5
0 59 16 1
59 112 16 1
112 263 16 1
263 270 16 1
270 0 16 0
17 3
0 41 17 0
41 142 17 0
142 0 17 0
18 21
0 231 18 3
231 171 18 5
171 48 18 4
48 216 18 4
216 242 18 3
242 46 18 4
46 207 18 3
207 138 18 3
138 271 18 5
271 244 18 3
244 163 18 5
163 155 18 5
155 239 18 4
239 236 18 3
236 196 18 4
196 176 18 5
176 267 18 4
267 110 18 3
110 229 18 3
229 230 18 3
230 0 18 0
19 15
0 231 19 5
231 216 19 5
216 242 19 5
242 276 19 3
276 287 19 5
287 153 19 5
153 100 19 4
100 248 19 4
248 28 19 5
28 108 19 4
108 206 19 4
206 102 19 5
102 229 19 4
229 230 19 4
230 0 19 0
20 16
0 202 20 3
202 250 20 3
250 27 20 4
27 279 20 3
279 255 20 3
255 285 20 4
285 265 20 3
265 273 20 3
273 232 20 3
232 221 20 3
221 118 20 4
118 213 20 4
213 270 20 5
270 42 20 4
42 70 20 3
70 0 20 0
21 13
0 202 21 4
202 250 21 4
250 215 21 4
215 8 21 4
8 55 21 4
55 21 21 3
21 149 21 4
149 200 21 4
200 241 21 3
241 268 21 3
268 261 21 4
261 289 21 4
289 0 21 0
22 14
0 178 22 4
178 209 22 3
209 299 22 3
299 284 22 5
284 233 22 4
233 34 22 5
34 223 22 4
223 105 22 5
105 32 22 4
32 169 22 4
169 117 22 4
117 125 22 3
125 226 22 3
226 0 22 0
23 11
0 282 23 5
282 269 23 4
269 62 23 4
62 264 23 3
264 162 23 5
162 296 23 5
296 69 23 3
69 227 23 5
227 225 23 3
225 224 23 5
224 0 23 0
24 13
0 39 24 5
39 49 24 4
49 45 24 5
45 6 24 5
6 86 24 5
86 146 24 3
146 81 24 4
81 68 24 5
68 203 24 4
203 222 24 3
222 96 24 3
96 201 24 3
201 0 24 0
25 14
0 209 25 5
209 154 25 3
154 140 25 5
140 7 25 5
7 243 25 3
243 291 25 3
291 280 25 4
280 120 25 5
120 185 25 5
185 235 25 3
235 170 25 5
170 175 25 3
175 226 25 4
226 0 25 0
26 11
0 50 26 3
50 56 26 5
56 283 26 5
283 54 26 3
54 233 26 5
233 240 26 3
240 217 26 5
217 300 26 4
300 263 26 4
263 245 26 3
245 0 26 0
27 13
0 249 27 3
249 11 27 4
11 74 27 5
74 141 27 5
141 192 27 3
192 252 27 5
252 292 27 3
292 219 27 3
219 211 27 3
211 101 27 3
101 218 27 3
218 278 27 4
278 0 27 0
28 15
0 249 28 5
249 152 28 5
152 195 28 4
195 89 28 4
89 258 28 3
258 107 28 4
107 84 28 5
84 256 28 5
256 219 28 4
219 211 28 5
211 288 28 4
288 218 28 4
218 251 28 3
251 247 28 3
247 0 28 0
29 15
0 238 29 3
238 88 29 4
88 93 29 5
93 17 29 5
17 65 29 3
65 207 29 5
207 275 29 5
275 248 29 5
248 239 29 5
239 236 29 5
236 38 29 5
38 297 29 3
297 253 29 4
253 247 29 4
247 0 29 0
30 15
0 238 30 4
238 215 30 5
215 204 30 4
204 145 30 3
145 228 30 3
228 214 30 3
214 52 30 3
52 244 30 4
244 186 30 5
186 241 30 4
241 87 30 5
87 262 30 3
262 266 30 5
266 29 30 3
29 0 30 0
31 16
0 208 31 3
208 35 31 5
35 204 31 5
204 228 31 5
228 214 31 5
214 9 31 4
9 295 31 4
295 277 31 5
277 71 31 5
71 235 31 4
235 123 31 3
123 206 31 5
206 166 31 5
166 135 31 4
135 254 31 3
254 0 31 0
32 9
0 208 32 5
208 223 32 5
223 232 32 4
232 221 32 5
221 213 32 5
213 14 32 3
14 115 32 5
115 257 32 4
257 0 32 0
33 10
0 290 33 5
290 83 33 4
83 210 33 3
210 220 33 4
220 260 33 3
260 203 33 5
203 259 33 5
259 272 33 4
272 179 33 5
179 0 33 0
34 12
0 160 34 5
160 137 34 5
137 148 34 4
148 91 34 4
91 194 34 5
194 243 34 4
243 37 34 4
37 293 34 4
293 286 34 5
286 274 34 5
274 201 34 4
201 0 34 0
35 11
0 167 35 4
167 205 35 4
205 237 35 4
237 281 35 5
281 210 35 4
210 220 35 5
220 298 35 3
298 222 35 5
222 75 35 4
75 294 35 3
294 0 35 0
36 8
0 246 36 3
246 212 36 4
212 57 36 3
57 130 36 3
130 227 36 4
227 225 36 4
225 224 36 3
224 0 36 0
37 6
0 234 37 4
234 63 37 3
63 240 37 4
240 217 37 4
217 245 37 4
245 0 37 0
38 3
0 246 38 5
246 212 38 5
212 0 38 0
39 6
0 234 39 5
234 205 39 5
205 237 39 5
237 164 39 3
164 10 39 5
10 0 39 0
