# Solution for ../instances-HHCRSP/InstanzVNS_HCSRP_200_5.txt
# Cost = 1373.02 Dist = 4116.43 Tard = 1.31782 TMax = 1.31782
# <vehicle> <route length>
# <origin node> <dest node> <vehicle> <service type>
0 14
0 199 0 0
199 9 0 2
9 46 0 2
46 184 0 1
184 17 0 0
17 186 0 2
186 200 0 2
200 69 0 2
69 39 0 1
39 33 0 1
33 189 0 2
189 35 0 1
35 24 0 2
24 0 0 0
1 10
0 71 1 1
71 121 1 1
121 18 1 1
18 51 1 1
51 86 1 1
86 102 1 1
102 197 1 1
197 176 1 1
176 75 1 1
75 0 1 0
2 10
0 196 2 2
196 188 2 2
188 198 2 2
198 64 2 2
64 180 2 2
180 3 2 2
3 36 2 2
36 100 2 2
100 32 2 2
32 0 2 0
3 12
0 182 3 0
182 115 3 0
115 70 3 0
70 126 3 0
126 74 3 0
74 21 3 0
21 190 3 0
190 191 3 0
191 104 3 0
104 56 3 0
56 137 3 0
137 0 3 0
4 8
0 81 4 1
81 84 4 1
84 96 4 1
96 90 4 1
90 30 4 2
30 108 4 2
108 13 4 1
13 0 4 0
5 17
0 93 5 0
93 172 5 1
172 14 5 0
14 99 5 0
99 118 5 1
118 131 5 0
131 34 5 1
34 23 5 0
23 85 5 0
85 177 5 0
177 87 5 0
87 25 5 1
25 178 5 0
178 5 5 0
5 88 5 0
88 116 5 0
116 0 5 0
6 10
0 15 6 2
15 195 6 2
195 135 6 2
135 124 6 2
124 117 6 2
117 187 6 2
187 171 6 2
171 140 6 2
140 173 6 2
173 0 6 0
7 7
0 179 7 0
179 181 7 0
181 43 7 0
43 41 7 0
41 114 7 0
114 193 7 0
193 0 7 0
8 8
0 175 8 1
175 174 8 1
174 192 8 1
192 194 8 1
194 82 8 1
82 76 8 1
76 40 8 1
40 0 8 0
9 11
0 77 9 1
77 183 9 1
183 91 9 1
91 31 9 1
31 185 9 1
185 27 9 2
27 119 9 1
119 97 9 1
97 4 9 2
4 106 9 1
106 0 9 0
10 8
0 38 10 3
38 199 10 3
199 54 10 5
54 55 10 5
55 129 10 3
129 136 10 5
136 145 10 3
145 0 10 0
11 12
0 182 11 4
182 50 11 3
50 12 11 3
12 192 11 4
192 194 11 3
194 19 11 5
19 187 11 3
187 171 11 5
171 95 11 4
95 132 11 4
132 145 11 5
145 0 11 0
12 17
0 154 12 3
154 122 12 4
122 165 12 3
165 163 12 3
163 80 12 5
80 172 12 5
172 183 12 5
183 63 12 3
63 149 12 3
149 130 12 4
130 144 12 4
144 83 12 4
83 134 12 3
134 170 12 3
170 156 12 4
156 148 12 3
148 0 12 0
13 16
0 154 13 5
154 59 13 3
59 165 13 4
165 163 13 5
163 72 13 4
72 155 13 3
155 10 13 3
10 142 13 3
142 68 13 5
68 168 13 4
168 113 13 3
113 48 13 4
48 7 13 4
7 159 13 4
159 189 13 4
189 0 13 0
14 5
0 143 14 5
143 167 14 4
167 141 14 5
141 73 14 4
73 0 14 0
15 12
0 143 15 3
143 167 15 3
167 195 15 3
195 58 15 4
58 20 15 3
20 8 15 5
8 120 15 4
120 161 15 3
161 151 15 4
151 37 15 4
37 173 15 4
173 0 15 0
16 3
0 138 16 5
138 179 16 5
179 0 16 0
17 16
0 45 17 3
45 153 17 3
153 78 17 4
78 164 17 3
164 11 17 5
11 184 17 4
184 127 17 5
127 186 17 5
186 200 17 3
200 67 17 3
67 168 17 5
168 123 17 4
123 92 17 3
92 150 17 3
150 26 17 4
26 0 17 0
18 15
0 153 18 5
153 164 18 4
164 2 18 4
2 66 18 3
66 155 18 4
155 47 18 4
47 185 18 3
185 157 18 3
157 158 18 4
158 162 18 3
162 146 18 3
146 61 18 5
61 89 18 3
89 159 18 5
159 0 18 0
19 9
0 111 19 4
111 196 19 4
196 174 19 4
174 65 19 4
65 79 19 3
79 128 19 3
128 141 19 4
141 193 19 4
193 0 19 0
20 13
0 160 20 3
160 166 20 3
166 188 20 5
188 29 20 3
29 198 20 4
198 52 20 5
52 180 20 3
180 144 20 5
144 147 20 4
147 105 20 4
105 197 20 4
197 176 20 3
176 0 20 0
21 17
0 160 21 5
160 166 21 5
166 28 21 3
28 133 21 3
133 22 21 5
22 149 21 5
149 125 21 4
125 53 21 4
53 142 21 4
142 177 21 3
177 103 21 4
103 157 21 5
157 158 21 5
158 162 21 5
162 146 21 4
146 150 21 4
150 0 21 0
22 5
0 175 22 4
175 181 22 5
181 110 22 5
110 57 22 5
57 0 22 0
23 5
0 152 23 5
152 98 23 3
98 190 23 3
190 191 23 3
191 0 23 0
24 9
0 152 24 4
152 1 24 5
1 109 24 4
109 94 24 3
94 147 24 5
147 170 24 5
170 156 24 5
156 148 24 5
148 0 24 0
25 13
0 6 25 5
6 60 25 5
60 49 25 5
49 42 25 5
42 16 25 4
16 139 25 3
139 161 25 4
161 151 25 5
151 62 25 3
62 112 25 5
112 178 25 4
178 107 25 5
107 0 25 0
26 2
0 169 26 3
169 0 26 0
27 2
0 169 27 5
169 0 27 0
28 2
0 101 28 5
101 0 28 0
29 2
0 44 29 3
44 0 29 0
