# Solution for ../instances-HHCRSP/InstanzCPLEX_HCSRP_75_10.txt
# Cost = 1218.28 Dist = 2455.04 Tard = 1018.54 TMax = 181.25
# <vehicle> <route length>
# <origin node> <dest node> <vehicle> <service type>
0 18
0 70 0 0
70 2 0 0
2 4 0 0
4 11 0 1
11 64 0 0
64 33 0 0
33 16 0 0
16 71 0 0
71 73 0 0
73 72 0 0
72 44 0 0
44 69 0 0
69 67 0 0
67 47 0 0
47 48 0 0
48 14 0 0
14 75 0 1
75 0 0 0
1 3
0 32 1 2
32 31 1 2
31 0 1 0
2 6
0 34 2 2
34 27 2 2
27 24 2 2
24 66 2 2
66 28 2 2
28 0 2 0
3 16
0 7 3 1
7 26 3 1
26 22 3 1
22 68 3 1
68 35 3 1
35 50 3 1
50 18 3 1
18 65 3 1
65 40 3 1
40 19 3 1
19 36 3 1
36 74 3 1
74 43 3 2
43 42 3 1
42 30 3 2
30 0 3 0
4 2
0 29 4 2
29 0 4 0
5 11
0 70 5 3
70 15 5 3
15 3 5 3
3 64 5 3
64 6 5 4
6 8 5 4
8 62 5 3
62 69 5 4
69 67 5 4
67 59 5 4
59 0 5 0
6 11
0 5 6 4
5 49 6 5
49 57 6 4
57 63 6 4
63 61 6 5
61 68 6 5
68 38 6 4
38 62 6 4
62 52 6 5
52 59 6 5
59 0 6 0
7 7
0 53 7 5
53 73 7 5
73 46 7 5
46 25 7 5
25 55 7 5
55 66 7 5
66 0 7 0
8 13
0 45 8 4
45 57 8 5
57 63 8 3
63 39 8 3
39 61 8 3
61 9 8 3
9 51 8 5
51 56 8 5
56 23 8 3
23 1 8 3
1 21 8 5
21 10 8 4
10 0 8 0
9 3
0 53 9 3
53 41 9 5
41 0 9 0
10 6
0 20 10 4
20 37 10 4
37 56 10 3
56 13 10 3
13 74 10 3
74 0 10 0
11 2
0 71 11 4
71 0 11 0
12 5
0 12 12 5
12 60 12 5
60 72 12 5
72 54 12 5
54 0 12 0
13 6
0 58 13 3
58 65 13 5
65 17 13 4
17 55 13 3
55 75 13 3
75 0 13 0
14 4
0 58 14 4
58 60 14 4
60 54 14 3
54 0 14 0
