# Solution for ../instances-HHCRSP/InstanzCPLEX_HCSRP_50_6.txt
# Cost = 845.284 Dist = 1635.7 Tard = 727.109 TMax = 173.042
# <vehicle> <route length>
# <origin node> <dest node> <vehicle> <service type>
0 9
0 50 0 0
50 18 0 0
18 4 0 0
4 13 0 0
13 47 0 0
47 33 0 0
33 2 0 0
2 26 0 0
26 0 0 0
1 8
0 5 1 1
5 45 1 1
45 43 1 1
43 15 1 1
15 19 1 1
19 23 1 1
23 1 1 1
1 0 1 0
2 14
0 16 2 0
16 25 2 2
25 30 2 2
30 31 2 2
31 49 2 0
49 22 2 2
22 44 2 2
44 20 2 2
20 46 2 2
46 48 2 2
48 3 2 2
3 24 2 1
24 12 2 2
12 0 2 0
3 7
0 27 3 4
27 11 3 4
11 46 3 3
46 48 3 3
48 38 3 4
38 29 3 3
29 0 3 0
4 8
0 39 4 3
39 36 4 3
36 8 4 4
8 21 4 3
21 40 4 3
40 32 4 4
32 14 4 3
14 0 4 0
5 3
0 45 5 3
45 42 5 3
42 0 5 0
6 8
0 7 6 5
7 6 6 5
6 49 6 5
49 44 6 4
44 34 6 5
34 41 6 3
41 37 6 5
37 0 6 0
7 5
0 50 7 5
50 43 7 4
43 42 7 5
42 10 7 5
10 0 7 0
8 10
0 39 8 5
39 36 8 5
36 35 8 5
35 17 8 5
17 47 8 5
47 40 8 4
40 9 8 4
9 28 8 5
28 38 8 5
38 0 8 0
9 3
0 41 9 4
41 37 9 3
37 0 9 0
