# Solution for ../instances-HHCRSP/InstanzCPLEX_HCSRP_25_6.txt
# Cost = 476.381 Dist = 998.519 Tard = 290.986 TMax = 139.64
# <vehicle> <route length>
# <origin node> <dest node> <vehicle> <service type>
0 14
0 5 0 1
5 16 0 0
16 25 0 1
25 22 0 0
22 2 0 0
2 3 0 2
3 4 0 0
4 13 0 0
13 23 0 2
23 15 0 1
15 24 0 2
24 12 0 2
12 1 0 1
1 0 0 0
1 1
0 0 1 0
2 8
0 6 2 5
6 25 2 3
25 7 2 5
7 8 2 4
8 17 2 5
17 23 2 3
23 24 2 5
24 0 2 0
3 8
0 22 3 4
22 18 3 3
18 20 3 4
20 19 3 3
19 21 3 4
21 9 3 4
9 14 3 3
14 0 3 0
4 7
0 11 4 4
11 18 4 4
18 20 4 5
20 19 4 5
19 21 4 5
21 10 4 5
10 0 4 0
