# Solution for ../instances-HHCRSP/InstanzVNS_HCSRP_300_1.txt
# Cost = 1844.47 Dist = 5467.23 Tard = 54.0353 TMax = 12.1554
# <vehicle> <route length>
# <origin node> <dest node> <vehicle> <service type>
0 17
0 263 0 1
263 288 0 0
288 166 0 0
166 47 0 0
47 272 0 0
272 56 0 1
56 78 0 1
78 275 0 1
275 278 0 0
278 41 0 1
41 265 0 0
265 270 0 1
270 103 0 0
103 147 0 1
147 66 0 0
66 110 0 1
110 0 0 0
1 9
0 260 1 2
260 291 1 2
291 169 1 2
169 93 1 2
93 277 1 2
277 274 1 2
274 254 1 2
254 99 1 2
99 0 1 0
2 7
0 292 2 2
292 151 2 2
151 70 2 2
70 252 2 2
252 267 2 2
267 22 2 2
22 0 2 0
3 15
0 294 3 1
294 273 3 1
273 264 3 2
264 104 3 1
104 160 3 1
160 253 3 1
253 258 3 1
258 295 3 2
295 59 3 2
59 25 3 2
25 191 3 1
191 164 3 1
164 7 3 2
7 257 3 1
257 0 3 0
4 2
0 40 4 2
40 0 4 0
5 10
0 182 5 2
182 81 5 2
81 123 5 2
123 17 5 2
17 5 5 2
5 259 5 2
259 176 5 2
176 269 5 2
269 57 5 2
57 0 5 0
6 2
0 266 6 2
266 0 6 0
7 4
0 286 7 0
286 84 7 0
84 105 7 0
105 0 7 0
8 12
0 33 8 0
33 300 8 1
300 299 8 0
299 175 8 0
175 48 8 0
48 71 8 1
71 3 8 1
3 196 8 0
196 298 8 1
298 171 8 1
171 276 8 1
276 0 8 0
9 16
0 181 9 0
181 255 9 0
255 120 9 1
120 287 9 2
287 296 9 0
296 137 9 2
137 297 9 1
297 128 9 1
128 174 9 1
174 131 9 2
131 293 9 0
293 107 9 0
107 192 9 2
192 21 9 2
21 46 9 0
46 0 9 0
10 2
0 129 10 2
129 0 10 0
11 3
0 148 11 1
148 73 11 1
73 0 11 0
12 18
0 279 12 0
279 280 12 1
280 289 12 0
289 62 12 1
62 60 12 2
60 268 12 2
268 142 12 2
142 15 12 0
15 97 12 1
97 283 12 0
283 261 12 2
261 77 12 0
77 30 12 2
30 184 12 0
184 11 12 1
11 158 12 2
158 53 12 2
53 0 12 0
13 12
0 31 13 1
31 42 13 2
42 12 13 1
12 256 13 1
256 13 13 1
13 150 13 1
150 67 13 2
67 290 13 1
290 284 13 1
284 89 13 1
89 133 13 2
133 0 13 0
14 8
0 180 14 0
180 111 14 1
111 282 14 1
282 168 14 0
168 271 14 0
271 157 14 1
157 55 14 0
55 0 14 0
15 7
0 251 15 0
251 125 15 0
125 281 15 0
281 193 15 0
193 106 15 0
106 90 15 0
90 0 15 0
16 9
0 262 16 0
262 189 16 0
189 139 16 0
139 61 16 0
61 75 16 0
75 100 16 0
100 38 16 0
38 92 16 0
92 0 16 0
17 11
0 134 17 1
134 98 17 1
98 43 17 1
43 19 17 0
19 82 17 0
82 18 17 0
18 101 17 0
101 58 17 1
58 285 17 1
285 197 17 1
197 0 17 0
18 16
0 249 18 3
249 263 18 3
263 288 18 4
288 186 18 5
186 287 18 3
287 296 18 5
296 194 18 5
194 297 18 3
297 178 18 3
178 145 18 5
145 201 18 3
201 112 18 4
112 195 18 5
195 80 18 5
80 28 18 5
28 0 18 0
19 19
0 260 19 3
260 45 19 3
45 215 19 4
215 300 19 3
300 54 19 3
54 211 19 4
211 205 19 3
205 172 19 4
172 217 19 3
217 136 19 4
136 201 19 4
201 76 19 3
76 223 19 3
223 242 19 3
242 187 19 4
187 277 19 4
277 228 19 3
228 245 19 3
245 0 19 0
20 12
0 239 20 3
239 222 20 4
222 219 20 4
219 10 20 4
10 262 20 4
262 216 20 4
216 206 20 3
206 237 20 4
237 121 20 4
121 212 20 3
212 250 20 3
250 0 20 0
21 13
0 115 21 3
115 202 21 3
202 190 21 3
190 247 21 4
247 234 21 3
234 65 21 4
65 272 21 3
272 244 21 3
244 218 21 3
218 241 21 3
241 220 21 3
220 231 21 3
231 0 21 0
22 14
0 249 22 5
249 127 22 3
127 91 22 3
91 159 22 5
159 37 22 3
37 49 22 4
49 27 22 4
27 244 22 5
244 113 22 5
113 35 22 5
35 130 22 5
130 293 22 4
293 257 22 5
257 0 22 0
23 8
0 286 23 5
286 83 23 5
83 236 23 3
236 9 23 4
9 243 23 3
243 74 23 4
74 250 23 5
250 0 23 0
24 11
0 117 24 5
117 239 24 5
239 222 24 5
222 219 24 5
219 50 24 5
50 88 24 5
88 163 24 3
163 141 24 4
141 72 24 4
72 240 24 4
240 0 24 0
25 11
0 202 25 4
202 279 25 3
279 138 25 3
138 79 25 3
79 221 25 3
221 16 25 4
16 29 25 3
29 167 25 3
167 224 25 3
224 233 25 4
233 0 25 0
26 20
0 294 26 5
294 273 26 4
273 247 26 5
247 234 26 5
234 280 26 5
280 86 26 5
86 118 26 5
118 281 26 3
281 114 26 5
114 144 26 4
144 258 26 4
258 230 26 3
230 64 26 3
64 226 26 3
226 295 26 5
295 218 26 4
218 241 26 5
241 220 26 4
220 231 26 5
231 0 26 0
27 13
0 292 27 4
292 238 27 3
238 146 27 4
146 68 27 4
68 282 27 5
282 152 27 4
152 183 27 5
183 124 27 4
124 4 27 3
4 173 27 4
173 243 27 4
243 51 27 4
51 0 27 0
28 15
0 203 28 4
203 255 28 5
255 215 28 5
215 24 28 5
24 170 28 5
170 211 28 5
211 205 28 4
205 217 28 4
217 223 28 5
223 242 28 4
242 69 28 5
69 153 28 5
153 298 28 5
298 276 28 4
276 0 28 0
29 15
0 203 29 3
203 154 29 5
154 264 29 5
264 289 29 3
289 227 29 3
227 63 29 4
63 207 29 3
207 119 29 4
119 265 29 4
265 270 29 5
270 156 29 3
156 213 29 3
213 210 29 4
210 225 29 3
225 0 29 0
30 14
0 20 30 5
20 232 30 5
232 23 30 4
23 227 30 5
227 253 30 5
253 207 30 5
207 230 30 5
230 226 30 4
226 96 30 5
96 269 30 5
269 213 30 4
213 210 30 5
210 225 30 5
225 0 30 0
31 9
0 85 31 3
85 109 31 3
109 229 31 3
229 259 31 3
259 246 31 3
246 248 31 5
248 266 31 3
266 143 31 3
143 0 31 0
32 7
0 238 32 4
238 216 32 5
216 206 32 5
206 252 32 5
252 267 32 5
267 285 32 3
285 0 32 0
33 19
0 149 33 4
149 251 33 4
251 232 33 3
232 291 33 3
291 299 33 5
299 140 33 4
140 102 33 4
102 235 33 3
235 6 33 4
6 188 33 3
188 209 33 4
209 204 33 4
204 283 33 3
283 261 33 4
261 126 33 4
126 254 33 5
254 224 33 4
224 233 33 5
233 0 33 0
34 11
0 108 34 3
108 8 34 4
8 177 34 4
177 122 34 5
122 52 34 3
52 95 34 5
95 256 34 4
256 237 34 5
237 26 34 5
26 240 34 5
240 0 34 0
35 19
0 208 35 3
208 14 35 3
14 198 35 5
198 221 35 5
221 268 35 5
268 235 35 5
235 94 35 4
94 165 35 5
165 39 35 3
39 135 35 3
135 209 35 5
209 204 35 5
204 179 35 5
179 200 35 4
200 36 35 3
36 274 35 4
274 228 35 5
228 245 35 4
245 0 35 0
36 12
0 208 36 4
208 229 36 4
229 162 36 4
162 275 36 3
275 278 36 4
278 1 36 3
1 2 36 4
2 214 36 4
214 132 36 3
132 116 36 4
116 199 36 5
199 0 36 0
37 9
0 236 37 5
236 87 37 5
87 161 37 5
161 290 37 4
290 155 37 3
155 284 37 3
284 32 37 4
32 212 37 5
212 0 37 0
38 7
0 246 38 4
246 185 38 4
185 34 38 4
34 44 38 3
44 214 38 5
214 271 38 3
271 0 38 0
39 2
0 248 39 3
248 0 39 0
