# Solution for ../instances-HHCRSP/InstanzCPLEX_HCSRP_75_5.txt
# Cost = 698.212 Dist = 2090.72 Tard = 2.22398 TMax = 1.69089
# <vehicle> <route length>
# <origin node> <dest node> <vehicle> <service type>
0 19
0 14 0 0
14 46 0 2
46 17 0 0
17 66 0 0
66 72 0 1
72 67 0 0
67 9 0 2
9 68 0 0
68 39 0 1
39 69 0 1
69 31 0 1
31 27 0 2
27 75 0 1
75 4 0 2
4 25 0 1
25 33 0 1
33 5 0 0
5 24 0 2
24 0 0 0
1 3
0 15 1 2
15 30 1 2
30 0 1 0
2 10
0 71 2 1
71 64 2 1
64 34 2 1
34 51 2 1
51 65 2 1
65 18 2 1
18 35 2 1
35 40 2 1
40 13 2 1
13 0 2 0
3 7
0 23 3 0
23 21 3 0
21 70 3 0
70 43 3 0
43 73 3 0
73 41 3 0
41 0 3 0
4 5
0 36 4 2
36 3 4 2
3 74 4 2
74 32 4 2
32 0 4 0
5 10
0 60 5 3
60 6 5 5
6 45 5 3
45 59 5 3
59 63 5 3
63 22 5 5
22 12 5 3
12 19 5 5
19 1 5 5
1 0 5 0
6 13
0 16 6 4
16 60 6 5
60 49 6 5
49 59 6 4
59 66 6 4
66 2 6 4
2 72 6 3
72 10 6 3
10 67 6 3
67 53 6 4
53 75 6 3
75 61 6 3
61 0 6 0
7 9
0 58 7 3
58 50 7 3
50 55 7 5
55 54 7 5
54 28 7 3
28 29 7 3
29 62 7 3
62 56 7 5
56 0 7 0
8 3
0 58 8 5
58 44 8 3
44 0 8 0
9 8
0 71 9 4
71 64 9 4
64 53 9 5
53 48 9 4
48 7 9 4
7 62 9 4
62 37 9 4
37 0 9 0
10 10
0 42 10 5
42 52 10 5
52 11 10 5
11 63 10 5
63 68 10 4
68 69 10 3
69 47 10 4
47 26 10 4
26 61 10 5
61 0 10 0
11 3
0 20 11 3
20 57 11 3
57 0 11 0
12 7
0 55 12 4
55 54 12 3
54 38 12 3
38 70 12 3
70 74 12 4
74 56 12 3
56 0 12 0
13 5
0 8 13 5
8 65 13 4
65 73 13 5
73 57 13 5
57 0 13 0
14 1
0 0 14 0
