# Solution for ../instances-HHCRSP/InstanzVNS_HCSRP_300_5.txt
# Cost = 1779.88 Dist = 5314.65 Tard = 18.044 TMax = 6.92917
# <vehicle> <route length>
# <origin node> <dest node> <vehicle> <service type>
0 14
0 261 0 0
261 99 0 0
99 255 0 0
255 165 0 0
165 296 0 0
296 17 0 0
17 91 0 1
91 31 0 1
31 294 0 0
294 162 0 1
162 97 0 1
97 263 0 1
263 5 0 0
5 0 0 0
1 10
0 175 1 1
175 71 1 1
71 161 1 1
161 121 1 1
121 86 1 1
86 197 1 1
197 102 1 1
102 76 1 1
76 273 1 1
273 0 1 0
2 14
0 286 2 2
286 144 2 1
144 283 2 1
283 285 2 1
285 186 2 1
186 39 2 1
39 119 2 1
119 27 2 2
27 69 2 2
69 275 2 1
275 178 2 1
178 106 2 1
106 33 2 1
33 0 2 0
3 9
0 115 3 0
115 274 3 0
274 278 3 0
278 74 3 0
74 56 3 0
56 21 3 0
21 281 3 0
281 137 3 0
137 0 3 0
4 11
0 276 4 2
276 182 4 2
182 288 4 2
288 293 4 2
293 117 4 2
117 253 4 2
253 3 4 2
3 36 4 2
36 265 4 2
265 171 4 2
171 0 4 0
5 2
0 259 5 0
259 0 5 0
6 12
0 260 6 1
260 256 6 1
256 268 6 1
268 77 6 1
77 34 6 1
34 147 6 1
147 18 6 1
18 35 6 1
35 156 6 1
156 82 6 1
82 40 6 1
40 0 6 0
7 14
0 269 7 0
269 126 7 0
126 192 7 2
192 180 7 0
180 257 7 2
257 188 7 0
188 23 7 0
23 104 7 0
104 85 7 0
85 277 7 2
277 289 7 2
289 264 7 0
264 140 7 2
140 0 7 0
8 6
0 15 8 2
15 167 8 2
167 181 8 2
181 179 8 2
179 258 8 2
258 0 8 0
9 7
0 135 9 2
135 295 9 2
295 100 9 2
100 124 9 2
124 30 9 2
30 32 9 2
32 0 9 0
10 15
0 93 10 0
93 131 10 0
131 272 10 2
272 183 10 2
183 46 10 2
46 164 10 0
164 291 10 2
291 87 10 0
87 254 10 2
254 300 10 0
300 251 10 0
251 146 10 0
146 158 10 2
158 4 10 2
4 0 10 0
11 19
0 154 11 1
154 262 11 0
262 118 11 1
118 14 11 0
14 9 11 2
9 299 11 2
299 292 11 0
292 64 11 2
64 51 11 1
51 284 11 2
284 25 11 1
25 280 11 0
280 170 11 1
170 88 11 0
88 116 11 0
116 271 11 0
271 24 11 2
24 270 11 0
270 0 11 0
12 4
0 266 12 1
266 81 12 1
81 90 12 1
90 0 12 0
13 5
0 174 13 1
174 279 13 1
279 75 13 1
75 13 13 1
13 0 13 0
14 8
0 195 14 0
195 297 14 1
297 70 14 0
70 287 14 1
287 43 14 0
43 298 14 0
298 282 14 0
282 0 14 0
15 7
0 252 15 2
252 193 15 2
193 267 15 0
267 114 15 0
114 290 15 2
290 41 15 0
41 0 15 0
16 3
0 108 16 2
108 145 16 2
145 0 16 0
17 4
0 169 17 1
169 84 17 1
84 96 17 1
96 0 17 0
18 9
0 233 18 4
233 130 18 4
130 237 18 4
237 240 18 4
240 83 18 4
83 213 18 4
213 220 18 4
220 243 18 4
243 0 18 0
19 14
0 153 19 4
153 245 19 4
245 255 19 5
255 11 19 5
11 216 19 5
216 142 19 5
142 284 19 4
284 177 19 5
177 53 19 4
53 223 19 4
223 48 19 4
48 263 19 5
263 205 19 4
205 0 19 0
20 20
0 133 20 3
133 286 20 5
286 233 20 5
233 268 20 3
268 217 20 3
217 125 20 4
125 212 20 4
212 283 20 3
283 157 20 5
157 103 20 4
103 249 20 3
249 230 20 3
230 112 20 5
112 149 20 4
149 254 20 3
254 7 20 4
7 113 20 3
113 242 20 3
242 221 20 3
221 0 20 0
21 9
0 58 21 4
58 259 21 5
259 202 21 3
202 98 21 3
98 143 21 3
143 207 21 3
207 258 21 4
258 231 21 4
231 0 21 0
22 18
0 261 22 3
261 6 22 5
6 245 22 5
245 272 22 4
272 296 22 4
296 216 22 3
216 200 22 4
200 72 22 4
72 185 22 3
185 127 22 5
127 67 22 3
67 226 22 3
226 68 22 5
68 223 22 5
223 224 22 3
224 150 22 5
150 205 22 3
205 0 22 0
23 19
0 229 23 3
229 59 23 3
59 260 23 4
260 163 23 3
163 256 23 5
256 10 23 3
10 2 23 4
2 66 23 3
66 291 23 4
291 155 23 3
155 285 23 3
285 300 23 3
300 251 23 5
251 92 23 3
92 123 23 4
123 26 23 4
26 242 23 5
242 221 23 4
221 0 23 0
24 19
0 229 24 5
229 262 24 3
262 122 24 4
122 184 24 3
184 78 24 4
78 172 24 3
172 299 24 5
299 80 24 5
80 241 24 3
241 168 24 3
168 226 24 5
226 294 24 5
294 47 24 4
47 224 24 4
224 275 24 4
275 214 24 3
214 89 24 3
89 107 24 5
107 0 24 0
25 17
0 239 25 3
239 219 25 3
219 16 25 4
16 60 25 5
60 45 25 3
45 217 25 5
217 212 25 5
212 63 25 3
63 241 25 5
241 249 25 5
249 230 25 4
230 225 25 3
225 208 25 3
208 148 25 4
148 234 25 3
234 136 25 5
136 0 25 0
26 19
0 239 26 4
239 219 26 4
219 199 26 4
199 38 26 3
38 160 26 5
160 49 26 5
49 139 26 3
139 292 26 3
292 250 26 3
250 62 26 3
62 206 26 3
206 227 26 4
227 277 26 3
277 204 26 3
204 225 26 4
225 208 26 4
208 105 26 4
105 232 26 3
232 0 26 0
27 15
0 248 27 3
248 236 27 3
236 210 27 3
210 50 27 3
50 109 27 4
109 55 27 5
55 228 27 4
228 129 27 3
129 132 27 4
132 238 27 4
238 211 27 3
211 203 27 3
203 44 27 3
44 73 27 4
73 0 27 0
28 11
0 248 28 5
248 236 28 5
236 210 28 5
210 297 28 3
297 287 28 5
287 238 28 5
238 211 28 5
211 203 28 5
203 298 28 3
298 282 28 5
282 0 28 0
29 11
0 269 29 4
269 218 29 3
218 194 29 4
194 52 29 5
52 250 29 5
250 206 29 4
206 280 29 4
280 243 29 3
243 271 29 5
271 270 29 4
270 0 29 0
30 12
0 218 30 5
218 54 30 5
54 222 30 3
222 209 30 5
209 166 30 3
166 279 30 5
279 274 30 5
274 1 30 5
1 207 30 5
207 101 30 5
101 231 30 3
231 0 30 0
31 13
0 276 31 4
276 42 31 5
42 22 31 5
22 237 31 5
237 240 31 5
240 134 31 3
134 213 31 5
213 220 31 5
220 189 31 5
189 61 31 5
61 214 31 4
214 159 31 4
159 0 31 0
32 7
0 235 32 4
235 138 32 5
138 244 32 4
244 215 32 4
215 252 32 4
252 57 32 5
57 0 32 0
33 7
0 235 33 3
235 244 33 3
244 215 33 3
215 110 33 5
110 141 33 4
141 128 33 3
128 0 33 0
34 14
0 266 34 4
266 202 34 4
202 222 34 5
222 209 34 4
209 257 34 4
257 198 34 5
198 151 34 3
151 29 34 3
29 227 34 5
227 204 34 5
204 37 34 4
37 289 34 4
289 232 34 4
232 0 34 0
35 14
0 111 35 4
111 288 35 3
288 152 35 5
152 191 35 3
191 65 35 4
65 295 35 4
295 19 35 5
19 120 35 4
120 228 35 5
228 265 35 4
265 187 35 3
187 273 35 5
273 95 35 4
95 0 35 0
36 2
0 267 36 3
267 0 36 0
37 13
0 8 37 5
8 196 37 3
196 293 37 5
293 28 37 3
28 12 37 3
12 253 37 3
253 94 37 3
94 278 37 5
278 173 37 3
173 176 37 5
176 264 37 5
264 234 37 5
234 0 37 0
38 8
0 246 38 4
246 20 38 3
20 190 38 4
190 247 38 4
247 201 38 3
201 79 38 3
79 290 38 5
290 0 38 0
39 5
0 246 39 5
246 247 39 5
247 201 39 5
201 281 39 3
281 0 39 0
