# Solution for ../instances-HHCRSP/InstanzVNS_HCSRP_100_6.txt
# Cost = 798.279 Dist = 2379.7 Tard = 7.57066 TMax = 7.57066
# <vehicle> <route length>
# <origin node> <dest node> <vehicle> <service type>
0 10
0 51 0 2
51 4 0 0
4 60 0 2
60 13 0 0
13 89 0 0
89 33 0 0
33 2 0 0
2 26 0 0
26 41 0 0
41 0 0 0
1 2
0 22 1 2
22 0 1 0
2 4
0 59 2 1
59 44 2 0
44 96 2 0
96 0 2 0
3 7
0 5 3 1
5 30 3 2
30 36 3 1
36 25 3 2
25 91 3 1
91 98 3 1
98 0 3 0
4 9
0 31 4 2
31 16 4 0
16 86 4 0
86 90 4 2
90 100 4 2
100 92 4 2
92 99 4 0
99 64 4 2
64 0 4 0
5 12
0 88 5 2
88 67 5 2
67 95 5 2
95 18 5 0
18 66 5 0
66 97 5 1
97 19 5 1
19 15 5 1
15 40 5 2
40 23 5 1
23 1 5 1
1 0 5 0
6 13
0 43 6 1
43 93 6 2
93 20 6 2
20 3 6 2
3 47 6 2
47 61 6 1
61 94 6 2
94 87 6 1
87 53 6 1
53 24 6 1
24 12 6 2
12 58 6 1
58 0 6 0
7 10
0 48 7 4
48 11 7 4
11 89 7 3
89 46 7 4
46 74 7 4
74 84 7 4
84 94 7 3
94 80 7 3
80 73 7 4
73 0 7 0
8 10
0 82 8 3
82 88 8 3
88 21 8 3
21 78 8 5
78 77 8 3
77 71 8 3
71 72 8 5
72 28 8 5
28 29 8 3
29 0 8 0
9 12
0 82 9 5
82 55 9 4
55 95 9 5
95 65 9 3
65 52 9 3
52 74 9 5
74 84 9 5
84 87 9 5
87 80 9 4
80 38 9 5
38 73 9 5
73 0 9 0
10 9
0 6 10 5
6 45 10 5
45 39 10 5
39 92 10 3
92 63 10 3
63 70 10 3
70 85 10 3
85 75 10 5
75 0 10 0
11 7
0 50 11 3
50 56 11 5
56 83 11 3
83 68 11 5
68 10 11 5
10 96 11 3
96 0 11 0
12 7
0 49 12 4
49 86 12 4
86 90 12 3
90 100 12 3
100 85 12 5
85 75 12 4
75 0 12 0
13 15
0 54 13 3
54 35 13 5
35 27 13 4
27 93 13 5
93 17 13 5
17 97 13 4
97 8 13 4
8 62 13 4
62 78 13 4
78 77 13 4
77 9 13 4
9 71 13 5
71 72 13 4
72 14 13 3
14 0 13 0
14 5
0 34 14 5
34 76 14 4
76 79 14 3
79 42 14 4
42 0 14 0
15 2
0 81 15 5
81 0 15 0
16 10
0 37 16 4
37 7 16 5
7 91 16 3
91 32 16 4
32 99 16 5
99 98 16 5
98 69 16 3
69 76 16 5
76 79 16 5
79 0 16 0
17 2
0 57 17 3
57 0 17 0
18 3
0 83 18 4
83 81 18 4
81 0 18 0
19 1
0 0 19 0
