# Solution for ../instances-HHCRSP/InstanzVNS_HCSRP_100_5.txt
# Cost = 802.449 Dist = 2405.29 Tard = 1.02776 TMax = 1.02776
# <vehicle> <route length>
# <origin node> <dest node> <vehicle> <service type>
0 16
0 93 0 0
93 14 0 0
14 99 0 0
99 17 0 0
17 9 0 2
9 87 0 0
87 91 0 0
91 31 0 1
31 39 0 1
39 25 0 1
25 33 0 1
33 5 0 0
5 97 0 0
97 92 0 1
92 4 0 2
4 0 0 0
1 6
0 15 1 2
15 3 1 2
3 36 1 2
36 64 1 2
64 24 1 2
24 0 1 0
2 6
0 46 2 2
46 100 2 2
100 27 2 2
27 69 2 2
69 89 2 2
89 0 2 0
3 10
0 21 3 0
21 23 3 0
23 34 3 1
34 18 3 1
18 51 3 1
51 86 3 0
86 88 3 0
88 35 3 1
35 95 3 1
95 0 3 0
4 5
0 98 4 1
98 13 4 1
13 96 4 1
96 40 4 1
40 0 4 0
5 9
0 70 5 0
70 94 5 2
94 56 5 0
56 41 5 0
41 43 5 0
43 32 5 2
32 90 5 0
90 30 5 2
30 0 5 0
6 1
0 0 6 0
7 7
0 50 7 3
50 71 7 3
71 55 7 5
55 74 7 3
74 12 7 3
12 85 7 3
85 0 7 0
8 7
0 71 8 4
71 98 8 4
98 74 8 4
74 76 8 4
76 37 8 4
37 82 8 4
82 0 8 0
9 14
0 42 9 5
42 77 9 5
77 78 9 4
78 80 9 4
80 11 9 5
11 72 9 5
72 87 9 4
87 7 9 4
7 83 9 4
83 48 9 4
48 61 9 5
61 26 9 4
26 92 9 5
92 0 9 0
10 12
0 45 10 3
45 77 10 3
77 78 10 5
78 80 10 5
80 99 10 4
99 72 10 3
72 67 10 3
67 100 10 5
100 10 10 3
10 53 10 4
53 85 10 5
85 0 10 0
11 12
0 6 11 5
6 59 11 3
59 93 11 4
93 63 11 3
63 66 11 3
66 91 11 5
91 2 11 4
2 47 11 4
47 68 11 5
68 97 11 5
97 89 11 5
89 0 11 0
12 8
0 84 12 3
84 79 12 3
79 75 12 3
75 65 12 4
65 1 12 5
1 96 12 5
96 44 12 3
44 0 12 0
13 4
0 84 13 4
84 79 13 4
79 75 13 4
75 0 13 0
14 4
0 81 14 4
81 90 14 5
90 57 14 5
57 0 14 0
15 2
0 73 15 3
73 0 15 0
16 3
0 58 16 4
58 73 16 4
73 0 16 0
17 8
0 81 17 5
81 20 17 3
20 8 17 5
8 19 17 5
19 94 17 3
94 76 17 3
76 95 17 4
95 0 17 0
18 15
0 54 18 5
54 38 18 3
38 16 18 4
16 28 18 3
28 49 18 5
49 60 18 5
60 29 18 3
29 52 18 5
52 22 18 5
22 83 18 5
83 62 18 3
62 86 18 4
86 88 18 3
88 82 18 5
82 0 18 0
19 1
0 0 19 0
