# Solution for ../instances-HHCRSP/InstanzCPLEX_HCSRP_50_3.txt
# Cost = 548.788 Dist = 1633.88 Tard = 7.88156 TMax = 4.60233
# <vehicle> <route length>
# <origin node> <dest node> <vehicle> <service type>
0 11
0 50 0 0
50 23 0 1
23 49 0 2
49 10 0 1
10 1 0 2
1 2 0 2
2 34 0 0
34 29 0 2
29 46 0 0
46 48 0 2
48 0 0 0
1 12
0 33 1 0
33 22 1 0
22 35 1 2
35 6 1 0
6 45 1 2
45 43 1 0
43 47 1 0
47 17 1 0
17 5 1 0
5 31 1 2
31 3 1 0
3 0 1 0
2 7
0 20 2 1
20 9 2 1
9 44 2 1
44 26 2 1
26 4 2 1
4 21 2 1
21 0 2 0
3 8
0 50 3 4
50 46 3 4
46 38 3 4
38 48 3 5
48 39 3 3
39 30 3 5
30 37 3 4
37 0 3 0
4 5
0 28 4 5
28 38 4 5
38 39 4 5
39 37 4 5
37 0 4 0
5 3
0 42 5 4
42 41 5 4
41 0 5 0
6 8
0 42 6 3
42 27 6 5
27 49 6 4
49 24 6 5
24 25 6 4
25 19 6 4
19 14 6 4
14 0 6 0
7 8
0 36 7 4
36 40 7 4
40 44 7 4
44 43 7 5
43 12 7 4
12 47 7 5
47 32 7 5
32 0 7 0
8 10
0 15 8 3
15 36 8 5
36 40 8 3
40 7 8 3
7 45 8 4
45 13 8 5
13 18 8 3
18 8 8 4
8 11 8 3
11 0 8 0
9 3
0 16 9 4
16 41 9 3
41 0 9 0
