# Solution for ../instances-HHCRSP/InstanzCPLEX_HCSRP_50_4.txt
# Cost = 521.187 Dist = 1536.36 Tard = 19.4775 TMax = 7.72209
# <vehicle> <route length>
# <origin node> <dest node> <vehicle> <service type>
0 12
0 15 0 2
15 13 0 2
13 50 0 2
50 45 0 1
45 1 0 2
1 14 0 2
14 43 0 2
43 12 0 2
12 34 0 2
34 17 0 1
17 11 0 2
11 0 0 0
1 8
0 49 1 0
49 20 1 0
20 47 1 0
47 7 1 1
7 25 1 1
25 24 1 1
24 10 1 1
10 0 1 0
2 8
0 48 2 0
48 33 2 0
33 16 2 0
16 46 2 0
46 44 2 0
44 18 2 0
18 9 2 0
9 0 2 0
3 6
0 38 3 5
38 30 3 5
30 39 3 5
39 21 3 5
21 29 3 5
29 0 3 0
4 8
0 38 4 4
38 42 4 3
42 48 4 3
48 27 4 3
27 44 4 4
44 19 4 4
19 37 4 3
37 0 4 0
5 11
0 40 5 4
40 32 5 3
32 23 5 4
23 50 5 4
50 45 5 4
45 41 5 3
41 3 5 3
3 35 5 3
35 36 5 3
36 26 5 3
26 0 5 0
6 8
0 40 6 5
40 28 6 3
28 47 6 4
47 2 6 4
2 22 6 5
22 4 6 4
4 37 6 4
37 0 6 0
7 7
0 42 7 4
42 39 7 4
39 46 7 3
46 43 7 4
43 5 7 3
5 8 7 4
8 0 7 0
8 5
0 6 8 3
6 49 8 3
49 31 8 4
31 41 8 5
41 0 8 0
9 2
0 36 9 5
36 0 9 0
