# Solution for ../instances-HHCRSP/InstanzCPLEX_HCSRP_75_10.txt
# Cost = 1229.32 Dist = 2534.86 Tard = 1007.8 TMax = 145.305
# <vehicle> <route length>
# <origin node> <dest node> <vehicle> <service type>
0 17
0 70 0 0
70 64 0 0
64 33 0 0
33 4 0 0
4 2 0 0
2 73 0 0
73 71 0 0
71 44 0 0
44 19 0 1
19 16 0 0
16 69 0 0
69 67 0 0
67 72 0 0
72 47 0 0
47 48 0 0
48 14 0 0
14 0 0 0
1 4
0 34 1 2
34 27 1 2
27 43 1 2
43 0 1 0
2 5
0 32 2 2
32 24 2 2
24 66 2 2
66 28 2 2
28 0 2 0
3 16
0 22 3 1
22 11 3 1
11 7 3 1
7 26 3 1
26 68 3 1
68 35 3 1
35 50 3 1
50 18 3 1
18 65 3 1
65 40 3 1
40 74 3 1
74 36 3 1
36 42 3 1
42 30 3 2
30 75 3 1
75 0 3 0
4 3
0 29 4 2
29 31 4 2
31 0 4 0
5 10
0 70 5 3
70 64 5 3
64 61 5 3
61 3 5 3
3 8 5 4
8 62 5 3
62 69 5 4
69 67 5 4
67 59 5 4
59 0 5 0
6 8
0 45 6 4
45 63 6 4
63 57 6 4
57 68 6 5
68 51 6 5
51 56 6 5
56 60 6 5
60 0 6 0
7 6
0 41 7 5
41 46 7 5
46 25 7 5
25 55 7 5
55 66 7 5
66 0 7 0
8 12
0 63 8 3
63 57 8 5
57 39 8 3
39 61 8 5
61 9 8 3
9 38 8 4
38 62 8 4
62 52 8 5
52 6 8 4
6 10 8 4
10 59 8 5
59 0 8 0
9 6
0 12 9 5
12 58 9 3
58 65 9 5
65 54 9 5
54 72 9 5
72 0 9 0
10 5
0 58 10 4
58 20 10 4
20 54 10 3
54 60 10 4
60 0 10 0
11 2
0 53 11 3
53 0 11 0
12 3
0 53 12 5
53 73 12 5
73 0 12 0
13 11
0 5 13 4
5 49 13 5
49 15 13 3
15 37 13 4
37 56 13 3
56 23 13 3
23 1 13 3
1 21 13 5
21 13 13 3
13 74 13 3
74 0 13 0
14 5
0 71 14 4
71 17 14 4
17 55 14 3
55 75 14 3
75 0 14 0
