# Solution for ../instances-HHCRSP/InstanzCPLEX_HCSRP_50_2.txt
# Cost = 584.301 Dist = 1703.87 Tard = 36.2867 TMax = 12.7465
# <vehicle> <route length>
# <origin node> <dest node> <vehicle> <service type>
0 13
0 14 0 0
14 26 0 0
26 11 0 2
11 49 0 2
49 2 0 0
2 10 0 0
10 19 0 2
19 34 0 2
34 15 0 2
15 21 0 0
21 12 0 2
12 32 0 0
32 0 0 0
1 5
0 50 1 2
50 44 1 2
44 3 1 2
3 16 1 2
16 0 1 0
2 13
0 46 2 0
46 9 2 1
9 48 2 1
48 45 2 1
45 17 2 1
17 43 2 1
43 7 2 0
7 6 2 0
6 33 2 1
33 31 2 1
31 4 2 1
4 47 2 2
47 0 2 0
3 14
0 1 3 4
1 8 3 3
8 13 3 4
13 28 3 5
28 48 3 4
48 45 3 4
45 49 3 4
49 27 3 4
27 41 3 5
41 29 3 3
29 5 3 3
5 18 3 3
18 35 3 4
35 0 3 0
4 4
0 39 4 3
39 50 4 3
50 20 4 5
20 0 4 0
5 4
0 39 5 4
39 38 5 4
38 37 5 4
37 0 5 0
6 4
0 46 6 5
46 43 6 5
43 30 6 4
30 0 6 0
7 8
0 40 7 3
40 22 7 3
22 25 7 4
25 41 7 4
41 36 7 3
36 42 7 3
42 47 7 3
47 0 7 0
8 6
0 40 8 4
40 23 8 5
23 36 8 5
36 42 8 4
42 24 8 4
24 0 8 0
9 4
0 38 9 3
38 44 9 5
44 37 9 5
37 0 9 0
