# Solution for ../instances-HHCRSP/InstanzCPLEX_HCSRP_50_5.txt
# Cost = 723.806 Dist = 1870.97 Tard = 192.961 TMax = 107.49
# <vehicle> <route length>
# <origin node> <dest node> <vehicle> <service type>
0 13
0 45 0 0
45 14 0 0
14 50 0 0
50 17 0 0
17 34 0 1
34 21 0 0
21 23 0 0
23 48 0 0
48 25 0 1
25 5 0 0
5 33 0 1
33 35 0 1
35 0 0 0
1 13
0 15 1 2
15 49 1 2
49 3 1 2
3 9 1 2
9 47 1 2
47 43 1 2
43 30 1 2
30 32 1 2
32 44 1 2
44 24 1 2
24 4 1 2
4 27 1 2
27 0 1 0
2 5
0 46 2 1
46 31 2 1
31 18 2 1
18 13 2 1
13 0 2 0
3 12
0 16 3 4
16 45 3 5
45 11 3 5
11 50 3 3
50 10 3 3
10 2 3 4
2 39 3 3
39 7 3 4
7 48 3 3
48 37 3 4
37 40 3 4
40 0 3 0
4 7
0 8 4 5
8 38 4 3
38 12 4 3
12 36 4 5
36 37 4 3
37 40 4 5
40 0 4 0
5 8
0 49 5 4
49 28 5 3
28 38 5 4
38 1 5 5
1 20 5 3
20 43 5 4
43 44 5 5
44 0 5 0
6 4
0 42 6 4
42 36 6 4
36 41 6 4
41 0 6 0
7 8
0 42 7 3
42 6 7 5
6 22 7 5
22 46 7 3
46 47 7 5
47 39 7 5
39 26 7 4
26 0 7 0
8 1
0 0 8 0
9 4
0 19 9 5
19 29 9 3
29 41 9 5
41 0 9 0
