# Solution for ../instances-HHCRSP/InstanzVNS_HCSRP_100_9.txt
# Cost = 957.379 Dist = 2821.1 Tard = 40.3414 TMax = 10.6918
# <vehicle> <route length>
# <origin node> <dest node> <vehicle> <service type>
0 15
0 47 0 2
47 35 0 2
35 11 0 2
11 36 0 2
36 100 0 1
100 27 0 0
27 88 0 2
88 8 0 0
8 86 0 2
86 18 0 2
18 92 0 0
92 21 0 1
21 45 0 2
45 57 0 2
57 0 0 0
1 8
0 54 1 1
54 9 1 1
9 50 1 1
50 4 1 1
4 95 1 1
95 1 1 1
1 30 1 1
30 0 1 0
2 11
0 89 2 0
89 56 2 0
56 87 2 0
87 33 2 0
33 90 2 0
90 26 2 0
26 61 2 0
61 55 2 0
55 31 2 0
31 94 2 0
94 0 2 0
3 3
0 99 3 0
99 32 3 0
32 0 3 0
4 12
0 42 4 2
42 64 4 2
64 23 4 2
23 59 4 2
59 98 4 2
98 96 4 2
96 28 4 2
28 58 4 2
58 69 4 0
69 20 4 0
20 44 4 2
44 0 4 0
5 9
0 97 5 2
97 16 5 2
16 91 5 1
91 43 5 0
43 10 5 1
10 53 5 0
53 60 5 2
60 93 5 1
93 0 5 0
6 1
0 0 6 0
7 10
0 5 7 5
5 84 7 5
84 67 7 5
67 75 7 3
75 72 7 3
72 19 7 5
19 37 7 5
37 29 7 3
29 40 7 5
40 0 7 0
8 9
0 97 8 4
97 84 8 4
84 95 8 5
95 75 8 4
75 72 8 4
72 86 8 5
86 24 8 4
24 92 8 4
92 0 8 0
9 7
0 73 9 3
73 49 9 5
49 39 9 3
39 71 9 3
71 98 9 3
98 91 9 3
91 0 9 0
10 5
0 73 10 5
73 71 10 5
71 7 10 5
7 93 10 4
93 0 10 0
11 1
0 0 11 0
12 15
0 52 12 4
52 81 12 4
81 68 12 4
68 22 12 4
22 79 12 4
79 83 12 4
83 63 12 4
63 12 12 4
12 70 12 5
70 88 12 5
88 77 12 4
77 78 12 4
78 51 12 4
51 74 12 4
74 0 12 0
13 11
0 81 13 5
81 79 13 3
79 83 13 3
83 6 13 3
6 100 13 3
100 77 13 5
77 62 13 3
62 15 13 5
15 78 13 3
78 74 13 5
74 0 13 0
14 12
0 82 14 4
82 34 14 4
34 2 14 4
2 76 14 3
76 48 14 5
48 17 14 5
17 80 14 4
80 90 14 5
90 85 14 3
85 3 14 4
3 14 14 4
14 0 14 0
15 10
0 82 15 5
82 89 15 4
89 66 15 3
66 76 15 5
76 87 15 3
87 80 15 5
80 38 15 3
38 85 15 4
85 13 15 4
13 0 15 0
16 3
0 25 16 5
25 99 16 4
99 0 16 0
17 1
0 0 17 0
18 6
0 46 18 5
46 96 18 5
96 41 18 4
41 94 18 5
94 65 18 5
65 0 18 0
19 1
0 0 19 0
