# Solution for ../instances-HHCRSP/InstanzCPLEX_HCSRP_50_3.txt
# Cost = 565.447 Dist = 1683.99 Tard = 8.34967 TMax = 4
# <vehicle> <route length>
# <origin node> <dest node> <vehicle> <service type>
0 14
0 44 0 1
44 33 0 0
33 9 0 1
9 35 0 2
35 22 0 0
22 6 0 0
6 45 0 2
45 47 0 0
47 43 0 0
43 17 0 0
17 5 0 0
5 31 0 2
31 3 0 0
3 0 0 0
1 9
0 50 1 0
50 49 1 2
49 1 1 2
1 2 1 2
2 34 1 0
34 29 1 2
29 46 1 0
46 48 1 2
48 0 1 0
2 7
0 23 2 1
23 20 2 1
20 26 2 1
26 4 2 1
4 10 2 1
10 21 2 1
21 0 2 0
3 10
0 44 3 4
44 40 3 3
40 7 3 3
7 45 3 4
45 8 3 4
8 13 3 5
13 18 3 3
18 19 3 4
19 14 3 4
14 0 3 0
4 8
0 36 4 5
36 42 4 3
42 28 4 5
28 38 4 5
38 48 4 5
48 39 4 3
39 37 4 5
37 0 4 0
5 4
0 50 5 4
50 46 5 4
46 38 5 4
38 0 5 0
6 8
0 36 6 4
36 40 6 4
40 32 6 5
32 12 6 4
12 47 6 5
47 43 6 5
43 11 6 3
11 0 6 0
7 9
0 42 7 4
42 27 7 5
27 49 7 4
49 24 7 5
24 25 7 4
25 30 7 5
30 39 7 5
39 37 7 4
37 0 7 0
8 3
0 15 8 3
15 41 8 3
41 0 8 0
9 3
0 16 9 4
16 41 9 4
41 0 9 0
