# Solution for ../instances-HHCRSP/InstanzVNS_HCSRP_200_2.txt
# Cost = 1412.25 Dist = 4227.42 Tard = 5.21964 TMax = 4.12452
# <vehicle> <route length>
# <origin node> <dest node> <vehicle> <service type>
0 9
0 200 0 1
200 39 0 1
39 120 0 1
120 92 0 1
92 38 0 1
38 116 0 0
116 185 0 1
185 192 0 0
192 0 0 0
1 6
0 189 1 2
189 121 1 2
121 90 1 2
90 16 1 2
16 100 1 2
100 0 1 0
2 14
0 182 2 0
182 11 2 2
11 26 2 0
26 61 2 2
61 41 2 2
41 103 2 2
103 72 2 2
72 180 2 2
180 19 2 2
19 106 2 0
106 12 2 2
12 21 2 0
21 184 2 2
184 0 2 0
3 15
0 172 3 1
172 132 3 1
132 174 3 2
174 133 3 1
133 136 3 2
136 188 3 1
188 66 3 2
66 34 3 2
34 129 3 1
129 187 3 2
187 15 3 2
15 176 3 2
176 65 3 2
65 179 3 2
179 0 3 0
4 4
0 59 4 2
59 175 4 2
175 3 4 2
3 0 4 0
5 14
0 198 5 0
198 173 5 1
173 108 5 1
108 54 5 1
54 14 5 0
14 183 5 1
183 80 5 1
80 140 5 1
140 10 5 0
10 113 5 1
113 56 5 1
56 4 5 1
4 33 5 1
33 0 5 0
6 14
0 96 6 1
96 9 6 1
9 71 6 1
71 91 6 0
91 181 6 1
181 171 6 1
171 138 6 1
138 45 6 0
45 2 6 0
2 196 6 0
196 31 6 1
31 114 6 0
114 105 6 0
105 0 6 0
7 2
0 43 7 2
43 0 7 0
8 12
0 46 8 0
46 123 8 1
123 199 8 0
199 83 8 0
83 115 8 0
115 117 8 1
117 191 8 0
191 6 8 0
6 57 8 0
57 128 8 1
128 7 8 0
7 0 8 0
9 19
0 190 9 0
190 177 9 1
177 67 9 0
67 131 9 1
131 193 9 2
193 186 9 1
186 40 9 2
40 17 9 1
17 194 9 1
194 44 9 1
44 36 9 2
36 197 9 0
197 195 9 1
195 178 9 2
178 97 9 2
97 42 9 1
42 32 9 0
32 82 9 1
82 0 9 0
10 14
0 161 10 4
161 168 10 4
168 147 10 5
147 156 10 5
156 145 10 4
145 144 10 4
144 84 10 4
84 124 10 4
124 27 10 4
27 68 10 4
68 153 10 4
153 35 10 4
35 149 10 4
149 0 10 0
11 14
0 200 11 3
200 60 11 5
60 157 11 4
157 141 11 4
141 52 11 4
52 163 11 4
163 152 11 4
152 164 11 3
164 143 11 3
143 64 11 3
64 142 11 3
142 87 11 4
87 166 11 4
166 0 11 0
12 17
0 161 12 3
161 168 12 3
168 147 12 3
147 156 12 3
156 145 12 5
145 144 12 5
144 73 12 3
73 188 12 4
188 167 12 4
167 160 12 3
160 29 12 3
29 88 12 3
88 74 12 4
74 176 12 3
176 155 12 3
155 179 12 3
179 0 12 0
13 12
0 89 13 5
89 189 13 3
189 50 13 5
50 199 13 5
199 141 13 5
141 163 13 3
163 152 13 5
152 169 13 3
169 112 13 5
112 86 13 3
86 185 13 5
185 0 13 0
14 13
0 172 14 5
172 182 14 3
182 151 14 3
151 171 14 5
171 28 14 5
28 158 14 4
158 109 14 5
109 165 14 3
165 148 14 3
148 139 14 3
139 47 14 4
47 24 14 4
24 0 14 0
15 10
0 146 15 4
146 1 15 4
1 118 15 4
118 77 15 4
77 181 15 4
181 183 15 4
183 125 15 4
125 180 15 4
180 184 15 4
184 0 15 0
16 13
0 198 16 3
198 8 16 3
8 75 16 5
75 151 16 4
151 49 16 4
49 170 16 4
170 196 16 4
196 158 16 5
158 130 16 3
130 165 16 4
165 148 16 5
148 76 16 3
76 0 16 0
17 13
0 173 17 3
173 81 17 3
81 25 17 4
25 135 17 5
135 122 17 3
122 167 17 5
167 160 17 5
160 159 17 3
159 150 17 5
150 55 17 5
55 111 17 4
111 155 17 4
155 0 17 0
18 3
0 63 18 4
63 30 18 4
30 0 18 0
19 14
0 146 19 5
146 13 19 4
13 174 19 5
174 48 19 3
48 94 19 5
94 170 19 5
170 5 19 3
5 134 19 4
134 78 19 3
78 187 19 3
187 153 19 5
153 18 19 3
18 149 19 5
149 0 19 0
20 9
0 93 20 3
93 157 20 5
157 175 20 3
175 102 20 3
102 164 20 5
164 143 20 5
143 142 20 4
142 166 20 5
166 0 20 0
21 13
0 126 21 5
126 127 21 5
127 154 21 5
154 110 21 5
110 62 21 4
62 162 21 5
162 107 21 4
107 99 21 4
99 85 21 4
85 23 21 5
23 191 21 5
191 169 21 4
169 0 21 0
22 11
0 190 22 3
190 177 22 5
177 154 22 3
154 193 22 4
193 186 22 3
186 98 22 4
98 119 22 5
119 197 22 4
197 195 22 4
195 178 22 4
178 0 22 0
23 6
0 51 23 5
51 70 23 5
70 194 23 3
194 95 23 3
95 37 23 3
37 0 23 0
24 4
0 20 24 5
20 69 24 4
69 192 24 3
192 0 24 0
25 1
0 0 25 0
26 1
0 0 26 0
27 11
0 137 27 3
137 53 27 4
53 104 27 3
104 162 27 4
162 101 27 3
101 22 27 3
22 159 27 4
159 150 27 3
150 58 27 4
58 79 27 3
79 0 27 0
28 1
0 0 28 0
29 1
0 0 29 0
