# Solution for ../instances-HHCRSP/InstanzVNS_HCSRP_100_8.txt
# Cost = 753.339 Dist = 2260.02 Tard = 0 TMax = 0
# <vehicle> <route length>
# <origin node> <dest node> <vehicle> <service type>
0 5
0 11 0 0
11 87 0 2
87 60 0 2
60 93 0 2
93 0 0 0
1 16
0 42 1 0
42 65 1 0
65 33 1 1
33 22 1 1
22 45 1 2
45 55 1 0
55 97 1 0
97 53 1 1
53 100 1 1
100 89 1 0
89 44 1 1
44 13 1 2
13 48 1 1
48 51 1 0
51 46 1 2
46 0 1 0
2 7
0 10 2 0
10 40 2 0
40 95 2 0
95 62 2 0
62 16 2 0
16 5 2 0
5 0 2 0
3 6
0 57 3 1
57 36 3 1
36 96 3 1
96 27 3 1
27 18 3 1
18 0 3 0
4 8
0 91 4 2
91 86 4 2
86 23 4 2
23 68 4 2
68 12 4 2
12 6 4 2
6 90 4 2
90 0 4 0
5 4
0 56 5 2
56 58 5 2
58 98 5 2
98 0 5 0
6 11
0 21 6 0
21 92 6 1
92 17 6 0
17 94 6 0
94 54 6 1
54 66 6 1
66 32 6 1
32 4 6 1
4 99 6 0
99 88 6 1
88 0 6 0
7 12
0 25 7 5
25 8 7 5
8 82 7 5
82 75 7 3
75 83 7 3
83 24 7 4
24 34 7 5
34 47 7 4
47 39 7 4
39 99 7 3
99 88 7 3
88 0 7 0
8 10
0 50 8 4
50 14 8 5
14 26 8 3
26 94 8 3
94 19 8 3
19 78 8 4
78 63 8 5
63 15 8 4
15 52 8 4
52 0 8 0
9 9
0 37 9 5
37 31 9 5
31 76 9 3
76 80 9 5
80 71 9 3
71 73 9 5
73 69 9 3
69 72 9 3
72 0 9 0
10 11
0 43 10 4
43 82 10 3
82 75 10 4
75 83 10 4
83 100 10 3
100 89 10 4
89 35 10 4
35 3 10 4
3 73 10 3
73 72 10 4
72 0 10 0
11 4
0 87 11 4
87 77 11 4
77 38 11 4
38 0 11 0
12 9
0 61 12 4
61 70 12 5
70 1 12 4
1 98 12 4
98 76 12 4
76 80 12 4
80 71 12 4
71 28 12 3
28 0 12 0
13 6
0 59 13 3
59 84 13 3
84 74 13 3
74 85 13 4
85 9 13 5
9 0 13 0
14 1
0 0 14 0
15 4
0 84 15 5
84 74 15 5
74 85 15 5
85 0 15 0
16 9
0 91 16 5
91 86 16 5
86 92 16 5
92 78 16 5
78 20 16 3
20 90 16 3
90 30 16 5
30 29 16 3
29 0 16 0
17 3
0 67 17 5
67 2 17 4
2 0 17 0
18 9
0 49 18 5
49 7 18 3
7 97 18 4
97 64 18 3
64 95 18 5
95 79 18 4
79 81 18 3
81 93 18 5
93 0 18 0
19 6
0 77 19 3
77 41 19 5
41 96 19 3
96 79 19 3
79 81 19 5
81 0 19 0
