# Solution for ../instances-HHCRSP/InstanzVNS_HCSRP_300_6.txt
# Cost = 1802.69 Dist = 5400.36 Tard = 5.50104 TMax = 2.19804
# <vehicle> <route length>
# <origin node> <dest node> <vehicle> <service type>
0 14
0 131 0 0
131 290 0 0
290 5 0 1
5 122 0 1
122 151 0 0
151 280 0 0
280 26 0 0
26 291 0 0
291 199 0 0
199 286 0 0
286 293 0 1
293 274 0 1
274 132 0 0
132 0 0 0
1 6
0 43 1 1
43 59 1 1
59 112 1 1
112 263 1 1
263 270 1 1
270 0 1 0
2 14
0 97 2 2
97 3 2 2
3 13 2 0
13 276 2 2
276 287 2 2
287 53 2 1
53 47 2 2
47 94 2 0
94 80 2 1
80 251 2 2
251 24 2 1
24 73 2 2
73 12 2 2
12 0 2 0
3 14
0 282 3 2
282 67 3 2
67 25 3 2
25 193 3 1
193 82 3 2
82 184 3 2
184 264 3 1
264 269 3 1
269 182 3 1
182 40 3 2
40 296 3 2
296 128 3 2
128 147 3 1
147 0 3 0
4 15
0 2 4 0
2 285 4 1
285 136 4 0
136 78 4 0
78 77 4 0
77 295 4 0
295 277 4 1
277 189 4 0
189 23 4 1
23 190 4 0
190 127 4 1
127 297 4 1
297 253 4 1
253 109 4 0
109 0 4 0
5 11
0 157 5 0
157 275 5 1
275 103 5 0
103 18 5 0
18 33 5 0
33 271 5 0
271 15 5 1
15 104 5 1
104 278 5 1
278 1 5 1
1 0 5 0
6 10
0 22 6 2
22 124 6 2
124 133 6 2
133 119 6 2
119 64 6 2
64 197 6 2
197 187 6 2
187 156 6 2
156 294 6 2
294 0 6 0
7 7
0 31 7 2
31 30 7 2
30 92 7 2
92 300 7 2
300 116 7 2
116 181 7 2
181 0 7 0
8 4
0 159 8 1
159 281 8 1
281 298 8 1
298 0 8 0
9 14
0 60 9 2
60 51 9 2
51 20 9 2
20 188 9 1
188 252 9 1
252 292 9 1
292 61 9 1
61 288 9 1
288 114 9 0
114 172 9 1
172 113 9 0
113 266 9 2
266 150 9 2
150 0 9 0
10 11
0 283 10 0
283 16 10 0
16 36 10 1
36 284 10 0
284 177 10 1
177 273 10 1
273 72 10 0
72 261 10 1
261 257 10 1
257 76 10 1
76 0 10 0
11 11
0 139 11 2
139 143 11 2
143 299 11 2
299 255 11 2
255 129 11 2
129 265 11 2
265 99 11 2
99 98 11 2
98 180 11 2
180 79 11 2
79 0 11 0
12 16
0 4 12 0
4 144 12 2
144 198 12 0
198 134 12 0
134 258 12 0
258 173 12 0
173 256 12 1
256 158 12 1
158 174 12 1
174 126 12 1
126 168 12 2
168 58 12 1
58 267 12 2
267 106 12 1
106 254 12 0
254 0 12 0
13 11
0 165 13 0
165 279 13 1
279 66 13 0
66 183 13 1
183 95 13 1
95 19 13 1
19 262 13 0
262 268 13 1
268 191 13 1
191 289 13 1
289 0 13 0
14 4
0 41 14 0
41 142 14 0
142 161 14 0
161 0 14 0
15 3
0 111 15 1
111 121 15 1
121 0 15 0
16 2
0 85 16 1
85 0 16 0
17 6
0 44 17 0
44 260 17 0
260 90 17 0
90 259 17 0
259 272 17 0
272 0 17 0
18 16
0 202 18 3
202 228 18 3
228 204 18 4
204 248 18 4
248 17 18 5
17 275 18 5
275 145 18 3
145 295 18 4
295 277 18 5
277 71 18 5
71 149 18 4
149 261 18 4
261 117 18 4
117 169 18 4
169 257 18 4
257 0 18 0
19 13
0 202 19 4
202 228 19 5
228 204 19 5
204 248 19 5
248 153 19 5
153 100 19 4
100 108 19 4
108 28 19 5
28 206 19 4
206 230 19 3
230 135 19 4
135 254 19 3
254 0 19 0
20 16
0 282 20 5
282 93 20 5
93 216 20 4
216 242 20 3
242 207 20 3
207 244 20 3
244 52 20 3
52 155 20 5
155 163 20 5
163 239 20 4
239 236 20 3
236 251 20 3
251 297 20 3
297 253 20 4
253 247 20 3
247 0 20 0
21 11
0 39 21 5
39 86 21 5
86 146 21 3
146 210 21 3
210 83 21 4
83 68 21 5
68 203 21 4
203 222 21 3
222 220 21 4
220 75 21 4
75 0 21 0
22 16
0 249 22 3
249 195 22 4
195 48 22 4
48 216 22 5
216 242 22 5
242 276 22 3
276 287 22 5
287 46 22 4
46 239 22 5
239 236 22 5
236 196 22 4
196 176 22 5
176 267 22 4
267 110 22 3
110 229 22 3
229 0 22 0
23 16
0 249 23 5
249 11 23 4
11 141 23 5
141 152 23 5
152 192 23 3
192 258 23 3
258 74 23 5
74 256 23 5
256 107 23 4
107 101 23 3
101 288 23 4
288 211 23 3
211 218 23 3
218 38 23 5
38 247 23 4
247 0 23 0
24 13
0 250 24 3
250 27 24 4
27 279 24 3
279 55 24 4
55 21 24 3
21 265 24 3
265 232 24 3
232 221 24 3
221 118 24 4
118 213 24 4
213 14 24 3
14 115 24 5
115 0 24 0
25 8
0 250 25 4
250 285 25 4
285 255 25 3
255 200 25 4
200 268 25 3
268 278 25 4
278 289 25 4
289 0 25 0
26 9
0 290 26 5
290 210 26 4
210 203 26 5
203 260 26 3
260 259 26 5
259 81 26 4
81 179 26 5
179 272 26 4
272 0 26 0
27 17
0 208 27 3
208 35 27 5
35 7 27 5
7 137 27 5
137 148 27 4
148 243 27 3
243 194 27 5
194 91 27 4
91 162 27 5
162 235 27 3
235 296 27 5
296 170 27 5
170 175 27 3
175 226 27 3
226 201 27 3
201 96 27 3
96 0 27 0
28 17
0 208 28 5
208 50 28 3
50 56 28 5
56 283 28 5
283 54 28 3
54 299 28 3
299 284 28 5
284 233 28 4
233 209 28 3
209 223 28 4
223 105 28 5
105 32 28 4
32 130 28 3
130 227 28 5
227 225 28 3
225 224 28 5
224 0 28 0
29 10
0 160 29 5
160 49 29 4
49 45 29 5
45 6 29 5
6 37 29 4
37 286 29 5
286 293 29 4
293 274 29 5
274 201 29 4
201 0 29 0
30 13
0 231 30 3
231 214 30 3
214 62 30 4
62 243 30 4
243 280 30 4
280 291 30 3
291 120 30 5
120 235 30 4
235 185 30 5
185 69 30 3
69 125 30 3
125 226 30 4
226 0 30 0
31 13
0 231 31 5
231 214 31 5
214 65 31 3
65 207 31 5
207 244 31 4
244 271 31 5
271 241 31 3
241 219 31 3
219 262 31 3
262 87 31 5
87 266 31 5
266 29 31 3
29 0 31 0
32 15
0 238 32 3
238 215 32 4
215 8 32 4
8 171 32 5
171 138 32 3
138 89 32 4
89 84 32 5
84 186 32 5
186 252 32 5
252 292 32 3
292 241 32 4
241 219 32 4
219 211 32 5
211 218 32 4
218 0 32 0
33 13
0 238 33 4
238 215 33 5
215 88 33 4
88 264 33 3
264 269 33 4
269 9 33 4
9 123 33 3
123 166 33 5
166 206 33 5
206 230 33 4
230 102 33 5
102 229 33 4
229 0 33 0
34 11
0 167 34 4
167 237 34 4
237 205 34 4
205 246 34 5
246 212 34 5
212 281 34 5
281 298 34 3
298 222 34 5
222 220 34 5
220 294 34 3
294 0 34 0
35 13
0 178 35 4
178 154 35 3
154 140 35 5
140 209 35 5
209 223 35 5
223 232 35 4
232 221 35 5
221 273 35 3
273 213 35 5
213 270 35 5
270 42 35 4
42 70 35 3
70 0 35 0
36 8
0 234 36 4
234 63 36 3
63 240 36 3
240 217 36 4
217 245 36 3
245 263 36 4
263 300 36 4
300 0 36 0
37 7
0 246 37 3
246 212 37 4
212 57 37 3
57 227 37 4
227 225 37 4
225 224 37 3
224 0 37 0
38 7
0 234 38 5
234 233 38 5
233 34 38 5
34 240 38 4
240 217 38 5
217 245 38 4
245 0 38 0
39 5
0 237 39 5
237 205 39 5
205 164 39 3
164 10 39 5
10 0 39 0
