# Solution for ../instances-HHCRSP/InstanzCPLEX_HCSRP_50_5.txt
# Cost = 702.713 Dist = 1834.99 Tard = 210.726 TMax = 62.4278
# <vehicle> <route length>
# <origin node> <dest node> <vehicle> <service type>
0 16
0 45 0 0
45 14 0 0
14 46 0 1
46 50 0 0
50 17 0 0
17 34 0 1
34 23 0 0
23 21 0 0
21 18 0 1
18 31 0 1
31 48 0 0
48 25 0 1
25 5 0 0
5 33 0 1
33 35 0 1
35 0 0 0
1 13
0 15 1 2
15 49 1 2
49 9 1 2
9 3 1 2
3 43 1 2
43 30 1 2
30 32 1 2
32 47 1 2
47 27 1 2
27 4 1 2
4 24 1 2
24 44 1 2
44 0 1 0
2 2
0 13 2 1
13 0 2 0
3 10
0 45 3 5
45 11 3 5
11 50 3 3
50 10 3 3
10 39 3 3
39 7 3 4
7 48 3 3
48 37 3 4
37 40 3 4
40 0 3 0
4 7
0 8 4 5
8 38 4 3
38 12 4 3
12 36 4 5
36 37 4 3
37 40 4 5
40 0 4 0
5 9
0 49 5 4
49 28 5 3
28 38 5 4
38 20 5 3
20 1 5 5
1 36 5 4
36 43 5 4
43 44 5 5
44 0 5 0
6 4
0 42 6 4
42 16 6 4
16 41 6 4
41 0 6 0
7 7
0 42 7 3
42 46 7 3
46 2 7 4
2 39 7 5
39 47 7 5
47 26 7 4
26 0 7 0
8 1
0 0 8 0
9 6
0 6 9 5
6 22 9 5
22 29 9 3
29 19 9 5
19 41 9 5
41 0 9 0
