# Solution for ../instances-HHCRSP/InstanzVNS_HCSRP_300_9.txt
# Cost = 1946.06 Dist = 5830.73 Tard = 4.97692 TMax = 2.48683
# <vehicle> <route length>
# <origin node> <dest node> <vehicle> <service type>
0 14
0 297 0 0
297 4 0 1
4 161 0 1
161 50 0 1
50 162 0 0
162 83 0 0
83 286 0 0
286 299 0 0
299 144 0 0
144 78 0 1
78 134 0 1
134 21 0 1
21 176 0 0
176 0 0 0
1 11
0 82 1 1
82 274 1 1
274 96 1 1
96 85 1 1
85 105 1 1
105 30 1 1
30 254 1 1
254 292 1 1
292 293 1 1
293 172 1 1
172 0 1 0
2 4
0 268 2 0
268 194 2 0
194 31 2 0
31 0 2 0
3 12
0 89 3 1
89 287 3 0
287 147 3 0
147 79 3 0
79 27 3 0
27 56 3 0
56 283 3 0
283 257 3 0
257 187 3 0
187 80 3 0
80 20 3 0
20 0 3 0
4 3
0 273 4 0
273 43 4 0
43 0 4 0
5 14
0 288 5 2
288 35 5 2
35 150 5 2
150 166 5 0
166 264 5 0
264 139 5 2
139 84 5 2
84 8 5 0
8 72 5 2
72 18 5 2
18 267 5 0
267 111 5 2
111 258 5 0
258 0 5 0
6 9
0 71 6 0
71 298 6 0
298 284 6 0
284 151 6 0
151 53 6 0
53 140 6 0
140 251 6 0
251 55 6 0
55 0 6 0
7 20
0 117 7 1
117 54 7 1
54 275 7 0
275 177 7 0
177 9 7 1
9 195 7 0
195 123 7 0
123 1 7 1
1 33 7 0
33 295 7 0
295 265 7 1
265 184 7 0
184 125 7 1
125 291 7 0
291 261 7 0
261 69 7 0
69 148 7 1
148 74 7 1
74 138 7 1
138 0 7 0
8 3
0 73 8 0
73 32 8 0
32 0 8 0
9 14
0 59 9 2
59 97 9 1
97 269 9 1
269 294 9 1
294 16 9 2
16 277 9 1
277 252 9 1
252 122 9 1
122 279 9 2
279 57 9 2
57 152 9 1
152 188 9 2
188 260 9 2
260 0 9 0
10 12
0 185 10 2
185 101 10 1
101 142 10 1
142 23 10 2
23 98 10 1
98 143 10 1
143 266 10 2
266 180 10 1
180 271 10 2
271 135 10 1
135 253 10 2
253 0 10 0
11 11
0 280 11 2
280 36 11 2
36 281 11 1
281 255 11 1
255 11 11 2
11 178 11 2
178 300 11 2
300 137 11 1
137 86 11 1
86 193 11 2
193 0 11 0
12 1
0 0 12 0
13 2
0 289 13 1
289 0 13 0
14 16
0 116 14 2
116 81 14 0
81 272 14 2
272 87 14 2
87 90 14 0
90 26 14 0
26 61 14 0
61 28 14 2
28 256 14 2
256 44 14 2
44 141 14 0
141 169 14 2
169 278 14 0
278 183 14 0
183 174 14 0
174 0 14 0
15 12
0 64 15 2
64 47 15 2
47 58 15 2
58 182 15 2
182 124 15 2
124 259 15 2
259 186 15 2
186 127 15 2
127 296 15 2
296 290 15 2
290 157 15 2
157 0 15 0
16 11
0 42 16 2
42 146 16 2
146 262 16 2
262 95 16 2
95 158 16 2
158 77 16 2
77 191 16 2
191 45 16 2
45 112 16 2
112 276 16 2
276 0 16 0
17 10
0 282 17 2
282 263 17 1
263 10 17 1
10 197 17 2
197 270 17 2
270 285 17 2
285 126 17 2
126 60 17 2
60 93 17 2
93 0 17 0
18 14
0 288 18 5
288 164 18 4
164 269 18 3
269 211 18 3
211 109 18 3
109 294 18 3
294 128 18 5
128 203 18 4
203 103 18 5
103 171 18 5
171 65 18 5
65 278 18 4
278 159 18 5
159 0 18 0
19 17
0 231 19 3
231 297 19 3
297 22 19 4
22 155 19 4
155 75 19 5
75 168 19 3
168 175 19 3
175 19 19 5
19 132 19 3
132 300 19 5
300 245 19 3
245 62 19 3
62 233 19 3
233 247 19 3
247 237 19 3
237 40 19 5
40 0 19 0
20 14
0 231 20 5
231 280 20 4
280 281 20 4
281 255 20 5
255 242 20 4
242 201 20 3
201 286 20 5
286 88 20 4
88 208 20 4
208 220 20 4
220 29 20 3
29 236 20 4
236 249 20 4
249 0 20 0
21 7
0 238 21 3
238 289 21 5
289 202 21 5
202 204 21 5
204 108 21 5
108 250 21 5
250 0 21 0
22 5
0 238 22 4
238 222 22 5
222 114 22 4
114 149 22 4
149 0 22 0
23 12
0 133 23 3
133 211 23 5
211 76 23 3
76 206 23 4
206 248 23 4
248 205 23 3
205 115 23 3
115 209 23 3
209 279 23 4
279 230 23 3
230 235 23 3
235 0 23 0
24 8
0 49 24 5
49 274 24 5
274 228 24 3
228 5 24 5
5 17 24 5
17 236 24 3
236 249 24 5
249 0 24 0
25 18
0 130 25 4
130 113 25 3
113 107 25 5
107 52 25 4
52 227 25 4
227 6 25 3
6 216 25 3
216 226 25 3
226 229 25 3
229 225 25 3
225 232 25 3
232 283 25 4
283 259 25 4
259 15 25 5
15 233 25 4
233 247 25 5
247 237 25 5
237 0 25 0
26 16
0 170 26 3
170 156 26 3
156 91 26 3
91 154 26 5
154 199 26 3
199 39 26 3
39 3 26 4
3 277 26 3
277 189 26 3
189 215 26 3
215 198 26 5
198 266 26 3
266 244 26 3
244 240 26 4
240 241 26 3
241 0 26 0
27 13
0 243 27 5
243 234 27 3
234 217 27 5
217 298 27 5
298 284 27 5
284 224 27 3
224 218 27 3
218 215 27 5
215 271 27 5
271 244 27 5
244 240 27 5
240 241 27 5
241 0 27 0
28 13
0 243 28 4
243 234 28 4
234 217 28 4
217 120 28 4
120 25 28 5
25 224 28 5
224 218 28 5
218 153 28 5
153 46 28 5
46 181 28 3
181 270 28 3
270 253 28 3
253 0 28 0
29 16
0 268 29 4
268 223 29 3
223 68 29 4
68 196 29 5
196 119 29 3
119 264 29 4
264 12 29 4
12 212 29 4
212 221 29 3
221 70 29 5
70 24 29 4
24 160 29 4
160 92 29 4
92 200 29 3
200 136 29 3
136 0 29 0
30 8
0 273 30 3
273 202 30 4
202 204 30 3
204 41 30 4
41 121 30 4
121 256 30 3
256 250 30 3
250 0 30 0
31 15
0 223 31 5
223 227 31 5
227 216 31 5
216 226 31 5
226 229 31 5
229 225 31 4
225 232 31 4
232 257 31 3
257 190 31 4
190 38 31 3
38 291 31 5
291 261 31 5
261 258 31 4
258 118 31 3
118 0 31 0
32 14
0 145 32 4
145 239 32 4
239 272 32 5
272 110 32 3
110 63 32 4
63 67 32 5
67 210 32 3
210 212 32 5
212 221 32 4
221 245 32 4
245 267 32 5
267 167 32 4
167 276 32 3
276 0 32 0
33 9
0 214 33 3
214 239 33 5
239 228 33 5
228 203 33 3
203 254 33 3
254 292 33 5
292 293 33 5
293 290 33 3
290 0 33 0
34 12
0 214 34 5
214 34 34 4
34 275 34 3
275 206 34 5
206 248 34 5
248 205 34 4
205 209 34 4
209 37 34 5
37 51 34 4
51 230 34 5
230 235 34 4
235 0 34 0
35 13
0 192 35 3
192 106 35 3
106 287 35 5
287 242 35 5
242 201 35 4
201 173 35 4
173 129 35 5
129 299 35 3
299 208 35 5
208 220 35 5
220 213 35 3
213 260 35 4
260 0 35 0
36 9
0 246 36 4
246 165 36 5
165 100 36 5
100 99 36 4
99 7 36 5
7 14 36 4
14 219 36 3
219 207 36 3
207 0 36 0
37 7
0 246 37 5
246 282 37 4
282 222 37 3
222 263 37 3
263 219 37 5
219 207 37 4
207 0 37 0
38 7
0 179 38 5
179 104 38 4
104 262 38 5
262 210 38 4
210 131 38 5
131 213 38 5
213 0 38 0
39 14
0 66 39 3
66 2 39 4
2 163 39 4
163 48 39 5
48 295 39 3
295 265 39 3
265 13 39 4
13 252 39 5
252 102 39 3
102 94 39 4
94 285 39 3
285 296 39 4
296 251 39 5
251 0 39 0
