# Solution for ../instances-HHCRSP/InstanzVNS_HCSRP_200_7.txt
# Cost = 1143.48 Dist = 3386.48 Tard = 33.6126 TMax = 10.3551
# <vehicle> <route length>
# <origin node> <dest node> <vehicle> <service type>
0 10
0 38 0 0
38 11 0 0
11 189 0 2
189 172 0 0
172 77 0 0
77 42 0 2
42 51 0 0
51 194 0 2
194 40 0 2
40 0 0 0
1 10
0 113 1 1
113 99 1 1
99 200 1 0
200 198 1 1
198 93 1 1
93 53 1 0
53 33 1 1
33 29 1 0
29 199 1 1
199 0 1 0
2 11
0 131 2 2
131 114 2 0
114 193 2 0
193 90 2 2
90 101 2 0
101 140 2 0
140 197 2 0
197 186 2 0
186 63 2 0
63 179 2 0
179 0 2 0
3 5
0 188 3 2
188 176 3 2
176 187 3 2
187 130 3 2
130 0 3 0
4 12
0 124 4 1
124 129 4 1
129 191 4 2
191 100 4 1
100 45 4 1
45 67 4 2
67 195 4 1
195 22 4 2
22 54 4 2
54 36 4 2
36 173 4 1
173 0 4 0
5 10
0 64 5 1
64 2 5 2
2 105 5 1
105 24 5 1
24 14 5 1
14 79 5 1
79 115 5 2
115 26 5 2
26 134 5 2
134 0 5 0
6 7
0 18 6 0
18 97 6 0
97 59 6 0
59 102 6 0
102 13 6 0
13 76 6 0
76 0 6 0
7 15
0 178 7 1
178 75 7 2
75 65 7 2
65 108 7 0
108 68 7 1
68 196 7 2
196 78 7 1
78 80 7 2
80 85 7 1
85 174 7 0
174 182 7 0
182 46 7 1
46 177 7 1
177 57 7 0
57 0 7 0
8 11
0 72 8 0
72 192 8 0
192 50 8 0
50 183 8 1
183 10 8 0
10 39 8 0
39 106 8 1
106 175 8 0
175 12 8 0
12 15 8 1
15 0 8 0
9 13
0 82 9 0
82 25 9 2
25 136 9 2
136 171 9 0
171 185 9 0
185 180 9 2
180 127 9 0
127 181 9 2
181 184 9 2
184 9 9 0
9 86 9 2
86 190 9 2
190 0 9 0
10 18
0 143 10 3
143 145 10 3
145 189 10 4
189 172 10 3
172 1 10 4
1 193 10 3
193 32 10 3
32 194 10 4
194 166 10 3
166 147 10 4
147 148 10 3
148 62 10 3
62 30 10 5
30 158 10 3
158 8 10 5
8 61 10 4
61 179 10 5
179 0 10 0
11 10
0 165 11 3
165 139 11 5
139 170 11 5
170 191 11 5
191 142 11 3
142 162 11 3
162 195 11 3
195 163 11 3
163 103 11 3
103 0 11 0
12 10
0 121 12 3
121 141 12 5
141 157 12 3
157 23 12 3
23 73 12 3
73 164 12 5
164 161 12 3
161 169 12 3
169 184 12 3
184 0 12 0
13 20
0 143 13 4
143 145 13 5
145 3 13 3
3 168 13 3
168 104 13 4
104 119 13 5
119 118 13 4
118 120 13 3
120 70 13 5
70 166 13 4
166 147 13 5
147 148 13 5
148 52 13 3
52 91 13 4
91 149 13 4
149 155 13 3
155 174 13 4
174 71 13 4
71 7 13 4
7 0 13 0
14 9
0 165 14 4
165 170 14 4
170 60 14 3
60 144 14 3
144 156 14 5
156 153 14 3
153 48 14 3
48 152 14 5
152 0 14 0
15 13
0 141 15 4
141 157 15 4
157 20 15 3
20 34 15 3
34 98 15 3
98 146 15 3
146 159 15 4
159 19 15 3
19 187 15 5
187 87 15 4
87 167 15 4
167 173 15 3
173 0 15 0
16 6
0 92 16 4
92 154 16 5
154 151 16 5
151 47 16 4
47 190 16 4
190 0 16 0
17 17
0 133 17 3
133 178 17 5
178 168 17 5
168 56 17 4
56 69 17 5
69 109 17 4
109 128 17 3
128 196 17 4
196 41 17 5
41 125 17 5
125 88 17 3
88 94 17 3
94 149 17 5
149 155 17 4
155 182 17 5
182 177 17 3
177 0 17 0
18 13
0 58 18 3
58 200 18 5
200 198 18 3
198 5 18 4
5 135 18 5
135 28 18 4
28 185 18 4
185 180 18 3
180 66 18 3
66 138 18 4
138 161 18 4
161 163 18 5
163 0 18 0
19 13
0 81 19 4
81 4 19 4
4 192 19 3
192 183 19 3
183 49 19 4
49 27 19 3
27 84 19 4
84 17 19 3
17 144 19 4
144 156 19 3
156 153 19 4
153 152 19 3
152 0 19 0
20 12
0 123 20 3
123 188 20 4
188 89 20 5
89 176 20 3
176 146 20 5
146 159 20 5
159 74 20 4
74 158 20 4
158 197 20 4
197 112 20 5
112 186 20 3
186 0 20 0
21 13
0 150 21 4
150 21 21 4
21 95 21 4
95 116 21 5
116 31 21 3
31 55 21 4
55 126 21 3
126 96 21 5
96 117 21 5
117 16 21 4
16 107 21 5
107 111 21 4
111 0 21 0
22 5
0 150 22 5
150 35 22 3
35 167 22 3
167 122 22 3
122 0 22 0
23 12
0 160 23 3
160 43 23 3
43 83 23 3
83 142 23 4
142 162 23 5
162 164 23 4
164 6 23 4
6 37 23 4
37 110 23 3
110 44 23 3
44 175 23 3
175 0 23 0
24 9
0 160 24 4
160 137 24 4
137 171 24 3
171 154 24 3
154 151 24 3
151 132 24 3
132 181 24 4
181 169 24 4
169 0 24 0
25 2
0 199 25 4
199 0 25 0
26 1
0 0 26 0
27 1
0 0 27 0
28 1
0 0 28 0
29 1
0 0 29 0
