# Solution for ../instances-HHCRSP/InstanzVNS_HCSRP_100_2.txt
# Cost = 882.151 Dist = 2646.45 Tard = 0 TMax = 0
# <vehicle> <route length>
# <origin node> <dest node> <vehicle> <service type>
0 6
0 46 0 0
46 67 0 0
67 57 0 0
57 32 0 0
32 86 0 0
86 0 0 0
1 11
0 59 1 2
59 40 1 2
40 44 1 1
44 36 1 2
36 98 1 1
98 99 1 1
99 95 1 1
95 56 1 1
56 4 1 1
4 33 1 1
33 0 1 0
2 17
0 96 2 1
96 14 2 0
14 54 2 1
54 91 2 0
91 61 2 2
61 94 2 2
94 88 2 2
88 2 2 0
2 66 2 2
66 65 2 2
65 10 2 0
10 31 2 1
31 34 2 2
34 15 2 2
15 97 2 2
97 42 2 1
42 0 2 0
3 7
0 89 3 1
89 9 3 1
9 17 3 1
17 38 3 1
38 90 3 1
90 87 3 1
87 0 3 0
4 5
0 93 4 2
93 43 4 2
43 3 4 2
3 16 4 2
16 0 4 0
5 9
0 26 5 0
26 11 5 2
11 45 5 0
45 41 5 2
41 19 5 2
19 12 5 2
12 21 5 0
21 6 5 0
6 0 5 0
6 5
0 39 6 1
39 7 6 0
7 92 6 1
92 100 6 1
100 0 6 0
7 12
0 83 7 4
83 81 7 3
81 73 7 3
73 49 7 4
49 68 7 4
68 27 7 4
27 84 7 4
84 78 7 3
78 88 7 5
88 58 7 4
58 79 7 3
79 0 7 0
8 10
0 83 8 5
83 81 8 5
81 73 8 5
73 48 8 3
48 25 8 4
25 22 8 3
22 76 8 3
76 85 8 3
85 24 8 4
24 0 8 0
9 14
0 71 9 4
71 77 9 4
77 91 9 3
91 94 9 3
94 75 9 3
75 80 9 3
80 84 9 5
84 78 9 4
78 5 9 3
5 18 9 3
18 35 9 4
35 74 9 4
74 55 9 5
55 0 9 0
10 11
0 53 10 4
53 62 10 4
62 52 10 4
52 30 10 4
30 63 10 4
63 64 10 3
64 90 10 3
90 86 10 3
86 87 10 4
87 82 10 3
82 0 10 0
11 8
0 71 11 5
71 77 11 3
77 8 11 3
8 72 11 3
72 28 11 5
28 29 11 3
29 74 11 3
74 0 11 0
12 13
0 96 12 5
96 89 12 5
89 50 12 5
50 93 12 4
93 1 12 4
1 72 12 4
72 13 12 4
13 75 12 4
75 80 12 4
80 47 12 4
47 97 12 4
97 79 12 4
79 0 12 0
13 3
0 70 13 5
70 95 13 4
95 0 13 0
14 5
0 60 14 5
60 69 14 4
69 92 14 4
92 20 14 5
20 0 14 0
15 9
0 51 15 5
51 98 15 3
98 23 15 5
23 99 15 4
99 76 15 4
76 85 15 5
85 37 15 3
37 82 15 4
82 0 15 0
16 2
0 100 16 4
100 0 16 0
17 1
0 0 17 0
18 1
0 0 18 0
19 1
0 0 19 0
