# Solution for ../instances-HHCRSP/InstanzCPLEX_HCSRP_25_9.txt
# Cost = 407.948 Dist = 1199.88 Tard = 11.9814 TMax = 11.9814
# <vehicle> <route length>
# <origin node> <dest node> <vehicle> <service type>
0 5
0 23 0 0
23 16 0 2
16 8 0 0
8 24 0 1
24 0 0 0
1 8
0 9 1 1
9 4 1 1
4 22 1 1
22 25 1 2
25 11 1 2
11 1 1 1
1 10 1 1
10 0 1 0
2 7
0 23 2 3
23 7 2 5
7 3 2 4
3 20 2 4
20 13 2 4
13 14 2 4
14 0 2 0
3 11
0 5 3 5
5 12 3 4
12 19 3 4
19 6 3 3
6 17 3 5
17 20 3 5
20 15 3 5
15 21 3 3
21 18 3 3
18 24 3 5
24 0 3 0
4 7
0 2 4 4
2 22 4 3
22 19 4 5
19 25 4 5
25 21 4 5
21 18 4 4
18 0 4 0
