# Solution for ../instances-HHCRSP/InstanzCPLEX_HCSRP_75_2.txt
# Cost = 715.732 Dist = 2131 Tard = 10.156 TMax = 6.03567
# <vehicle> <route length>
# <origin node> <dest node> <vehicle> <service type>
0 18
0 71 0 0
71 14 0 0
14 11 0 2
11 26 0 0
26 45 0 0
45 2 0 0
2 19 0 2
19 41 0 2
41 68 0 2
68 34 0 2
34 10 0 0
10 65 0 0
65 74 0 0
74 15 0 2
15 21 0 0
21 12 0 2
12 42 0 1
42 0 0 0
1 5
0 9 1 1
9 73 1 1
73 66 1 1
66 31 1 1
31 0 1 0
2 8
0 46 2 0
46 69 2 0
69 70 2 0
70 64 2 0
64 7 2 0
7 6 2 0
6 32 2 0
32 0 2 0
3 10
0 39 3 1
39 75 3 2
75 72 3 2
72 40 3 2
40 3 3 2
3 43 3 2
43 36 3 2
36 4 3 1
4 16 3 2
16 0 3 0
4 6
0 17 4 1
17 67 4 1
67 44 4 1
44 33 4 1
33 38 4 1
38 0 4 0
5 15
0 71 5 4
71 54 5 3
54 61 5 3
61 8 5 3
8 49 5 4
49 73 5 5
73 27 5 4
27 66 5 3
66 68 5 5
68 18 5 3
18 5 5 3
5 35 5 4
35 65 5 4
65 74 5 3
74 0 5 0
6 3
0 60 6 3
60 63 6 3
63 0 6 0
7 10
0 54 7 4
54 61 7 5
61 25 7 4
25 28 7 5
28 72 7 4
72 56 7 4
56 57 7 4
57 23 7 5
23 24 7 4
24 0 7 0
8 6
0 62 8 3
62 22 8 3
22 56 8 3
56 37 8 3
37 57 8 3
57 0 8 0
9 8
0 53 9 4
53 62 9 4
62 59 9 4
59 67 9 3
67 55 9 4
55 58 9 4
58 47 9 4
47 0 9 0
10 3
0 53 10 5
53 70 10 5
70 0 10 0
11 3
0 60 11 4
60 69 11 4
69 0 11 0
12 7
0 1 12 4
1 13 12 4
13 48 12 3
48 29 12 3
29 55 12 5
55 58 12 5
58 0 12 0
13 4
0 50 13 5
50 75 13 3
75 30 13 4
30 0 13 0
14 7
0 59 14 5
59 52 14 4
52 51 14 5
51 63 14 4
63 64 14 4
64 20 14 5
20 0 14 0
