# Solution for ../instances-HHCRSP/InstanzVNS_HCSRP_200_1.txt
# Cost = 1419.3 Dist = 4253.85 Tard = 3.10538 TMax = 0.92714
# <vehicle> <route length>
# <origin node> <dest node> <vehicle> <service type>
0 12
0 189 0 0
189 139 0 0
139 101 0 0
101 82 0 0
82 19 0 0
19 183 0 0
183 185 0 0
185 197 0 0
197 66 0 0
66 196 0 0
196 55 0 0
55 0 0 0
1 14
0 81 1 2
81 182 1 2
182 17 1 2
17 123 1 2
123 186 1 2
186 178 1 2
178 193 1 2
193 194 1 2
194 137 1 2
137 5 1 2
5 131 1 2
131 57 1 2
57 59 1 2
59 0 1 0
2 8
0 180 2 1
180 78 2 1
78 56 2 1
56 128 2 1
128 176 2 1
176 192 2 1
192 73 2 1
73 0 2 0
3 7
0 42 3 2
42 70 3 2
70 67 3 2
67 173 3 2
173 21 3 2
21 22 3 2
22 0 3 0
4 6
0 43 4 1
43 134 4 1
134 31 4 1
31 13 4 1
13 89 4 1
89 0 4 0
5 6
0 177 5 1
177 98 5 1
98 12 5 1
12 111 5 1
111 58 5 1
58 0 5 0
6 11
0 181 6 2
181 190 6 1
190 172 6 1
172 60 6 2
60 188 6 2
188 93 6 2
93 41 6 1
41 25 6 2
25 191 6 2
191 7 6 2
7 0 6 0
7 19
0 33 7 0
33 198 7 2
198 175 7 0
175 104 7 1
104 62 7 1
62 71 7 1
71 15 7 0
15 179 7 0
179 97 7 1
97 184 7 2
184 48 7 0
48 77 7 0
77 30 7 2
30 200 7 2
200 99 7 2
99 11 7 1
11 53 7 2
53 171 7 1
171 0 7 0
8 13
0 47 8 0
47 120 8 1
120 125 8 0
125 3 8 1
3 187 8 0
187 90 8 0
90 106 8 0
106 103 8 0
103 195 8 0
195 199 8 0
199 110 8 1
110 107 8 0
107 0 8 0
9 14
0 174 9 0
174 18 9 0
18 61 9 0
61 84 9 0
84 100 9 0
100 129 9 2
129 92 9 0
92 75 9 0
75 38 9 0
38 133 9 2
133 105 9 0
105 40 9 2
40 46 9 0
46 0 9 0
10 17
0 170 10 4
170 102 10 4
102 24 10 5
24 175 10 5
175 140 10 4
140 54 10 3
54 94 10 4
94 142 10 3
142 135 10 3
135 39 10 3
39 16 10 4
16 165 10 4
165 126 10 4
126 153 10 3
153 156 10 3
156 196 10 5
196 0 10 0
11 11
0 189 11 3
189 85 11 3
85 109 11 3
109 166 11 3
166 162 11 3
162 176 11 3
176 168 11 3
168 152 11 3
152 163 11 3
163 44 11 3
44 0 11 0
12 14
0 170 12 5
170 198 12 5
198 138 12 3
138 79 12 3
79 45 12 3
45 169 12 3
169 188 12 3
188 179 12 3
179 69 12 5
69 36 12 3
36 167 12 3
167 29 12 3
29 158 12 3
158 0 12 0
13 12
0 148 13 3
148 115 13 3
115 146 13 5
146 186 13 4
186 166 13 4
166 178 13 5
178 35 13 5
35 26 13 5
26 185 13 4
185 197 13 5
197 143 13 5
143 0 13 0
14 7
0 148 14 4
148 146 14 4
146 183 14 4
183 68 14 4
68 34 14 4
34 164 14 4
164 0 14 0
15 10
0 8 15 4
8 151 15 4
151 52 15 3
52 161 15 4
161 155 15 4
155 51 15 4
51 32 15 4
32 74 15 4
74 143 15 4
143 0 15 0
16 14
0 154 16 5
154 159 16 5
159 20 16 5
20 172 16 4
172 160 16 4
160 136 16 4
136 63 16 4
63 119 16 4
119 114 16 5
114 145 16 4
145 113 16 5
113 157 16 4
157 141 16 4
141 0 16 0
17 13
0 154 17 3
154 91 17 3
91 159 17 3
159 14 17 3
14 187 17 4
187 144 17 4
144 112 17 4
112 147 17 4
147 96 17 5
96 195 17 4
195 199 17 4
199 72 17 4
72 0 17 0
18 5
0 83 18 5
83 151 18 3
151 87 18 5
87 150 18 3
150 0 18 0
19 6
0 50 19 5
50 174 19 3
174 88 19 5
88 157 19 5
157 141 19 5
141 0 19 0
20 11
0 182 20 4
182 149 20 3
149 86 20 5
86 49 20 4
49 169 20 4
169 23 20 4
23 144 20 5
144 147 20 5
147 167 20 5
167 158 20 5
158 0 20 0
21 4
0 177 21 5
177 161 21 5
161 155 21 5
155 0 21 0
22 13
0 180 22 4
180 149 22 5
149 2 22 4
2 193 22 5
193 194 22 3
194 1 22 3
1 80 22 5
80 116 22 4
116 132 22 3
132 191 22 3
191 164 22 3
164 28 22 5
28 0 22 0
23 12
0 181 23 4
181 117 23 5
117 65 23 4
65 190 23 5
190 37 23 3
37 6 23 4
6 160 23 5
160 142 23 4
142 184 23 5
184 165 23 5
165 200 23 3
200 0 23 0
24 10
0 127 24 3
127 118 24 5
118 27 24 4
27 145 24 5
145 64 24 3
64 76 24 3
76 153 24 5
153 156 24 4
156 171 24 5
171 0 24 0
25 5
0 95 25 5
95 122 25 5
122 150 25 5
150 9 25 4
9 0 25 0
26 10
0 10 26 4
10 130 26 5
130 162 26 4
162 168 26 5
168 152 26 5
152 163 26 4
163 124 26 4
124 4 26 3
4 173 26 4
173 0 26 0
27 4
0 108 27 3
108 121 27 4
121 192 27 3
192 0 27 0
28 1
0 0 28 0
29 1
0 0 29 0
