# Solution for ../instances-HHCRSP/InstanzVNS_HCSRP_300_6.txt
# Cost = 1812.47 Dist = 5416.19 Tard = 14.8892 TMax = 6.33258
# <vehicle> <route length>
# <origin node> <dest node> <vehicle> <service type>
0 13
0 165 0 0
165 279 0 1
279 95 0 1
95 33 0 0
33 158 0 1
158 134 0 0
134 173 0 0
173 292 0 1
292 188 0 1
188 262 0 0
262 268 0 1
268 191 0 1
191 0 0 0
1 6
0 193 1 1
193 264 1 1
264 269 1 1
269 182 1 1
182 147 1 1
147 0 1 0
2 18
0 51 2 2
51 258 2 0
258 60 2 2
60 276 2 2
276 13 2 0
13 3 2 2
3 271 2 0
271 287 2 2
287 47 2 2
47 94 2 0
94 53 2 1
53 24 2 1
24 80 2 1
80 297 2 1
297 253 2 1
253 251 2 2
251 109 2 0
109 0 2 0
3 9
0 143 3 2
143 299 3 2
299 255 3 2
255 177 3 1
177 265 3 2
265 129 3 2
129 19 3 1
19 289 3 1
289 0 3 0
4 14
0 16 4 0
16 283 4 0
283 284 4 0
284 36 4 1
36 2 4 0
2 285 4 1
285 136 4 0
136 77 4 0
77 78 4 0
78 72 4 0
72 273 4 1
273 261 4 1
261 257 4 1
257 0 4 0
5 13
0 43 5 1
43 66 5 0
66 183 5 1
183 18 5 0
18 103 5 0
103 295 5 0
295 277 5 1
277 15 5 1
15 104 5 1
104 278 5 1
278 58 5 1
58 1 5 1
1 0 5 0
6 14
0 25 6 2
25 282 6 2
282 67 6 2
67 184 6 2
184 97 6 2
97 82 6 2
82 296 6 2
296 128 6 2
128 40 6 2
40 267 6 2
267 168 6 2
168 266 6 2
266 150 6 2
150 0 6 0
7 7
0 31 7 2
31 119 7 2
119 197 7 2
197 187 7 2
187 156 7 2
156 294 7 2
294 0 7 0
8 4
0 159 8 1
159 281 8 1
281 298 8 1
298 0 8 0
9 14
0 22 9 2
22 124 9 2
124 90 9 0
90 260 9 0
260 199 9 0
199 133 9 2
133 293 9 1
293 64 9 2
64 98 9 2
98 99 9 2
99 76 9 1
76 180 9 2
180 79 9 2
79 0 9 0
10 10
0 151 10 0
151 157 10 0
157 275 10 1
275 190 10 0
190 127 10 1
127 189 10 0
189 23 10 1
23 106 10 1
106 254 10 0
254 0 10 0
11 7
0 30 11 2
30 139 11 2
139 116 11 2
116 92 11 2
92 300 11 2
300 181 11 2
181 0 11 0
12 16
0 144 12 2
144 4 12 0
4 198 12 0
198 20 12 2
20 252 12 1
252 61 12 1
61 256 12 1
256 288 12 1
288 174 12 1
174 126 12 1
126 113 12 0
113 114 12 0
114 172 12 1
172 12 12 2
12 73 12 2
73 0 12 0
13 12
0 131 13 0
131 290 13 0
290 5 13 1
5 122 13 1
122 291 13 0
291 280 13 0
280 26 13 0
26 286 13 0
286 259 13 0
259 272 13 0
272 274 13 1
274 0 13 0
14 4
0 44 14 0
44 132 14 0
132 161 14 0
161 0 14 0
15 3
0 111 15 1
111 121 15 1
121 0 15 0
16 6
0 59 16 1
59 112 16 1
112 263 16 1
263 270 16 1
270 85 16 1
85 0 16 0
17 3
0 41 17 0
41 142 17 0
142 0 17 0
18 13
0 216 18 4
216 48 18 4
48 207 18 3
207 89 18 4
89 84 18 5
84 74 18 5
74 219 18 3
219 292 18 3
292 241 18 3
241 87 18 5
87 262 18 3
262 266 18 5
266 0 18 0
19 10
0 216 19 5
216 276 19 3
276 242 19 3
242 244 19 3
244 163 19 5
163 241 19 4
241 278 19 4
278 29 19 3
29 289 19 4
289 0 19 0
20 14
0 50 20 3
50 250 20 3
250 27 20 4
27 279 20 3
279 55 20 4
55 8 20 4
8 71 20 5
71 21 20 3
21 149 20 4
149 200 20 4
200 268 20 3
268 261 20 4
261 257 20 4
257 0 20 0
21 11
0 234 21 4
234 205 21 4
205 237 21 4
237 210 21 3
210 68 21 5
68 146 21 3
146 203 21 4
203 81 21 4
81 179 21 5
179 272 21 4
272 0 21 0
22 12
0 234 22 5
234 205 22 5
205 237 22 5
237 281 22 5
281 298 22 3
298 220 22 4
220 222 22 3
222 259 22 5
259 201 22 3
201 274 22 5
274 96 22 3
96 0 22 0
23 19
0 250 23 4
250 202 23 3
202 35 23 5
35 7 23 5
7 137 23 5
137 148 23 4
148 91 23 4
91 243 23 3
243 194 23 5
194 162 23 5
162 185 23 5
185 235 23 3
235 123 23 3
123 206 23 4
206 102 23 5
102 229 23 3
229 230 23 3
230 166 23 5
166 0 23 0
24 16
0 56 24 5
56 283 24 5
283 54 24 3
54 233 24 4
233 284 24 5
284 255 24 3
255 285 24 4
285 221 24 3
221 265 24 3
265 273 24 3
273 125 24 3
125 117 24 4
117 169 24 4
169 115 24 5
115 14 24 3
14 0 24 0
25 13
0 249 25 3
249 258 25 3
258 195 25 4
195 207 25 5
207 138 25 3
138 271 25 5
271 186 25 5
186 256 25 5
256 211 25 3
211 107 25 4
107 101 25 3
101 218 25 3
218 0 25 0
26 11
0 249 26 5
249 11 26 4
11 141 26 5
141 192 26 3
192 152 26 5
152 252 26 5
252 219 26 4
219 211 26 5
211 288 26 4
288 218 26 4
218 0 26 0
27 12
0 202 27 4
202 154 27 3
154 140 27 5
140 223 27 4
223 232 27 3
232 105 27 5
105 32 27 4
32 130 27 3
130 227 27 5
227 225 27 3
225 224 27 5
224 0 27 0
28 13
0 231 28 3
231 214 28 3
214 65 28 3
65 17 28 5
17 248 28 4
248 100 28 4
100 153 28 5
153 287 28 5
287 247 28 3
247 297 28 3
297 251 28 3
251 176 28 5
176 0 28 0
29 16
0 231 29 5
231 214 29 5
214 204 29 4
204 228 29 3
228 145 29 3
145 244 29 4
244 239 29 4
239 196 29 4
196 236 29 3
236 155 29 5
155 267 29 4
267 110 29 3
110 229 29 4
229 135 29 4
135 254 29 3
254 0 29 0
30 14
0 160 30 5
160 49 30 4
49 45 30 5
45 6 30 5
6 86 30 5
86 210 30 4
210 83 30 4
83 260 30 3
260 203 30 5
203 220 30 5
220 222 30 5
222 75 30 4
75 294 30 3
294 0 30 0
31 16
0 88 31 4
88 282 31 5
282 62 31 4
62 264 31 3
264 269 31 4
269 243 31 4
243 291 31 3
291 280 31 4
280 120 31 5
120 235 31 4
235 296 31 5
296 170 31 5
170 69 31 3
69 175 31 3
175 226 31 3
226 0 31 0
32 14
0 208 32 3
208 209 32 3
209 233 32 5
233 299 32 3
299 34 32 5
34 63 32 3
63 245 32 3
245 240 32 3
240 217 32 5
217 213 32 4
213 270 32 5
270 42 32 4
42 70 32 3
70 0 32 0
33 8
0 208 33 5
208 209 33 5
209 223 33 5
223 232 33 4
232 221 33 5
221 118 33 4
118 213 33 5
213 0 33 0
34 14
0 238 34 3
238 215 34 4
215 93 34 5
93 204 34 5
204 248 34 5
248 275 34 5
275 242 34 5
242 46 34 4
46 239 34 5
239 236 34 5
236 38 34 5
38 247 34 4
247 253 34 4
253 0 34 0
35 13
0 238 35 4
238 215 35 5
215 171 35 5
171 52 35 3
52 228 35 5
228 9 35 4
9 295 35 4
295 277 35 5
277 108 35 4
108 28 35 5
28 206 35 5
206 230 35 4
230 0 35 0
36 8
0 178 36 4
178 167 36 4
167 245 36 4
245 240 36 4
240 217 36 4
217 263 36 4
263 300 36 4
300 0 36 0
37 7
0 212 37 4
212 246 37 3
246 57 37 3
57 227 37 4
227 225 37 4
225 224 37 3
224 0 37 0
38 8
0 290 38 5
290 39 38 5
39 37 38 4
37 293 38 4
293 286 38 5
286 201 38 4
201 226 38 4
226 0 38 0
39 5
0 212 39 5
212 246 39 5
246 164 39 3
164 10 39 5
10 0 39 0
