# Solution for ../instances-HHCRSP/InstanzCPLEX_HCSRP_25_5.txt
# Cost = 372.161 Dist = 1055.26 Tard = 38.8916 TMax = 22.3275
# <vehicle> <route length>
# <origin node> <dest node> <vehicle> <service type>
0 5
0 14 0 0
14 17 0 0
17 22 0 0
22 5 0 0
5 0 0 0
1 9
0 15 1 2
15 3 1 2
3 23 1 2
23 9 1 2
9 25 1 1
25 4 1 2
4 24 1 2
24 13 1 1
13 0 1 0
2 6
0 20 2 5
20 8 2 5
8 18 2 5
18 21 2 5
21 19 2 5
19 0 2 0
3 8
0 20 3 4
20 23 3 4
23 18 3 4
18 10 3 3
10 25 3 4
25 7 3 4
7 24 3 4
24 0 3 0
4 10
0 16 4 4
16 6 4 5
6 11 4 5
11 2 4 4
2 22 4 3
22 12 4 3
12 1 4 5
1 21 4 4
21 19 4 3
19 0 4 0
