# Solution for ../instances-HHCRSP/InstanzVNS_HCSRP_100_10.txt
# Cost = 825.241 Dist = 2469.95 Tard = 2.88644 TMax = 2.88644
# <vehicle> <route length>
# <origin node> <dest node> <vehicle> <service type>
0 15
0 70 0 2
70 57 0 2
57 33 0 0
33 61 0 2
61 4 0 0
4 34 0 2
34 58 0 0
58 31 0 2
31 44 0 0
44 47 0 0
47 99 0 2
99 14 0 0
14 66 0 0
66 28 0 2
28 0 0 0
1 8
0 22 1 1
22 7 1 1
7 11 1 1
11 64 1 1
64 90 1 1
90 88 1 1
88 36 1 1
36 0 1 0
2 4
0 63 2 2
63 96 2 2
96 59 2 2
59 0 2 0
3 2
0 92 3 2
92 0 3 0
4 12
0 50 4 1
50 94 4 2
94 29 4 2
29 35 4 1
35 32 4 2
32 24 4 2
24 91 4 2
91 27 4 2
27 42 4 1
42 43 4 2
43 30 4 2
30 0 4 0
5 12
0 89 5 0
89 2 5 0
2 86 5 0
86 26 5 1
26 16 5 0
16 93 5 1
93 62 5 0
62 19 5 1
19 95 5 0
95 60 5 0
60 48 5 0
48 0 5 0
6 7
0 100 6 1
100 87 6 1
87 18 6 1
18 97 6 1
97 98 6 1
98 40 6 1
40 0 6 0
7 10
0 45 7 4
45 78 7 3
78 86 7 3
86 38 7 4
38 93 7 4
93 9 7 3
9 74 7 4
74 79 7 3
79 81 7 3
81 0 7 0
8 13
0 73 8 3
73 80 8 3
80 83 8 3
83 90 8 5
90 52 8 5
52 88 8 3
88 69 8 5
69 74 8 3
74 56 8 5
56 13 8 3
13 75 8 5
75 77 8 5
77 0 8 0
9 12
0 78 9 4
78 39 9 3
39 3 9 3
3 6 9 4
6 8 9 4
8 1 9 3
1 23 9 3
23 10 9 4
10 21 9 5
21 75 9 4
75 77 9 4
77 0 9 0
10 9
0 5 10 4
5 12 10 5
12 20 10 4
20 37 10 4
37 96 10 3
96 79 10 4
79 81 10 5
81 95 10 5
95 0 10 0
11 12
0 73 11 4
73 94 11 4
94 80 11 5
80 83 11 4
83 15 11 3
15 68 11 5
68 51 11 5
51 91 11 4
91 67 11 4
67 72 11 3
72 54 11 5
54 0 11 0
12 10
0 100 12 4
100 53 12 3
53 87 12 4
87 71 12 4
71 65 12 4
65 84 12 3
84 76 12 3
76 82 12 3
82 17 12 4
17 0 12 0
13 7
0 89 13 5
89 71 13 5
71 46 13 5
46 25 13 5
25 41 13 5
41 55 13 5
55 0 13 0
14 7
0 85 14 3
85 49 14 5
49 84 14 4
84 98 14 5
98 99 14 5
99 72 14 5
72 0 14 0
15 2
0 92 15 3
92 0 15 0
16 5
0 85 16 4
85 97 16 3
97 76 16 4
76 82 16 4
82 0 16 0
17 1
0 0 17 0
18 1
0 0 18 0
19 1
0 0 19 0
