# Solution for ../instances-HHCRSP/InstanzVNS_HCSRP_300_1.txt
# Cost = 1883.68 Dist = 5597.35 Tard = 38.4591 TMax = 15.2243
# <vehicle> <route length>
# <origin node> <dest node> <vehicle> <service type>
0 13
0 125 0 0
125 300 0 1
300 33 0 0
33 299 0 0
299 175 0 0
175 77 0 0
77 283 0 0
283 71 0 1
71 48 0 0
48 184 0 0
184 11 0 1
11 196 0 0
196 0 0 0
1 11
0 260 1 2
260 291 1 2
291 169 1 2
169 93 1 2
93 277 1 2
277 274 1 2
274 158 1 2
158 53 1 2
53 261 1 2
261 30 1 2
30 0 1 0
2 5
0 292 2 2
292 252 2 2
252 267 2 2
267 22 2 2
22 0 2 0
3 12
0 31 3 1
31 42 3 2
42 12 3 1
12 17 3 2
17 282 3 1
282 123 3 2
123 7 3 2
7 131 3 2
131 257 3 1
257 164 3 1
164 191 3 1
191 0 3 0
4 6
0 81 4 2
81 264 4 2
264 295 4 2
295 59 4 2
59 25 4 2
25 0 4 0
5 5
0 182 5 2
182 176 5 2
176 5 5 2
5 259 5 2
259 0 5 0
6 5
0 70 6 2
70 151 6 2
151 67 6 2
67 133 6 2
133 0 6 0
7 4
0 84 7 0
84 286 7 0
286 105 7 0
105 0 7 0
8 15
0 255 8 0
255 251 8 0
251 288 8 0
288 263 8 1
263 262 8 0
262 189 8 0
189 256 8 1
256 13 8 1
13 150 8 1
150 75 8 0
75 290 8 1
290 100 8 0
100 284 8 1
284 89 8 1
89 0 8 0
9 19
0 279 9 0
279 104 9 1
104 289 9 0
289 62 9 1
62 253 9 1
253 160 9 1
160 268 9 2
268 60 9 2
60 142 9 2
142 15 9 0
15 97 9 1
97 265 9 0
265 270 9 1
270 103 9 0
103 254 9 2
254 99 9 2
99 171 9 1
171 276 9 1
276 0 9 0
10 4
0 129 10 2
129 40 10 2
40 266 10 2
266 0 10 0
11 6
0 134 11 1
134 98 11 1
98 43 11 1
43 197 11 1
197 285 11 1
285 0 11 0
12 17
0 180 12 0
180 56 12 1
56 47 12 0
47 287 12 2
287 166 12 0
166 296 12 0
296 137 12 2
137 128 12 1
128 174 12 1
174 293 12 0
293 19 12 0
19 192 12 2
192 107 12 0
107 46 12 0
46 21 12 2
21 58 12 1
58 0 12 0
13 8
0 294 13 1
294 273 13 1
273 280 13 1
280 41 13 1
41 269 13 2
269 110 13 1
110 57 13 2
57 0 13 0
14 10
0 181 14 0
181 297 14 1
297 120 14 1
120 3 14 1
3 258 14 1
258 106 14 0
106 90 14 0
90 298 14 1
298 147 14 1
147 0 14 0
15 8
0 139 15 0
139 101 15 0
101 82 15 0
82 18 15 0
18 61 15 0
61 38 15 0
38 92 15 0
92 0 15 0
16 1
0 0 16 0
17 15
0 148 17 1
148 272 17 0
272 193 17 0
193 281 17 0
281 278 17 0
278 78 17 1
78 275 17 1
275 73 17 1
73 111 17 1
111 168 17 0
168 66 17 0
66 271 17 0
271 157 17 1
157 55 17 0
55 0 17 0
18 20
0 154 18 5
154 234 18 3
234 232 18 3
232 300 18 3
300 24 18 5
24 54 18 3
54 211 18 4
211 205 18 3
205 209 18 4
209 135 18 3
135 94 18 4
94 39 18 3
39 165 18 5
165 204 18 4
204 179 18 5
179 200 18 4
200 261 18 4
261 233 18 4
233 298 18 5
298 0 18 0
19 5
0 85 19 3
85 246 19 3
246 259 19 3
259 229 19 3
229 0 19 0
20 15
0 260 20 3
260 215 20 4
215 172 20 4
172 217 20 3
217 136 20 4
136 76 20 3
76 201 20 3
201 187 20 4
187 277 20 4
277 242 20 3
242 223 20 3
223 36 20 3
36 228 20 3
228 245 20 3
245 0 20 0
21 7
0 292 21 4
292 238 21 3
238 236 21 3
236 9 21 4
9 243 21 3
243 74 21 4
74 0 21 0
22 15
0 234 22 5
234 232 22 5
232 215 22 5
215 159 22 5
159 37 22 3
37 45 22 3
45 217 22 4
217 201 22 4
201 145 22 5
145 112 22 4
112 195 22 5
195 80 22 5
80 28 22 5
28 257 22 5
257 0 22 0
23 18
0 202 23 3
202 190 23 3
190 247 23 4
247 279 23 3
279 65 23 4
65 289 23 3
289 227 23 3
227 253 23 5
253 280 23 5
280 221 23 3
221 79 23 3
79 235 23 3
235 16 23 4
16 29 23 3
29 167 23 3
167 224 23 3
224 254 23 5
254 0 23 0
24 17
0 202 24 4
202 247 24 5
247 138 24 3
138 198 24 5
198 227 24 5
227 6 24 4
6 23 24 4
23 63 24 4
63 119 24 4
119 207 24 3
207 265 24 4
265 270 24 5
270 156 24 3
156 213 24 3
213 210 24 4
210 225 24 3
225 0 24 0
25 14
0 222 25 4
222 219 25 4
219 10 25 4
10 262 25 4
262 206 25 3
206 216 25 4
216 238 25 4
238 124 25 4
124 4 25 3
4 173 25 4
173 250 25 3
250 243 25 4
243 51 25 4
51 0 25 0
26 14
0 255 26 5
255 251 26 4
251 49 26 4
49 249 26 3
249 287 26 3
287 244 26 3
244 218 26 4
218 113 26 5
113 199 26 5
199 116 26 4
116 132 26 3
132 214 26 4
214 271 26 3
271 0 26 0
27 16
0 50 27 5
50 222 27 5
222 219 27 5
219 88 27 5
88 206 27 5
206 216 27 5
216 252 27 5
252 267 27 5
267 130 27 5
130 35 27 5
35 72 27 4
72 163 27 3
163 293 27 4
293 121 27 4
121 285 27 3
285 0 27 0
28 15
0 203 28 4
203 186 28 5
186 288 28 4
288 249 28 5
249 27 28 4
27 114 28 5
114 230 28 5
230 207 28 5
207 153 28 5
153 226 28 4
226 295 28 5
295 220 28 4
220 241 28 5
241 231 28 5
231 0 28 0
29 13
0 203 29 3
203 127 29 3
127 263 29 3
263 146 29 4
146 68 29 4
68 282 29 5
282 152 29 4
152 183 29 5
183 185 29 4
185 34 29 4
34 44 29 3
44 214 29 5
214 0 29 0
30 11
0 177 30 4
177 122 30 5
122 239 30 5
239 141 30 4
141 26 30 5
26 237 30 4
237 240 30 4
240 290 30 4
290 32 30 4
32 212 30 5
212 0 30 0
31 12
0 108 31 3
108 239 31 3
239 297 31 3
297 178 31 3
178 194 31 5
194 296 31 5
296 244 31 5
244 218 31 3
218 220 31 3
220 241 31 3
241 231 31 3
231 0 31 0
32 18
0 149 32 4
149 91 32 3
91 291 32 3
291 299 32 5
299 170 32 5
170 211 32 5
211 205 32 4
205 209 32 5
209 204 32 5
204 283 32 3
283 188 32 3
188 69 32 5
69 242 32 4
242 223 32 5
223 274 32 4
274 228 32 5
228 245 32 4
245 0 32 0
33 15
0 117 33 5
117 294 33 5
294 273 33 4
273 264 33 5
264 20 33 5
20 140 33 4
140 102 33 4
102 268 33 5
268 221 33 5
221 235 33 5
235 126 33 4
126 224 33 4
224 233 33 5
233 276 33 4
276 0 33 0
34 8
0 208 34 3
208 109 34 3
109 246 34 4
246 162 34 4
162 278 34 4
278 275 34 3
275 229 34 4
229 0 34 0
35 20
0 208 35 4
208 115 35 3
115 14 35 3
14 118 35 5
118 86 35 5
86 272 35 3
272 2 35 4
2 281 35 3
281 230 35 3
230 258 35 4
258 144 35 4
144 64 35 3
64 226 35 3
226 1 35 3
1 96 35 5
96 269 35 5
269 213 35 4
213 210 35 5
210 225 35 5
225 0 35 0
36 6
0 286 36 5
286 83 36 5
83 87 36 5
87 236 36 5
236 250 36 5
250 0 36 0
37 11
0 8 37 4
8 52 37 3
52 161 37 5
161 95 37 5
95 256 37 4
256 237 37 5
237 240 37 5
240 284 37 3
284 155 37 3
155 212 37 3
212 0 37 0
38 4
0 248 38 5
248 266 38 3
266 143 38 3
143 0 38 0
39 2
0 248 39 3
248 0 39 0
