# Solution for ../instances-HHCRSP/InstanzCPLEX_HCSRP_50_3.txt
# Cost = 566.375 Dist = 1688.07 Tard = 7.05149 TMax = 4
# <vehicle> <route length>
# <origin node> <dest node> <vehicle> <service type>
0 14
0 44 0 1
44 33 0 0
33 9 0 1
9 35 0 2
35 22 0 0
22 6 0 0
6 45 0 2
45 47 0 0
47 43 0 0
43 17 0 0
17 5 0 0
5 31 0 2
31 3 0 0
3 0 0 0
1 9
0 50 1 0
50 49 1 2
49 1 1 2
1 2 1 2
2 34 1 0
34 29 1 2
29 46 1 0
46 48 1 2
48 0 1 0
2 7
0 23 2 1
23 20 2 1
20 26 2 1
26 4 2 1
4 10 2 1
10 21 2 1
21 0 2 0
3 8
0 44 3 4
44 40 3 3
40 32 3 5
32 12 3 4
12 47 3 5
47 43 3 5
43 11 3 3
11 0 3 0
4 5
0 42 4 3
42 27 4 5
27 36 4 5
36 41 4 3
41 0 4 0
5 4
0 50 5 4
50 46 5 4
46 38 5 4
38 0 5 0
6 8
0 42 6 4
42 49 6 4
49 24 6 5
24 25 6 4
25 30 6 5
30 39 6 3
39 37 6 4
37 0 6 0
7 6
0 28 7 5
28 38 7 5
38 48 7 5
48 39 7 5
39 37 7 5
37 0 7 0
8 9
0 40 8 4
40 7 8 3
7 45 8 4
45 8 8 4
8 13 8 5
13 18 8 3
18 19 8 4
19 14 8 4
14 0 8 0
9 5
0 15 9 3
15 36 9 4
36 41 9 4
41 16 9 4
16 0 9 0
