# Solution for ../instances-HHCRSP/InstanzCPLEX_HCSRP_25_9.txt
# Cost = 404.112 Dist = 1120.86 Tard = 67.9647 TMax = 23.5064
# <vehicle> <route length>
# <origin node> <dest node> <vehicle> <service type>
0 5
0 23 0 0
23 16 0 2
16 8 0 0
8 24 0 1
24 0 0 0
1 8
0 9 1 1
9 4 1 1
4 22 1 1
22 25 1 2
25 11 1 2
11 1 1 1
1 10 1 1
10 0 1 0
2 8
0 23 2 3
23 7 2 5
7 3 2 4
3 13 2 4
13 17 2 5
17 20 2 4
20 14 2 4
14 0 2 0
3 9
0 2 3 4
2 22 3 3
22 25 3 5
25 12 3 4
12 19 3 4
19 18 3 3
18 21 3 3
21 20 3 5
20 0 3 0
4 8
0 5 4 5
5 6 4 3
6 19 4 5
19 18 4 4
18 21 4 5
21 15 4 5
15 24 4 5
24 0 4 0
