# Solution for ../instances-HHCRSP/InstanzCPLEX_HCSRP_75_5.txt
# Cost = 694.569 Dist = 2079.91 Tard = 2.11077 TMax = 1.69089
# <vehicle> <route length>
# <origin node> <dest node> <vehicle> <service type>
0 19
0 14 0 0
14 46 0 2
46 17 0 0
17 66 0 0
66 72 0 1
72 67 0 0
67 9 0 2
9 68 0 0
68 39 0 1
39 69 0 1
69 31 0 1
31 27 0 2
27 75 0 1
75 4 0 2
4 25 0 1
25 33 0 1
33 5 0 0
5 24 0 2
24 0 0 0
1 3
0 15 1 2
15 30 1 2
30 0 1 0
2 10
0 71 2 1
71 64 2 1
64 34 2 1
34 51 2 1
51 65 2 1
65 18 2 1
18 35 2 1
35 40 2 1
40 13 2 1
13 0 2 0
3 7
0 23 3 0
23 21 3 0
21 70 3 0
70 43 3 0
43 73 3 0
73 41 3 0
41 0 3 0
4 5
0 36 4 2
36 3 4 2
3 74 4 2
74 32 4 2
32 0 4 0
5 6
0 54 5 3
54 45 5 3
45 59 5 3
59 53 5 5
53 75 5 3
75 0 5 0
6 13
0 54 6 5
54 59 6 4
59 66 6 4
66 2 6 4
2 72 6 3
72 10 6 3
10 67 6 3
67 53 6 4
53 48 6 4
48 62 6 3
62 7 6 4
7 61 6 3
61 0 6 0
7 13
0 6 7 5
6 49 7 5
49 28 7 3
28 60 7 3
60 52 7 5
52 63 7 3
63 22 7 5
22 12 7 3
12 19 7 5
19 20 7 3
20 57 7 3
57 73 7 5
73 0 7 0
8 4
0 50 8 3
50 55 8 5
55 56 8 3
56 0 8 0
9 7
0 71 9 4
71 55 9 4
55 64 9 4
64 29 9 3
29 62 9 4
62 37 9 4
37 0 9 0
10 11
0 16 10 4
16 42 10 5
42 60 10 5
60 63 10 5
63 11 10 5
11 68 10 4
68 69 10 3
69 47 10 4
47 26 10 4
26 61 10 5
61 0 10 0
11 5
0 8 11 5
8 65 11 4
65 1 11 5
1 57 11 5
57 0 11 0
12 2
0 44 12 3
44 0 12 0
13 6
0 58 13 5
58 38 13 3
38 70 13 3
70 74 13 4
74 56 13 5
56 0 13 0
14 2
0 58 14 3
58 0 14 0
