# Solution for ../instances-HHCRSP/InstanzVNS_HCSRP_200_2.txt
# Cost = 1381.07 Dist = 4115.46 Tard = 16.62 TMax = 11.1347
# <vehicle> <route length>
# <origin node> <dest node> <vehicle> <service type>
0 11
0 120 0 1
120 190 0 0
190 17 0 1
17 186 0 1
186 131 0 1
131 67 0 0
67 44 0 1
44 194 0 1
194 197 0 0
197 195 0 1
195 0 0 0
1 9
0 40 1 2
40 193 1 2
193 72 1 2
72 103 1 2
103 180 1 2
180 36 1 2
36 97 1 2
97 178 1 2
178 0 1 0
2 17
0 91 2 0
91 61 2 2
61 182 2 0
182 11 2 2
11 26 2 0
26 136 2 2
136 196 2 0
196 2 2 0
2 45 2 0
45 10 2 0
10 41 2 2
41 19 2 2
19 106 2 0
106 12 2 2
12 21 2 0
21 184 2 2
184 0 2 0
3 16
0 132 3 1
132 172 3 1
172 174 3 2
174 181 3 1
181 171 3 1
171 140 3 1
140 138 3 1
138 34 3 2
34 66 3 2
66 129 3 1
129 187 3 2
187 15 3 2
15 65 3 2
65 176 3 2
176 179 3 2
179 0 3 0
4 6
0 189 4 2
189 121 4 2
121 90 4 2
90 16 4 2
16 100 4 2
100 0 4 0
5 9
0 198 5 0
198 108 5 1
108 173 5 1
173 133 5 1
133 105 5 0
105 188 5 1
188 31 5 1
31 114 5 0
114 0 5 0
6 16
0 96 6 1
96 177 6 1
177 9 6 1
9 71 6 1
71 14 6 0
14 54 6 1
54 183 6 1
183 80 6 1
80 113 6 1
113 56 6 1
56 4 6 1
4 33 6 1
33 42 6 1
42 32 6 0
32 82 6 1
82 0 6 0
7 2
0 59 7 2
59 0 7 0
8 12
0 46 8 0
46 123 8 1
123 199 8 0
199 83 8 0
83 115 8 0
115 117 8 1
117 191 8 0
191 6 8 0
6 57 8 0
57 128 8 1
128 7 8 0
7 0 8 0
9 11
0 39 9 1
39 200 9 1
200 116 9 0
116 175 9 2
175 3 9 2
3 92 9 1
92 43 9 2
43 38 9 1
38 185 9 1
185 192 9 0
192 0 9 0
10 15
0 145 10 4
145 174 10 5
174 94 10 5
94 181 10 4
181 171 10 5
171 75 10 5
75 13 10 4
13 160 10 5
160 159 10 4
159 150 10 5
150 55 10 5
55 111 10 4
111 155 10 4
155 74 10 4
74 0 10 0
11 18
0 145 11 5
145 182 11 3
182 151 11 3
151 49 11 4
49 170 11 4
170 196 11 4
196 68 11 4
68 27 11 4
27 84 11 4
84 124 11 4
124 188 11 4
188 35 11 4
35 18 11 3
18 153 11 4
153 149 11 4
149 176 11 3
176 179 11 3
179 0 11 0
12 15
0 161 12 3
161 198 12 3
198 146 12 4
146 135 12 5
135 173 12 3
173 81 12 3
81 122 12 3
122 160 12 3
160 159 12 3
159 150 12 3
150 130 12 3
130 165 12 3
165 148 12 3
148 76 12 3
76 0 12 0
13 12
0 177 13 5
177 146 13 5
146 168 13 3
168 147 13 3
147 156 13 3
156 144 13 5
144 73 13 3
73 167 13 5
167 88 13 3
88 155 13 3
155 79 13 3
79 0 13 0
14 13
0 161 14 4
161 172 14 5
172 151 14 4
151 170 14 5
170 5 14 3
5 134 14 4
134 158 14 4
158 109 14 5
109 187 14 3
187 78 14 3
78 153 14 5
153 149 14 5
149 0 14 0
15 2
0 63 15 4
63 0 15 0
16 10
0 51 16 5
51 186 16 3
186 119 16 5
119 98 16 4
98 70 16 5
70 30 16 4
30 194 16 3
194 95 16 3
95 37 16 3
37 0 16 0
17 15
0 137 17 3
137 93 17 3
93 53 17 4
53 104 17 3
104 1 17 4
1 118 17 4
118 28 17 5
28 48 17 3
48 29 17 3
29 158 17 5
158 165 17 4
165 148 17 5
148 139 17 3
139 47 17 4
47 0 17 0
18 1
0 0 18 0
19 11
0 126 19 5
126 190 19 3
190 193 19 4
193 101 19 3
101 22 19 3
22 183 19 4
183 125 19 4
125 180 19 4
180 184 19 4
184 24 19 4
24 0 19 0
20 14
0 89 20 5
89 77 20 4
77 8 20 3
8 168 20 4
168 147 20 5
147 156 20 5
156 144 20 4
144 167 20 4
167 25 20 4
25 58 20 4
58 197 20 4
197 195 20 4
195 178 20 4
178 0 20 0
21 17
0 127 21 5
127 154 21 5
154 110 21 5
110 62 21 4
62 162 21 4
162 163 21 4
163 107 21 4
107 191 21 5
191 99 21 4
99 85 21 4
85 23 21 5
23 52 21 4
52 143 21 5
143 142 21 4
142 87 21 4
87 166 21 4
166 0 21 0
22 6
0 200 22 3
200 60 22 5
60 69 22 4
69 20 22 5
20 192 22 3
192 0 22 0
23 17
0 189 23 3
189 50 23 5
50 199 23 5
199 141 23 5
141 175 23 3
175 157 23 5
157 102 23 3
102 164 23 3
164 152 23 5
152 169 23 3
169 112 23 5
112 86 23 3
86 64 23 3
64 143 23 3
143 142 23 3
142 166 23 5
166 0 23 0
24 10
0 154 24 3
154 162 24 5
162 163 24 3
163 141 24 4
141 157 24 4
157 164 24 5
164 152 24 4
152 169 24 4
169 185 24 5
185 0 24 0
25 1
0 0 25 0
26 1
0 0 26 0
27 1
0 0 27 0
28 1
0 0 28 0
29 1
0 0 29 0
