# Solution for ../instances-HHCRSP/InstanzCPLEX_HCSRP_50_9.txt
# Cost = 542.701 Dist = 1620.73 Tard = 5.64391 TMax = 1.73326
# <vehicle> <route length>
# <origin node> <dest node> <vehicle> <service type>
0 12
0 4 0 1
4 27 0 0
27 11 0 2
11 50 0 1
50 8 0 0
8 30 0 1
30 1 0 1
1 26 0 0
26 28 0 2
28 44 0 0
44 31 0 0
31 0 0 0
1 7
0 47 1 2
47 35 1 2
35 9 1 1
9 16 1 2
16 46 1 2
46 10 1 1
10 0 1 0
2 11
0 49 2 0
49 23 2 2
23 43 2 2
43 32 2 0
32 33 2 0
33 48 2 1
48 20 2 0
20 21 2 1
21 18 2 2
18 45 2 1
45 0 2 0
3 4
0 49 3 5
49 39 3 3
39 44 3 5
44 0 3 0
4 10
0 2 4 4
2 47 4 3
47 5 4 5
5 17 4 5
17 48 4 5
48 38 4 3
38 37 4 3
37 29 4 3
29 40 4 3
40 0 4 0
5 5
0 25 5 5
25 7 5 5
7 46 5 3
46 14 5 4
14 0 5 0
6 12
0 42 6 3
42 34 6 4
34 36 6 4
36 22 6 4
22 50 6 3
50 19 6 5
19 6 6 3
6 15 6 5
15 38 6 4
38 37 6 5
37 13 6 4
13 0 6 0
7 7
0 42 7 4
42 36 7 5
36 12 7 4
12 24 7 4
24 45 7 3
45 40 7 5
40 0 7 0
8 5
0 43 8 5
43 39 8 4
39 3 8 4
3 41 8 3
41 0 8 0
9 2
0 41 9 5
41 0 9 0
