# Solution for ../instances-HHCRSP/InstanzVNS_HCSRP_300_8.txt
# Cost = 1572.69 Dist = 4687.18 Tard = 24.739 TMax = 6.13785
# <vehicle> <route length>
# <origin node> <dest node> <vehicle> <service type>
0 12
0 271 0 0
271 17 0 0
17 21 0 0
21 139 0 0
139 78 0 0
78 94 0 0
94 297 0 0
297 295 0 1
295 172 0 1
172 115 0 1
115 251 0 0
251 0 0 0
1 22
0 42 1 0
42 65 1 0
65 125 1 0
125 168 1 1
168 45 1 2
45 188 1 0
188 117 1 2
117 291 1 0
291 62 1 0
62 167 1 2
167 166 1 1
166 267 1 1
267 44 1 1
44 296 1 2
296 76 1 0
76 71 1 1
71 265 1 1
265 181 1 1
181 73 1 0
73 103 1 2
103 158 1 0
158 0 1 0
2 12
0 130 2 0
130 134 2 0
134 186 2 2
186 145 2 0
145 275 2 2
275 135 2 0
135 277 2 2
277 269 2 0
269 58 2 2
58 263 2 0
263 77 2 2
77 0 2 0
3 3
0 56 3 2
56 256 3 2
256 0 3 0
4 13
0 126 4 1
126 161 4 1
161 57 4 1
57 197 4 1
197 68 4 2
68 282 4 2
282 279 4 2
279 151 4 2
151 178 4 1
178 93 4 2
93 32 4 1
32 113 4 2
113 0 4 0
5 16
0 60 5 2
60 22 5 1
22 104 5 2
104 274 5 1
274 107 5 1
107 262 5 1
262 196 5 2
196 187 5 2
187 13 5 2
13 259 5 1
259 127 5 2
127 273 5 1
273 27 5 1
27 18 5 1
18 150 5 2
150 0 5 0
6 10
0 10 6 0
10 112 6 0
112 284 6 0
284 268 6 0
268 74 6 0
74 173 6 0
173 90 6 0
90 270 6 0
270 129 6 0
129 0 6 0
7 9
0 293 7 2
293 272 7 2
272 91 7 2
91 192 7 2
192 283 7 2
283 258 7 2
258 253 7 2
253 264 7 2
264 0 7 0
8 15
0 286 8 1
286 40 8 0
40 185 8 1
185 75 8 1
75 132 8 0
132 164 8 2
164 294 8 2
294 280 8 0
280 120 8 0
120 72 8 0
72 51 8 0
51 105 8 2
105 48 8 1
48 46 8 2
46 0 8 0
9 11
0 87 9 1
87 92 9 1
92 102 9 2
102 179 9 2
179 23 9 2
23 36 9 1
36 159 9 2
159 6 9 2
6 12 9 2
12 287 9 2
287 0 9 0
10 6
0 281 10 0
281 95 10 0
95 55 10 0
55 98 10 0
98 81 10 0
81 0 10 0
11 5
0 260 11 2
260 278 11 2
278 170 11 2
170 289 11 2
289 0 11 0
12 1
0 0 12 0
13 14
0 195 13 1
195 33 13 1
33 53 13 1
53 298 13 2
298 285 13 2
285 254 13 1
254 266 13 2
266 119 13 0
119 290 13 1
290 288 13 2
288 149 13 0
149 300 13 1
300 174 13 0
174 0 13 0
14 11
0 299 14 1
299 54 14 1
54 66 14 1
66 292 14 0
292 156 14 1
156 16 14 0
16 5 14 0
5 131 14 1
131 138 14 1
138 160 14 0
160 0 14 0
15 11
0 261 15 1
261 110 15 1
110 11 15 0
11 100 15 0
100 4 15 1
4 252 15 1
252 109 15 0
109 257 15 1
257 276 15 1
276 255 15 1
255 0 15 0
16 1
0 0 16 0
17 1
0 0 17 0
18 16
0 216 18 3
216 230 18 4
230 184 18 5
184 232 18 3
232 237 18 3
237 298 18 3
298 118 18 5
118 47 18 4
47 83 18 3
83 225 18 3
225 234 18 3
234 89 18 4
89 280 18 4
280 246 18 3
246 35 18 4
35 0 18 0
19 18
0 216 19 4
216 230 19 5
230 8 19 5
8 217 19 4
217 285 19 4
285 205 19 3
205 254 19 4
254 266 19 5
266 290 19 4
290 262 19 3
262 220 19 4
220 227 19 3
227 99 19 5
99 259 19 5
259 3 19 4
3 213 19 4
213 79 19 3
79 0 19 0
20 14
0 271 20 5
271 84 20 4
84 208 20 3
208 63 20 5
63 190 20 3
190 239 20 5
239 175 20 5
175 295 20 3
295 214 20 5
214 206 20 3
206 144 20 5
144 253 20 5
253 264 20 3
264 0 20 0
21 21
0 249 21 3
249 222 21 3
222 70 21 5
70 231 21 3
231 207 21 3
207 61 21 4
61 182 21 5
182 143 21 3
143 177 21 3
177 38 21 4
38 242 21 4
242 269 21 4
269 223 21 3
223 28 21 3
28 203 21 3
203 142 21 4
142 283 21 3
283 30 21 5
30 29 21 3
29 146 21 3
146 0 21 0
22 16
0 249 22 4
249 222 22 4
222 108 22 3
108 43 22 4
43 231 22 4
231 207 22 5
207 194 22 4
194 250 22 4
250 1 22 4
1 114 22 5
114 277 22 3
277 242 22 5
242 244 22 3
244 252 22 3
252 263 22 3
263 0 22 0
23 20
0 241 23 4
241 189 23 3
189 211 23 3
211 193 23 3
193 232 23 4
232 237 23 4
237 24 23 4
24 34 23 5
34 294 23 3
294 225 23 5
225 234 23 5
234 180 23 4
180 69 23 3
69 228 23 4
228 238 23 3
238 152 23 4
152 265 23 3
265 229 23 3
229 153 23 5
153 0 23 0
24 11
0 247 24 3
247 59 24 3
59 86 24 4
86 50 24 4
50 136 24 3
136 106 24 4
106 239 24 3
239 141 24 4
141 270 24 4
270 258 24 4
258 0 24 0
25 12
0 241 25 5
241 211 25 5
211 204 25 4
204 25 25 5
25 137 25 4
137 291 25 5
291 267 25 3
267 296 25 3
296 228 25 5
228 238 25 4
238 229 25 4
229 0 25 0
26 15
0 247 26 5
247 245 26 5
245 155 26 3
155 233 26 5
233 268 26 5
268 282 26 5
282 279 26 5
279 223 26 4
223 133 26 4
133 203 26 5
203 67 26 5
67 257 26 4
257 276 26 5
276 123 26 4
123 0 26 0
27 9
0 209 27 4
209 245 27 3
245 233 27 4
233 2 27 4
2 297 27 3
297 214 27 4
214 206 27 4
206 101 27 4
101 0 27 0
28 7
0 209 28 5
209 116 28 5
116 26 28 3
26 14 28 5
14 20 28 3
20 226 28 3
226 0 28 0
29 11
0 240 29 4
240 284 29 5
284 236 29 4
236 221 29 5
221 208 29 5
208 148 29 4
148 224 29 4
224 147 29 4
147 226 29 5
226 169 29 4
169 0 29 0
30 11
0 286 30 3
286 204 30 3
204 250 30 3
250 37 30 5
37 275 30 5
275 215 30 5
215 31 30 5
31 176 30 5
176 210 30 3
210 255 30 5
255 0 30 0
31 6
0 240 31 5
240 236 31 5
236 15 31 4
15 244 31 5
244 243 31 5
243 0 31 0
32 15
0 293 32 4
293 261 32 4
261 272 32 5
272 221 32 3
221 256 32 5
256 19 32 3
19 183 32 4
183 154 32 5
154 224 32 5
224 85 32 3
85 287 32 3
287 9 32 5
9 251 32 4
251 52 32 4
52 0 32 0
33 11
0 7 33 3
7 97 33 4
97 219 33 4
219 82 33 4
82 217 33 5
217 205 33 5
205 288 33 5
288 300 33 4
300 39 33 4
39 246 33 4
246 0 33 0
34 5
0 248 34 4
248 235 34 4
235 278 34 4
278 198 34 4
198 0 34 0
35 8
0 299 35 5
299 163 35 5
163 248 35 3
248 235 35 3
235 96 35 5
96 289 35 3
289 243 35 3
243 0 35 0
36 11
0 49 36 5
49 121 36 3
121 281 36 4
281 219 36 5
219 274 36 5
274 171 36 5
171 220 36 5
220 227 36 4
227 157 36 5
157 88 36 5
88 0 36 0
37 10
0 199 37 5
199 218 37 4
218 202 37 4
202 212 37 4
212 201 37 5
201 128 37 4
128 215 37 4
215 210 37 4
210 80 37 5
80 0 37 0
38 12
0 200 38 3
200 218 38 3
218 202 38 5
202 212 38 3
212 64 38 3
64 201 38 3
201 111 38 5
111 122 38 5
122 165 38 5
165 273 38 4
273 213 38 5
213 0 38 0
39 8
0 260 39 5
260 124 39 3
124 292 39 5
292 41 39 5
41 140 39 5
140 162 39 3
162 191 39 3
191 0 39 0
