# Solution for ../instances-HHCRSP/InstanzVNS_HCSRP_300_3.txt
# Cost = 1554.45 Dist = 4639.51 Tard = 17.8764 TMax = 5.97418
# <vehicle> <route length>
# <origin node> <dest node> <vehicle> <service type>
0 15
0 281 0 0
281 62 0 1
62 90 0 1
90 59 0 0
59 108 0 1
108 284 0 1
284 122 0 0
122 17 0 0
17 128 0 0
128 121 0 0
121 191 0 1
191 178 0 0
178 289 0 1
289 60 0 0
60 0 0 0
1 11
0 261 1 0
261 161 1 0
161 34 1 0
34 266 1 1
266 190 1 0
190 151 1 1
151 4 1 1
4 157 1 1
157 3 1 0
3 279 1 1
279 0 1 0
2 8
0 88 2 2
88 89 2 2
89 162 2 2
162 79 2 2
79 172 2 2
172 72 2 2
72 118 2 2
118 0 2 0
3 10
0 23 3 1
23 251 3 1
251 288 3 1
288 10 3 1
10 142 3 1
142 184 3 1
184 133 3 1
133 38 3 0
38 258 3 1
258 0 3 0
4 7
0 181 4 1
181 107 4 1
107 265 4 1
265 163 4 1
163 165 4 1
165 185 4 1
185 0 4 0
5 16
0 117 5 0
117 252 5 0
252 262 5 2
262 286 5 0
286 257 5 0
257 6 5 0
6 287 5 0
287 47 5 2
47 45 5 2
45 130 5 2
130 123 5 1
123 5 5 0
5 67 5 1
67 137 5 0
137 270 5 0
270 0 5 0
6 13
0 114 6 0
114 298 6 0
298 111 6 1
111 26 6 1
26 164 6 1
164 22 6 0
22 273 6 1
273 253 6 0
253 272 6 0
272 283 6 0
283 166 6 0
166 65 6 1
65 0 6 0
7 12
0 290 7 2
290 61 7 2
61 179 7 0
179 294 7 2
294 1 7 2
1 268 7 2
268 154 7 2
154 263 7 2
263 136 7 2
136 193 7 0
193 256 7 0
256 0 7 0
8 5
0 264 8 1
264 63 8 1
63 41 8 1
41 255 8 1
255 0 8 0
9 4
0 260 9 0
260 278 9 0
278 275 9 0
275 0 9 0
10 14
0 50 10 2
50 143 10 2
143 9 10 1
9 33 10 0
33 40 10 1
40 125 10 1
125 43 10 2
43 149 10 1
149 126 10 0
126 54 10 1
54 87 10 2
87 155 10 0
155 292 10 2
292 0 10 0
11 8
0 35 11 2
35 171 11 2
171 112 11 2
112 177 11 2
177 64 11 2
64 297 11 2
297 103 11 2
103 0 11 0
12 12
0 293 12 2
293 296 12 0
296 254 12 2
254 299 12 2
299 291 12 0
291 300 12 2
300 140 12 2
140 138 12 2
138 276 12 2
276 97 12 0
97 135 12 0
135 0 12 0
13 4
0 147 13 1
147 21 13 1
21 199 13 1
199 0 13 0
14 12
0 271 14 2
271 20 14 1
20 168 14 2
168 280 14 2
280 195 14 2
195 274 14 2
274 80 14 1
80 282 14 2
282 277 14 2
277 31 14 2
31 269 14 1
269 0 14 0
15 6
0 2 15 2
2 124 15 2
124 156 15 2
156 69 15 2
69 189 15 2
189 0 15 0
16 10
0 259 16 0
259 29 16 2
29 91 16 0
91 68 16 0
68 188 16 0
188 76 16 2
76 139 16 0
139 86 16 2
86 159 16 0
159 0 16 0
17 5
0 285 17 1
285 169 17 1
169 295 17 1
295 267 17 1
267 0 17 0
18 14
0 222 18 5
222 28 18 5
28 248 18 5
248 265 18 3
265 291 18 5
291 95 18 5
95 300 18 5
300 53 18 3
53 276 18 5
276 148 18 3
148 220 18 3
220 203 18 3
203 37 18 3
37 0 18 0
19 14
0 281 19 4
281 110 19 5
110 74 19 3
74 71 19 5
71 7 19 3
7 109 19 3
109 102 19 4
102 32 19 5
32 192 19 4
192 273 19 4
273 249 19 3
249 101 19 5
101 228 19 3
228 0 19 0
20 14
0 222 20 4
222 251 20 3
251 288 20 5
288 294 20 3
294 212 20 3
212 116 20 3
116 268 20 3
268 46 20 4
46 227 20 3
227 244 20 4
244 186 20 4
186 200 20 4
200 225 20 3
225 0 20 0
21 13
0 100 21 4
100 261 21 4
261 158 21 3
158 13 21 5
13 266 21 3
266 19 21 4
19 160 21 5
160 194 21 5
194 18 21 3
18 201 21 4
201 211 21 4
211 234 21 4
234 0 21 0
22 18
0 226 22 3
226 205 22 3
205 252 22 4
252 280 22 4
280 286 22 3
286 257 22 3
257 274 22 3
274 85 22 4
85 173 22 4
173 287 22 4
287 75 22 4
75 119 22 3
119 277 22 3
277 204 22 3
204 270 22 3
270 134 22 4
134 289 22 4
289 0 22 0
23 13
0 226 23 5
226 205 23 4
205 298 23 4
298 262 23 3
262 250 23 3
250 247 23 4
247 84 23 3
84 66 23 3
66 204 23 5
204 141 23 5
141 104 23 5
104 269 23 4
269 0 23 0
24 16
0 208 24 4
208 15 24 3
15 152 24 4
152 264 24 4
264 215 24 4
215 242 24 3
242 282 24 5
282 218 24 3
218 253 24 5
253 249 24 5
249 283 24 5
283 58 24 4
58 14 24 4
14 106 24 5
106 224 24 3
224 0 24 0
25 13
0 208 25 5
208 241 25 4
241 259 25 4
259 213 25 3
213 206 25 3
206 180 25 4
180 236 25 3
236 105 25 5
105 243 25 3
243 231 25 4
231 207 25 3
207 256 25 4
256 0 25 0
26 6
0 241 26 5
241 217 26 5
217 240 26 5
240 255 26 5
255 224 26 5
224 0 26 0
27 15
0 113 27 4
113 27 27 5
27 260 27 5
260 219 27 4
219 24 27 5
24 16 27 4
16 83 27 4
83 49 27 4
49 230 27 4
230 92 27 4
92 187 27 3
187 243 27 5
243 263 27 4
263 245 27 3
245 0 27 0
28 9
0 290 28 3
290 248 28 4
248 212 28 4
212 73 28 4
73 227 28 4
227 244 28 5
244 258 28 5
258 225 28 4
225 0 28 0
29 18
0 229 29 5
229 232 29 3
232 197 29 3
197 146 29 5
146 221 29 3
221 238 29 5
238 250 29 5
250 247 29 5
247 175 29 3
175 246 29 5
246 284 29 3
284 237 29 3
237 202 29 5
202 233 29 5
233 201 29 5
201 211 29 3
211 279 29 3
279 0 29 0
30 18
0 229 30 4
229 232 30 4
232 132 30 4
132 176 30 4
176 182 30 4
182 98 30 5
98 216 30 3
216 223 30 3
223 183 30 4
183 52 30 3
52 57 30 3
57 82 30 5
82 51 30 3
51 11 30 3
11 170 30 4
170 78 30 5
78 292 30 5
292 0 30 0
31 13
0 42 31 5
42 293 31 5
293 296 31 5
296 254 31 5
254 299 31 5
299 213 31 5
213 206 31 5
206 236 31 4
236 77 31 5
77 81 31 5
81 231 31 5
231 207 31 4
207 0 31 0
32 9
0 219 32 5
219 115 32 3
115 129 32 5
129 285 32 3
285 230 32 5
230 278 32 3
278 30 32 5
30 275 32 3
275 0 32 0
33 13
0 36 33 3
36 271 33 5
271 70 33 5
70 96 33 5
96 196 33 5
196 127 33 4
127 215 33 5
215 242 33 4
242 218 33 5
218 272 33 5
272 120 33 5
120 25 33 4
25 0 33 0
34 11
0 44 34 4
44 145 34 5
145 221 34 4
221 238 34 4
238 246 34 4
246 237 34 4
237 202 34 4
202 233 34 4
233 167 34 4
167 228 34 4
228 0 34 0
35 3
0 217 35 4
217 245 35 4
245 0 35 0
36 12
0 198 36 3
198 55 36 3
55 174 36 3
174 216 36 5
216 223 36 5
223 131 36 4
131 12 36 4
12 8 36 4
8 94 36 4
94 99 36 3
99 234 36 5
234 0 36 0
37 10
0 209 37 3
209 235 37 4
235 239 37 3
239 93 37 5
93 153 37 3
153 210 37 3
210 214 37 3
214 297 37 5
297 267 37 4
267 0 37 0
38 10
0 209 38 5
209 235 38 5
235 239 38 5
239 56 38 4
56 210 38 5
210 214 38 5
214 295 38 4
295 144 38 4
144 150 38 5
150 0 38 0
39 6
0 240 39 3
240 39 39 3
39 48 39 5
48 220 39 4
220 203 39 4
203 0 39 0
