# Solution for ../instances-HHCRSP/InstanzVNS_HCSRP_300_10.txt
# Cost = 1957.86 Dist = 5824.37 Tard = 37.1919 TMax = 12.03
# <vehicle> <route length>
# <origin node> <dest node> <vehicle> <service type>
0 16
0 148 0 0
148 276 0 0
276 2 0 0
2 198 0 0
198 26 0 1
26 263 0 1
263 62 0 0
62 91 0 1
91 44 0 0
44 261 0 1
261 156 0 0
156 40 0 1
40 190 0 0
190 122 0 0
122 283 0 0
283 0 0 0
1 15
0 171 1 2
171 61 1 2
61 144 1 2
144 126 1 2
126 34 1 2
34 296 1 2
296 27 1 2
27 107 1 2
107 137 1 2
137 179 1 2
179 164 1 2
164 43 1 2
43 272 1 2
272 166 1 2
166 0 1 0
2 8
0 292 2 2
292 70 2 2
70 259 2 2
259 24 2 2
24 32 2 2
32 299 2 2
299 31 2 2
31 0 2 0
3 10
0 267 3 1
267 264 3 1
264 64 3 1
64 158 3 1
158 266 3 1
266 170 3 1
170 277 3 1
277 278 3 1
278 285 3 1
285 0 3 0
4 3
0 159 4 2
159 253 4 2
253 0 4 0
5 12
0 287 5 0
287 256 5 0
256 138 5 0
138 298 5 0
298 165 5 0
165 282 5 0
282 161 5 0
161 118 5 0
118 153 5 0
153 251 5 0
251 270 5 0
270 0 5 0
6 9
0 254 6 2
254 63 6 2
63 271 6 2
271 108 6 2
108 255 6 2
255 143 6 2
143 133 6 2
133 280 6 2
280 0 6 0
7 9
0 50 7 1
50 94 7 1
94 300 7 2
300 197 7 2
197 18 7 1
18 293 7 2
293 129 7 2
129 275 7 1
275 0 7 0
8 17
0 104 8 0
104 11 8 1
11 7 8 1
7 147 8 0
147 290 8 0
290 4 8 0
4 273 8 0
273 16 8 0
16 125 8 1
125 182 8 1
182 294 8 1
294 139 8 1
139 19 8 1
19 173 8 1
173 177 8 0
177 297 8 1
297 0 8 0
9 3
0 102 9 2
102 142 9 2
142 0 9 0
10 9
0 141 10 1
141 274 10 1
274 35 10 1
35 268 10 1
268 262 10 1
262 111 10 1
111 132 10 1
132 186 10 1
186 0 10 0
11 12
0 89 11 0
89 257 11 0
257 58 11 0
58 84 11 0
84 265 11 0
265 279 11 0
279 151 11 0
151 99 11 0
99 281 11 0
281 60 11 0
60 47 11 0
47 0 11 0
12 12
0 176 12 0
176 83 12 0
83 103 12 1
103 154 12 1
154 258 12 1
258 90 12 1
90 260 12 1
260 252 12 0
252 95 12 0
95 291 12 0
291 48 12 0
48 0 12 0
13 9
0 33 13 0
33 174 13 0
174 289 13 0
289 105 13 1
105 152 13 0
152 162 13 1
162 187 13 1
187 42 13 1
42 0 13 0
14 12
0 163 14 0
163 113 14 0
113 29 14 2
29 80 14 2
80 124 14 2
124 284 14 0
284 66 14 0
66 14 14 0
14 28 14 2
28 286 14 0
286 196 14 0
196 0 14 0
15 12
0 57 15 2
57 22 15 1
22 191 15 2
191 295 15 1
295 269 15 2
269 157 15 2
157 288 15 2
288 36 15 1
36 77 15 1
77 30 15 2
30 59 15 2
59 0 15 0
16 1
0 0 16 0
17 1
0 0 17 0
18 17
0 203 18 3
203 264 18 3
264 247 18 3
247 236 18 4
236 232 18 4
232 242 18 3
242 263 18 4
263 201 18 3
201 96 18 3
96 280 18 3
280 261 18 3
261 210 18 5
210 114 18 4
114 231 18 3
231 67 18 4
67 270 18 3
270 0 18 0
19 14
0 203 19 4
203 93 19 3
93 246 19 3
246 273 19 5
273 52 19 5
52 282 19 5
282 294 19 5
294 214 19 4
214 109 19 5
109 51 19 5
51 212 19 3
212 239 19 4
239 206 19 3
206 0 19 0
20 13
0 216 20 3
216 219 20 3
219 202 20 3
202 265 20 3
265 279 20 4
279 229 20 3
229 250 20 3
250 215 20 4
215 299 20 4
299 98 20 4
98 82 20 4
82 233 20 3
233 0 20 0
21 14
0 276 21 5
276 216 21 5
216 127 21 5
127 223 21 4
223 259 21 5
259 234 21 3
234 207 21 3
207 65 21 4
65 128 21 4
128 17 21 4
17 217 21 4
217 209 21 4
209 244 21 4
244 0 21 0
22 18
0 211 22 3
211 39 22 3
39 267 22 5
267 290 22 5
290 3 22 3
3 296 22 3
296 145 22 4
145 178 22 3
178 6 22 4
6 193 22 3
193 23 22 3
23 21 22 5
21 235 22 3
235 248 22 4
248 75 22 5
75 112 22 4
112 10 22 4
10 0 22 0
23 17
0 228 23 3
228 240 23 4
240 130 23 3
130 37 23 4
37 227 23 3
227 221 23 3
221 230 23 3
230 119 23 4
119 38 23 4
38 260 23 4
260 220 23 3
220 238 23 3
238 81 23 3
81 210 23 3
210 251 23 4
251 121 23 4
121 0 23 0
24 11
0 101 24 3
101 106 24 3
106 300 24 3
300 53 24 3
53 117 24 3
117 213 24 3
213 225 24 3
225 224 24 3
224 262 24 3
262 205 24 3
205 0 24 0
25 18
0 211 25 5
211 123 25 3
123 140 25 3
140 150 25 5
150 181 25 4
181 247 25 5
247 236 25 5
236 289 25 3
289 243 25 4
243 69 25 5
69 277 25 4
277 131 25 4
131 288 25 5
288 199 25 5
199 13 25 3
13 278 25 5
278 285 25 5
285 0 25 0
26 17
0 287 26 5
287 292 26 4
292 115 26 3
115 256 26 3
256 86 26 5
86 68 26 5
68 255 26 5
255 252 26 5
252 79 26 5
79 220 26 5
220 238 26 4
238 72 26 4
72 281 26 5
281 212 26 5
212 239 26 5
239 206 26 5
206 0 26 0
27 9
0 257 27 3
257 195 27 3
195 76 27 3
76 253 27 3
253 268 27 3
268 97 27 3
97 217 27 3
217 237 27 3
237 0 27 0
28 12
0 49 28 5
49 223 28 5
223 219 28 4
219 202 28 4
202 229 28 5
229 250 28 5
250 215 28 5
215 275 28 5
275 168 28 5
168 92 28 5
92 205 28 4
205 0 28 0
29 18
0 228 29 5
228 240 29 5
240 180 29 3
180 149 29 4
149 298 29 4
298 185 29 4
185 88 29 5
88 9 29 3
9 155 29 5
155 8 29 4
8 167 29 3
167 214 29 5
214 235 29 5
235 248 29 5
248 297 29 4
297 160 29 3
160 200 29 4
200 0 29 0
30 4
0 218 30 3
218 172 30 5
172 237 30 5
237 0 30 0
31 14
0 85 31 4
85 12 31 5
12 192 31 5
192 175 31 5
175 246 31 5
246 266 31 5
266 243 31 5
243 269 31 4
269 245 31 3
245 222 31 4
222 208 31 4
208 1 31 3
1 272 31 5
272 0 31 0
32 9
0 45 32 4
45 227 32 5
227 221 32 4
221 230 32 5
230 258 32 3
258 201 32 4
201 56 32 5
56 231 32 4
231 0 32 0
33 5
0 218 33 4
218 194 33 4
194 73 33 4
73 226 33 4
226 0 33 0
34 15
0 204 34 4
204 5 34 4
5 188 34 3
188 189 34 3
189 110 34 5
110 293 34 3
293 71 34 4
71 213 34 4
213 225 34 5
225 41 34 5
41 224 34 4
224 284 34 4
284 25 34 5
25 286 34 4
286 0 34 0
35 10
0 204 35 5
204 100 35 5
100 183 35 3
183 169 35 5
169 87 35 5
87 46 35 5
46 146 35 4
146 55 35 5
55 226 35 5
226 0 35 0
36 16
0 134 36 4
134 20 36 4
20 241 36 4
241 271 36 5
271 120 36 4
120 232 36 5
232 242 36 5
242 295 36 5
295 116 36 4
116 136 36 5
136 245 36 4
245 222 36 5
222 208 36 5
208 74 36 5
74 184 36 5
184 0 36 0
37 10
0 78 37 3
78 15 37 3
15 241 37 3
241 135 37 3
135 234 37 4
234 207 37 4
207 54 37 5
54 233 37 5
233 283 37 5
283 0 37 0
38 5
0 254 38 5
254 274 38 5
274 249 38 3
249 291 38 4
291 0 38 0
39 4
0 249 39 5
249 209 39 5
209 244 39 5
244 0 39 0
