# Solution for ../instances-HHCRSP/InstanzVNS_HCSRP_300_10.txt
# Cost = 1977.14 Dist = 5885.12 Tard = 35.8195 TMax = 10.4947
# <vehicle> <route length>
# <origin node> <dest node> <vehicle> <service type>
0 12
0 33 0 0
33 198 0 0
198 26 0 1
26 174 0 0
174 289 0 0
289 277 0 1
277 105 0 1
105 152 0 0
152 187 0 1
187 162 0 1
162 42 0 1
42 0 0 0
1 10
0 57 1 2
57 144 1 2
144 126 1 2
126 61 1 2
61 171 1 2
171 296 1 2
296 34 1 2
34 166 1 2
166 272 1 2
272 0 1 0
2 8
0 159 2 2
159 253 2 2
253 80 2 2
80 29 2 2
29 124 2 2
124 197 2 2
197 28 2 2
28 0 2 0
3 12
0 267 3 1
267 7 3 1
7 11 3 1
11 158 3 1
158 264 3 1
264 64 3 1
64 295 3 1
295 263 3 1
263 91 3 1
91 36 3 1
36 77 3 1
77 0 3 0
4 13
0 70 4 2
70 292 4 2
292 63 4 2
63 271 4 2
271 143 4 2
143 133 4 2
133 288 4 2
288 157 4 2
157 191 4 2
191 269 4 2
269 43 4 2
43 30 4 2
30 0 4 0
5 14
0 176 5 0
176 290 5 0
290 147 5 0
147 4 5 0
4 298 5 0
298 165 5 0
165 282 5 0
282 161 5 0
161 118 5 0
118 62 5 0
62 153 5 0
153 270 5 0
270 251 5 0
251 0 5 0
6 7
0 254 6 2
254 259 6 2
259 255 6 2
255 24 6 2
24 32 6 2
32 299 6 2
299 0 6 0
7 10
0 50 7 1
50 94 7 1
94 300 7 2
300 18 7 1
18 293 7 2
293 129 7 2
129 275 7 1
275 179 7 2
179 164 7 2
164 0 7 0
8 15
0 83 8 0
83 276 8 0
276 103 8 1
103 44 8 0
44 154 8 1
154 252 8 0
252 132 8 1
132 186 8 1
186 261 8 1
261 156 8 0
156 40 8 1
40 190 8 0
190 122 8 0
122 283 8 0
283 0 8 0
9 1
0 0 9 0
10 7
0 141 10 1
141 35 10 1
35 268 10 1
268 262 10 1
262 111 10 1
111 274 10 1
274 0 10 0
11 10
0 89 11 0
89 287 11 0
287 163 11 0
163 113 11 0
113 284 11 0
284 66 11 0
66 14 11 0
14 286 11 0
286 196 11 0
196 0 11 0
12 14
0 104 12 0
104 256 12 0
256 138 12 0
138 266 12 1
266 170 12 1
170 273 12 0
273 16 12 0
16 125 12 1
125 294 12 1
294 139 12 1
139 177 12 0
177 173 12 1
173 297 12 1
297 0 12 0
13 10
0 257 13 0
257 2 13 0
2 265 13 0
265 279 13 0
279 151 13 0
151 99 13 0
99 281 13 0
281 60 13 0
60 47 13 0
47 0 13 0
14 11
0 148 14 0
148 102 14 2
102 58 14 0
58 84 14 0
84 31 14 2
31 280 14 2
280 95 14 0
95 291 14 0
291 48 14 0
48 142 14 2
142 0 14 0
15 14
0 22 15 1
22 258 15 1
258 90 15 1
90 108 15 2
108 260 15 1
260 137 15 2
137 19 15 1
19 107 15 2
107 27 15 2
27 182 15 1
182 278 15 1
278 285 15 1
285 59 15 2
59 0 15 0
16 1
0 0 16 0
17 1
0 0 17 0
18 13
0 247 18 3
247 123 18 3
123 150 18 5
150 181 18 4
181 236 18 4
236 295 18 5
295 116 18 4
116 136 18 5
136 245 18 4
245 222 18 4
222 208 18 4
208 1 18 3
1 0 18 0
19 12
0 247 19 5
247 140 19 3
140 264 19 3
264 203 19 3
203 242 19 3
242 232 19 4
232 120 19 4
120 56 19 5
56 231 19 3
231 114 19 4
114 121 19 4
121 0 19 0
20 17
0 241 20 3
241 20 20 4
20 115 20 3
115 292 20 4
292 256 20 3
256 119 20 4
119 230 20 3
230 258 20 3
258 38 20 4
38 260 20 4
260 220 20 3
220 238 20 3
238 81 20 3
81 201 20 3
201 231 20 4
231 67 20 4
67 0 20 0
21 17
0 241 21 4
241 267 21 5
267 290 21 5
290 3 21 3
3 296 21 3
296 145 21 4
145 23 21 3
23 6 21 4
6 178 21 3
178 167 21 3
167 248 21 4
248 75 21 5
75 235 21 3
235 278 21 5
278 13 21 3
13 285 21 5
285 0 21 0
22 16
0 188 22 3
188 5 22 4
5 149 22 4
149 39 22 3
39 221 22 3
221 185 22 4
185 88 22 5
88 155 22 5
155 8 22 4
8 9 22 3
9 214 22 4
214 294 22 5
294 297 22 4
297 160 22 3
160 200 22 4
200 0 22 0
23 9
0 253 23 3
253 128 23 4
128 65 23 4
65 268 23 3
268 262 23 3
262 76 23 3
76 82 23 4
82 233 23 3
233 0 23 0
24 8
0 101 24 3
101 183 24 3
183 213 24 3
213 293 24 3
293 225 24 3
225 224 24 3
224 205 24 3
205 0 24 0
25 15
0 276 25 5
276 68 25 5
68 230 25 5
230 86 25 5
86 255 25 5
255 252 25 5
252 79 25 5
79 220 25 5
220 238 25 4
238 72 25 4
72 281 25 5
281 212 25 5
212 239 25 4
239 206 25 3
206 0 25 0
26 19
0 45 26 4
45 228 26 3
228 37 26 4
37 240 26 4
240 227 26 3
227 211 26 3
211 246 26 3
246 52 26 5
52 273 26 5
273 69 26 5
69 277 26 4
277 243 26 4
243 269 26 4
269 193 26 3
193 272 26 5
272 10 26 4
10 21 26 5
21 112 26 4
112 0 26 0
27 10
0 257 27 3
257 195 27 3
195 219 27 3
219 216 27 3
216 202 27 3
202 265 27 3
265 229 27 3
229 250 27 3
250 212 27 3
212 0 27 0
28 18
0 287 28 5
287 85 28 4
85 223 28 4
223 127 28 5
127 219 28 4
219 216 28 5
216 202 28 4
202 279 28 4
279 229 28 5
229 250 28 5
250 215 28 4
215 275 28 5
275 92 28 5
92 205 28 4
205 168 28 5
168 239 28 5
239 206 28 5
206 0 28 0
29 13
0 228 29 5
228 240 29 5
240 227 29 5
227 130 29 3
130 221 29 4
221 298 29 4
298 51 29 5
51 282 29 5
282 214 29 5
214 248 29 5
248 235 29 5
235 109 29 5
109 0 29 0
30 12
0 180 30 3
180 211 30 5
211 246 30 5
246 266 30 5
266 236 30 5
236 289 30 3
289 243 30 5
243 199 30 5
199 245 30 3
245 222 30 5
222 208 30 5
208 0 30 0
31 7
0 218 31 3
218 194 31 4
194 73 31 4
73 172 31 5
172 226 31 4
226 237 31 3
237 0 31 0
32 7
0 218 32 4
218 209 32 4
209 244 32 4
244 291 32 4
291 54 32 5
54 233 32 5
233 0 32 0
33 17
0 12 33 5
12 15 33 3
15 192 33 5
192 175 33 5
175 93 33 3
93 131 33 4
131 203 33 4
203 242 33 5
242 232 33 5
232 288 33 5
288 263 33 4
263 74 33 5
74 184 33 5
184 201 33 4
201 210 33 3
210 270 33 3
270 0 33 0
34 13
0 254 34 5
254 134 34 4
134 49 34 5
49 223 34 5
223 259 34 5
259 234 34 3
234 207 34 3
207 135 34 3
135 280 34 3
280 261 34 3
261 210 34 5
210 251 34 4
251 0 34 0
35 10
0 78 35 3
78 271 35 5
271 96 35 3
96 234 35 4
234 207 35 4
207 98 35 4
98 215 35 5
215 299 35 4
299 283 35 5
283 0 35 0
36 9
0 204 36 4
204 100 36 5
100 169 36 5
169 87 36 5
87 46 36 5
46 55 36 5
55 146 36 4
146 226 36 5
226 0 36 0
37 16
0 204 37 5
204 106 37 3
106 189 37 3
189 53 37 3
53 300 37 3
300 213 37 4
213 71 37 4
71 110 37 5
110 117 37 3
117 41 37 5
41 225 37 5
225 224 37 4
224 284 37 4
284 25 37 5
25 286 37 4
286 0 37 0
38 7
0 249 38 3
249 217 38 4
217 97 38 3
97 274 38 5
274 17 38 4
17 237 38 5
237 0 38 0
39 5
0 249 39 5
249 217 39 3
217 209 39 5
209 244 39 5
244 0 39 0
