# Solution for ../instances-HHCRSP/InstanzVNS_HCSRP_300_5.txt
# Cost = 1746.81 Dist = 5230.04 Tard = 7.19595 TMax = 3.20262
# <vehicle> <route length>
# <origin node> <dest node> <vehicle> <service type>
0 14
0 296 0 0
296 99 0 0
99 255 0 0
255 165 0 0
165 17 0 0
17 91 0 1
91 164 0 0
164 146 0 0
146 119 0 1
119 39 0 1
39 300 0 0
300 294 0 0
294 251 0 0
251 0 0 0
1 10
0 71 1 1
71 174 1 1
174 279 1 1
279 161 1 1
161 273 1 1
273 76 1 1
76 102 1 1
102 197 1 1
197 86 1 1
86 0 1 0
2 16
0 260 2 1
260 77 2 1
77 272 2 2
272 46 2 2
46 183 2 2
183 284 2 2
284 162 2 1
162 31 2 1
31 27 2 2
27 69 2 2
69 275 2 1
275 158 2 2
158 4 2 2
4 106 2 1
106 33 2 1
33 0 2 0
3 6
0 195 3 0
195 43 3 0
43 114 3 0
114 41 3 0
41 267 3 0
267 0 3 0
4 6
0 15 4 2
15 167 4 2
167 181 4 2
181 179 4 2
179 193 4 2
193 0 4 0
5 5
0 115 5 0
115 274 5 0
274 104 5 0
104 264 5 0
264 0 5 0
6 6
0 266 6 1
266 81 6 1
81 169 6 1
169 175 6 1
175 90 6 1
90 0 6 0
7 11
0 261 7 0
261 293 7 2
293 292 7 0
292 64 7 2
64 70 7 0
70 295 7 2
295 100 7 2
100 124 7 2
124 282 7 0
282 298 7 0
298 0 7 0
8 11
0 276 8 2
276 182 8 2
182 288 8 2
288 253 8 2
253 265 8 2
265 36 8 2
36 3 8 2
3 277 8 2
277 289 8 2
289 140 8 2
140 0 8 0
9 4
0 135 9 2
135 32 9 2
32 30 9 2
30 0 9 0
10 17
0 269 10 0
269 126 10 0
126 192 10 2
192 188 10 0
188 257 10 2
257 180 10 0
180 23 10 0
23 85 10 0
85 117 10 2
117 278 10 0
278 74 10 0
74 21 10 0
21 56 10 0
56 281 10 0
281 171 10 2
171 137 10 0
137 0 10 0
11 21
0 262 11 0
262 14 11 0
14 256 11 1
256 268 11 1
268 299 11 2
299 9 11 2
9 118 11 1
118 286 11 2
286 291 11 2
291 186 11 1
186 285 11 1
285 87 11 0
87 283 11 1
283 254 11 2
254 178 11 1
178 25 11 1
25 97 11 1
97 263 11 1
263 5 11 0
5 24 11 2
24 0 11 0
12 11
0 154 12 1
154 121 12 1
121 34 12 1
34 144 12 1
144 18 12 1
18 147 12 1
147 35 12 1
35 156 12 1
156 82 12 1
82 40 12 1
40 0 12 0
13 3
0 297 13 1
297 287 13 1
287 0 13 0
14 10
0 93 14 0
93 131 14 0
131 170 14 1
170 51 14 1
51 280 14 0
280 116 14 0
116 88 14 0
88 271 14 0
271 270 14 0
270 0 14 0
15 5
0 259 15 0
259 258 15 2
258 108 15 2
108 145 15 2
145 0 15 0
16 3
0 252 16 2
252 290 16 2
290 0 16 0
17 5
0 84 17 1
84 96 17 1
96 75 17 1
75 13 17 1
13 0 17 0
18 12
0 296 18 4
296 245 18 4
245 272 18 4
272 83 18 4
83 240 18 4
240 237 18 4
237 213 18 4
213 220 18 4
220 48 18 4
48 205 18 4
205 243 18 4
243 0 18 0
19 8
0 235 19 4
235 248 19 5
248 236 19 5
236 244 19 4
244 215 19 4
215 141 19 4
141 252 19 4
252 0 19 0
20 11
0 235 20 3
235 248 20 3
248 210 20 3
210 236 20 3
236 244 20 3
244 215 20 3
215 110 20 5
110 128 20 3
128 267 20 3
267 57 20 5
57 0 20 0
21 19
0 239 21 3
239 6 21 5
6 250 21 3
250 216 21 3
216 200 21 4
200 72 21 4
72 185 21 3
185 127 21 5
127 67 21 3
67 226 21 3
226 68 21 5
68 223 21 4
223 89 21 3
89 61 21 5
61 214 21 3
214 224 21 3
224 150 21 5
150 263 21 5
263 0 21 0
22 18
0 239 22 4
239 250 22 5
250 292 22 3
292 139 22 3
139 22 22 5
22 206 22 3
206 240 22 5
240 237 22 5
237 230 22 3
230 249 22 3
249 134 22 3
134 213 22 5
213 220 22 5
220 204 22 3
204 289 22 4
289 232 22 3
232 173 22 3
173 0 22 0
23 19
0 166 23 3
166 59 23 3
59 217 23 3
217 212 23 4
212 10 23 3
10 2 23 4
2 66 23 3
66 291 23 4
291 155 23 3
155 285 23 3
285 300 23 3
300 123 23 4
123 92 23 3
92 251 23 5
251 242 23 3
242 221 23 3
221 107 23 5
107 189 23 5
189 0 23 0
24 17
0 160 24 5
160 49 24 5
49 245 24 5
245 11 24 5
11 153 24 4
153 255 24 5
255 216 24 5
216 142 24 5
142 284 24 4
284 177 24 5
177 53 24 4
53 223 24 5
223 214 24 4
214 224 24 4
224 205 24 3
205 243 24 3
243 0 24 0
25 12
0 38 25 3
38 261 25 3
261 219 25 3
219 133 25 3
133 52 25 5
52 206 25 4
206 227 25 4
227 62 25 3
62 280 25 4
280 271 25 5
271 270 25 4
270 0 25 0
26 17
0 218 26 3
218 60 26 5
60 260 26 4
260 217 26 5
217 212 26 5
212 63 26 3
63 286 26 5
286 130 26 4
130 230 26 4
230 249 26 5
249 225 26 3
225 208 26 3
208 105 26 4
105 148 26 4
148 234 26 3
234 176 26 5
176 0 26 0
27 12
0 218 27 5
218 219 27 4
219 199 27 4
199 55 27 5
55 120 27 4
120 295 27 4
295 109 27 4
109 19 27 5
19 228 27 4
228 265 27 4
265 281 27 3
281 0 27 0
28 12
0 196 28 3
196 293 28 5
293 229 28 3
229 209 28 5
209 222 28 3
222 279 28 5
279 274 28 5
274 1 28 5
1 264 28 5
264 234 28 5
234 136 28 5
136 0 28 0
29 13
0 98 29 3
98 229 29 5
229 209 29 4
209 28 29 3
28 12 29 3
12 94 29 3
94 194 29 4
194 253 29 3
253 278 29 5
278 273 29 5
273 187 29 3
187 201 29 3
201 0 29 0
30 5
0 8 30 5
8 247 30 5
247 79 30 3
79 290 30 5
290 0 30 0
31 12
0 269 31 4
269 54 31 5
54 222 31 5
222 257 31 4
257 198 31 5
198 151 31 3
151 29 31 3
29 227 31 5
227 277 31 3
277 204 31 5
204 37 31 4
37 0 31 0
32 9
0 58 32 4
58 266 32 4
266 259 32 5
259 202 32 4
202 207 32 5
207 101 32 5
101 258 32 4
258 231 32 4
231 0 32 0
33 19
0 262 33 3
262 163 33 3
163 122 33 4
122 256 33 5
256 184 33 3
184 172 33 3
172 233 33 4
233 80 33 5
80 241 33 3
241 168 33 3
168 226 33 5
226 47 33 4
47 294 33 5
294 275 33 4
275 26 33 4
26 242 33 5
242 221 33 4
221 159 33 4
159 0 33 0
34 15
0 138 34 5
138 210 34 5
210 297 34 3
297 50 34 3
50 65 34 4
65 228 34 5
228 129 34 3
129 238 34 4
238 287 34 5
287 282 34 5
282 211 34 3
211 203 34 3
203 44 34 3
44 73 34 4
73 0 34 0
35 21
0 16 35 4
16 42 35 5
42 45 35 3
45 78 35 4
78 268 35 3
268 299 35 5
299 233 35 5
233 241 35 5
241 103 35 4
103 125 35 4
125 157 35 5
157 283 35 3
283 7 35 4
7 149 35 4
149 254 35 3
254 113 35 3
113 112 35 5
112 225 35 4
225 208 35 4
208 232 35 4
232 0 35 0
36 5
0 143 36 3
143 202 36 3
202 207 36 3
207 231 36 3
231 0 36 0
37 11
0 276 37 4
276 111 37 4
111 288 37 3
288 152 37 5
152 132 37 4
132 191 37 3
191 238 37 5
238 211 37 5
211 203 37 5
203 298 37 3
298 0 37 0
38 7
0 20 38 3
20 246 38 4
246 190 38 4
190 247 38 4
247 95 38 4
95 201 38 5
201 0 38 0
39 2
0 246 39 5
246 0 39 0
