# Solution for ../instances-HHCRSP/InstanzVNS_HCSRP_300_5.txt
# Cost = 1733.18 Dist = 5133.78 Tard = 53.6433 TMax = 12.1248
# <vehicle> <route length>
# <origin node> <dest node> <vehicle> <service type>
0 17
0 260 0 1
260 262 0 0
262 296 0 0
296 99 0 0
99 255 0 0
255 165 0 0
165 17 0 0
17 164 0 0
164 31 0 1
31 146 0 0
146 119 0 1
119 162 0 1
162 97 0 1
97 25 0 1
25 263 0 1
263 5 0 0
5 0 0 0
1 4
0 266 1 1
266 81 1 1
81 90 1 1
90 0 1 0
2 13
0 154 2 1
154 9 2 2
9 299 2 2
299 46 2 2
46 91 2 1
91 291 2 2
291 39 2 1
39 283 2 1
283 254 2 2
254 178 2 1
178 106 2 1
106 33 2 1
33 0 2 0
3 6
0 259 3 0
259 267 3 0
267 114 3 0
114 43 3 0
43 41 3 0
41 0 3 0
4 10
0 276 4 2
276 182 4 2
182 288 4 2
288 293 4 2
293 253 4 2
253 3 4 2
3 277 4 2
277 289 4 2
289 140 4 2
140 0 4 0
5 7
0 261 5 0
261 292 5 0
292 23 5 0
23 85 5 0
85 104 5 0
104 264 5 0
264 0 5 0
6 11
0 256 6 1
256 268 6 1
268 77 6 1
77 51 6 1
51 170 6 1
170 86 6 1
86 197 6 1
197 102 6 1
102 76 6 1
76 273 6 1
273 0 6 0
7 13
0 269 7 0
269 126 7 0
126 192 7 2
192 257 7 2
257 180 7 0
180 188 7 0
188 117 7 2
117 278 7 0
278 74 7 0
74 274 7 0
274 145 7 2
145 108 7 2
108 0 7 0
8 6
0 15 8 2
15 167 8 2
167 181 8 2
181 179 8 2
179 258 8 2
258 0 8 0
9 4
0 135 9 2
135 32 9 2
32 30 9 2
30 0 9 0
10 13
0 93 10 0
93 131 10 0
131 272 10 2
272 183 10 2
183 284 10 2
284 64 10 2
64 88 10 0
88 280 10 0
280 116 10 0
116 271 10 0
271 270 10 0
270 24 10 2
24 0 10 0
11 16
0 14 11 0
14 118 11 1
118 286 11 2
286 144 11 1
144 87 11 0
87 285 11 1
285 186 11 1
186 300 11 0
300 69 11 2
69 294 11 0
294 27 11 2
27 251 11 0
251 275 11 1
275 158 11 2
158 4 11 2
4 0 11 0
12 13
0 71 12 1
71 174 12 1
174 279 12 1
279 161 12 1
161 121 12 1
121 34 12 1
34 147 12 1
147 18 12 1
18 35 12 1
35 156 12 1
156 82 12 1
82 40 12 1
40 0 12 0
13 6
0 169 13 1
169 84 13 1
84 96 13 1
96 75 13 1
75 13 13 1
13 0 13 0
14 6
0 195 14 0
195 297 14 1
297 287 14 1
287 282 14 0
282 298 14 0
298 0 14 0
15 14
0 115 15 0
115 21 15 0
21 295 15 2
295 70 15 0
70 124 15 2
124 100 15 2
100 265 15 2
265 36 15 2
36 56 15 0
56 171 15 2
171 281 15 0
281 137 15 0
137 290 15 2
290 0 15 0
16 3
0 252 16 2
252 193 16 2
193 0 16 0
17 2
0 175 17 1
175 0 17 0
18 11
0 260 18 4
260 130 18 4
130 233 18 4
233 237 18 4
237 83 18 4
83 240 18 4
240 213 18 4
213 220 18 4
220 280 18 4
280 243 18 4
243 0 18 0
19 6
0 266 19 4
266 259 19 5
259 231 19 4
231 258 19 4
258 57 19 5
57 0 19 0
20 22
0 245 20 4
245 153 20 4
153 296 20 4
296 11 20 5
11 255 20 5
255 216 20 3
216 200 20 4
200 72 20 4
72 185 20 3
185 127 20 5
127 67 20 3
67 226 20 3
226 249 20 3
249 230 20 3
230 112 20 5
112 254 20 3
254 7 20 4
7 113 20 3
113 242 20 3
242 159 20 4
159 221 20 3
221 0 20 0
21 22
0 245 21 5
245 122 21 4
122 184 21 3
184 256 21 5
256 66 21 3
66 10 21 3
10 2 21 4
2 155 21 3
155 291 21 4
291 241 21 3
241 168 21 3
168 226 21 5
226 68 21 5
68 223 21 4
223 61 21 5
61 89 21 3
89 214 21 3
214 224 21 3
224 205 21 3
205 263 21 5
263 150 21 5
150 0 21 0
22 23
0 239 22 3
239 261 22 3
261 292 22 3
292 262 22 3
262 78 22 4
78 299 22 5
299 268 22 3
268 233 22 5
233 217 22 3
217 125 22 4
125 63 22 3
63 212 22 4
212 157 22 5
157 283 22 3
283 103 22 4
103 249 22 5
249 230 22 4
230 225 22 3
225 208 22 3
208 264 22 5
264 234 22 3
234 136 22 5
136 0 22 0
23 22
0 239 23 4
239 160 23 5
160 16 23 4
16 42 23 5
42 60 23 5
60 45 23 3
45 22 23 5
22 172 23 3
172 272 23 4
272 216 23 5
216 142 23 5
142 284 23 4
284 177 23 5
177 48 23 4
48 53 23 4
53 223 23 5
223 214 23 4
214 224 23 4
224 205 23 4
205 189 23 5
189 107 23 5
107 0 23 0
24 13
0 98 24 3
98 28 24 3
28 222 24 3
222 54 24 5
54 166 24 3
166 279 24 5
279 12 24 3
12 278 24 5
278 274 24 5
274 95 24 4
95 201 24 3
201 281 24 3
281 0 24 0
25 21
0 248 25 3
248 152 25 5
152 50 25 3
50 109 25 4
109 55 25 5
55 120 25 4
120 295 25 4
295 19 25 5
19 228 25 4
228 65 25 4
65 191 25 3
191 287 25 5
287 203 25 3
203 211 25 3
211 132 25 4
132 238 25 4
238 282 25 5
282 298 25 3
298 73 25 4
73 44 25 3
44 0 25 0
26 18
0 248 26 5
248 38 26 3
38 199 26 4
199 219 26 3
219 49 26 5
49 139 26 3
139 52 26 5
52 250 26 3
250 206 26 3
206 237 26 5
237 227 26 4
227 277 26 3
277 204 26 3
204 225 26 4
225 232 26 3
232 148 26 4
148 234 26 5
234 0 26 0
27 11
0 276 27 4
276 111 27 4
111 288 27 3
288 244 27 3
244 215 27 3
215 141 27 4
141 128 27 3
128 267 27 3
267 252 27 4
252 290 27 5
290 0 27 0
28 6
0 143 28 3
143 202 28 3
202 1 28 5
1 207 28 3
207 231 28 3
231 0 28 0
29 9
0 269 29 4
269 222 29 5
222 209 29 4
209 105 29 4
105 208 29 4
208 232 29 4
232 173 29 3
173 176 29 5
176 0 29 0
30 9
0 235 30 3
235 138 30 5
138 236 30 3
236 210 30 3
210 297 30 3
297 203 30 5
203 211 30 5
211 238 30 5
238 0 30 0
31 14
0 219 31 4
219 6 31 5
6 133 31 3
133 250 31 5
250 206 31 4
206 62 31 3
62 240 31 5
240 213 31 5
213 134 31 3
134 220 31 5
220 243 31 3
243 271 31 5
271 270 31 4
270 0 31 0
32 7
0 235 32 4
235 236 32 5
236 210 32 5
210 244 32 4
244 215 32 4
215 110 32 5
110 0 32 0
33 22
0 218 33 3
218 229 33 3
229 59 33 3
59 163 33 3
163 80 33 5
80 217 33 5
217 286 33 5
286 149 33 4
149 212 33 5
212 241 33 5
241 47 33 4
47 285 33 3
285 300 33 3
300 123 33 4
123 294 33 5
294 92 33 3
92 251 33 5
251 26 33 4
26 275 33 4
275 242 33 5
242 221 33 4
221 0 33 0
34 12
0 218 34 5
218 229 34 5
229 209 34 5
209 257 34 4
257 198 34 5
198 151 34 3
151 29 34 3
29 227 34 5
227 204 34 5
204 37 34 4
37 289 34 4
289 0 34 0
35 5
0 58 35 4
58 202 35 4
202 207 35 5
207 101 35 5
101 0 35 0
36 1
0 0 36 0
37 12
0 8 37 5
8 196 37 3
196 293 37 5
293 253 37 3
253 94 37 3
94 194 37 4
194 228 37 5
228 129 37 3
129 265 37 4
265 187 37 3
187 273 37 5
273 0 37 0
38 5
0 246 38 4
246 20 38 3
20 247 38 4
247 190 38 4
190 0 38 0
39 5
0 246 39 5
246 247 39 5
247 79 39 3
79 201 39 5
201 0 39 0
