# Solution for ../instances-HHCRSP/InstanzVNS_HCSRP_300_8.txt
# Cost = 1627.78 Dist = 4870.54 Tard = 10.4346 TMax = 2.35756
# <vehicle> <route length>
# <origin node> <dest node> <vehicle> <service type>
0 11
0 299 0 1
299 42 0 0
42 22 0 1
22 107 0 1
107 274 0 1
274 262 0 1
262 119 0 0
119 149 0 0
149 300 0 1
300 174 0 0
174 0 0 0
1 18
0 284 1 0
284 126 1 1
126 117 1 2
117 188 1 0
188 145 1 0
145 135 1 0
135 275 1 2
275 4 1 1
4 58 1 2
58 277 1 2
277 76 1 0
76 269 1 0
269 93 1 2
93 263 1 0
263 71 1 1
71 103 1 2
103 158 1 0
158 0 1 0
2 9
0 271 2 0
271 17 2 0
17 21 2 0
21 139 2 0
139 78 2 0
78 270 2 0
270 258 2 2
258 129 2 0
129 0 2 0
3 9
0 60 3 2
60 278 3 2
278 104 3 2
104 186 3 2
186 298 3 2
298 187 3 2
187 13 3 2
13 105 3 2
105 0 3 0
4 11
0 197 4 1
197 68 4 2
68 57 4 1
57 282 4 2
282 279 4 2
279 32 4 1
32 252 4 1
252 276 4 1
276 77 4 2
77 255 4 1
255 0 4 0
5 15
0 195 5 1
195 185 5 1
185 285 5 2
285 254 5 1
254 266 5 2
266 288 5 2
288 290 5 1
290 196 5 2
196 259 5 1
259 127 5 2
127 273 5 1
273 27 5 1
27 18 5 1
18 150 5 2
150 0 5 0
6 11
0 281 6 0
281 65 6 0
65 125 6 0
125 40 6 0
40 134 6 0
134 130 6 0
130 95 6 0
95 55 6 0
55 98 6 0
98 81 6 0
81 0 6 0
7 4
0 56 7 2
56 256 7 2
256 287 7 2
287 0 7 0
8 16
0 286 8 1
286 45 8 2
45 168 8 1
168 33 8 1
33 53 8 1
53 132 8 0
132 75 8 1
75 294 8 2
294 164 8 2
164 120 8 0
120 280 8 0
280 48 8 1
48 51 8 0
51 72 8 0
72 46 8 2
46 0 8 0
9 15
0 179 9 2
179 92 9 1
92 102 9 2
102 23 9 2
23 36 9 1
36 159 9 2
159 6 9 2
6 12 9 2
12 115 9 1
115 172 9 1
172 295 9 1
295 283 9 2
283 113 9 2
113 257 9 1
257 0 9 0
10 8
0 268 10 0
268 74 10 0
74 297 10 0
297 94 10 0
94 90 10 0
90 173 10 0
173 109 10 0
109 0 10 0
11 7
0 293 11 2
293 272 11 2
272 91 11 2
91 192 11 2
192 253 11 2
253 264 11 2
264 0 11 0
12 3
0 170 12 2
170 289 12 2
289 0 12 0
13 16
0 10 13 0
10 112 13 0
112 161 13 1
161 151 13 2
151 178 13 1
178 291 13 0
291 62 13 0
62 166 13 1
166 44 13 1
44 267 13 1
267 167 13 2
167 296 13 2
296 73 13 0
73 181 13 1
181 265 13 1
265 0 13 0
14 7
0 87 14 1
87 261 14 1
261 11 14 0
11 100 14 0
100 138 14 1
138 251 14 0
251 0 14 0
15 7
0 292 15 0
292 156 15 1
156 16 15 0
16 5 15 0
5 131 15 1
131 160 15 0
160 0 15 0
16 4
0 110 16 1
110 54 16 1
54 66 16 1
66 0 16 0
17 2
0 260 17 2
260 0 17 0
18 11
0 299 18 5
299 271 18 5
271 84 18 4
84 208 18 3
208 9 18 5
9 85 18 3
85 224 18 4
224 287 18 3
287 226 18 3
226 169 18 4
169 0 18 0
19 17
0 222 19 3
222 284 19 5
284 59 19 3
59 233 19 4
233 143 19 3
143 182 19 5
182 177 19 3
177 223 19 4
223 133 19 4
133 67 19 5
67 2 19 4
2 142 19 4
142 283 19 3
283 214 19 4
214 29 19 3
29 206 19 4
206 0 19 0
20 22
0 222 20 4
222 61 20 4
61 25 20 5
25 204 20 3
204 137 20 4
137 193 20 3
193 24 20 4
24 34 20 5
34 294 20 3
294 83 20 3
83 225 20 3
225 89 20 4
89 180 20 4
180 234 20 3
234 228 20 4
228 238 20 3
238 69 20 3
69 280 20 4
280 246 20 3
246 35 20 4
35 153 20 5
153 0 20 0
21 17
0 49 21 5
49 121 21 3
121 281 21 4
281 230 21 4
230 7 21 3
7 97 21 4
97 82 21 4
82 205 21 5
205 217 21 5
217 254 21 4
254 266 21 5
266 288 21 5
288 290 21 4
290 300 21 4
300 39 21 4
39 246 21 4
246 0 21 0
22 18
0 200 22 3
200 230 22 5
230 184 22 5
184 232 22 3
232 237 22 3
237 64 22 3
64 201 22 3
201 212 22 3
212 202 22 4
202 215 22 4
215 31 22 5
31 242 22 4
242 38 22 4
38 263 22 3
263 176 22 5
176 210 22 3
210 255 22 5
255 0 22 0
23 8
0 209 23 4
209 26 23 3
26 116 23 5
116 14 23 5
14 20 23 3
20 147 23 4
147 226 23 5
226 0 23 0
24 13
0 240 24 4
240 278 24 4
278 248 24 3
248 235 24 3
235 218 24 3
218 219 24 4
219 262 24 3
262 220 24 4
220 227 24 3
227 3 24 4
3 213 24 4
213 79 24 3
79 0 24 0
25 12
0 209 25 5
209 63 25 5
63 183 25 4
183 19 25 3
19 190 25 3
190 253 25 5
253 144 25 5
144 224 25 5
224 154 25 5
154 101 25 4
101 264 25 3
264 0 25 0
26 14
0 199 26 5
199 286 26 3
286 211 26 3
211 204 26 4
204 291 26 5
291 114 26 5
114 37 26 5
37 277 26 3
277 242 26 5
242 269 26 4
269 252 26 3
252 203 26 3
203 257 26 4
257 0 26 0
27 17
0 108 27 3
108 43 27 4
43 231 27 3
231 207 27 3
207 250 27 3
250 194 27 4
194 1 27 4
1 216 27 3
216 285 27 4
285 205 27 3
205 217 27 4
217 298 27 3
298 267 27 3
267 296 27 3
296 265 27 3
265 229 27 3
229 0 27 0
28 11
0 240 28 5
240 233 28 5
233 268 28 5
268 155 28 3
155 297 28 3
297 282 28 5
282 279 28 5
279 223 28 3
223 28 28 3
28 203 28 5
203 0 28 0
29 12
0 211 29 5
211 232 29 4
232 237 29 4
237 47 29 4
47 118 29 5
118 225 29 5
225 234 29 5
234 228 29 5
228 238 29 4
238 152 29 4
152 229 29 4
229 0 29 0
30 11
0 249 30 3
249 247 30 3
247 245 30 3
245 239 30 3
239 295 30 3
295 30 30 5
30 175 30 5
175 214 30 5
214 146 30 3
146 206 30 3
206 0 30 0
31 15
0 249 31 4
249 231 31 4
231 207 31 5
207 250 31 4
250 70 31 5
70 128 31 4
128 201 31 5
201 212 31 4
212 202 31 5
202 122 31 5
122 165 31 5
165 273 31 4
273 80 31 5
80 210 31 4
210 0 31 0
32 8
0 248 32 4
248 235 32 4
235 218 32 4
218 140 32 5
140 162 32 3
162 191 32 3
191 41 32 5
41 0 32 0
33 11
0 247 33 5
247 245 33 5
245 50 33 4
50 86 33 4
86 136 33 3
136 106 33 4
106 239 33 5
239 141 33 4
141 270 33 4
270 258 33 4
258 0 33 0
34 3
0 241 34 4
241 198 34 4
198 0 34 0
35 9
0 163 35 5
163 241 35 5
241 292 35 5
292 124 35 3
124 260 35 5
260 96 35 5
96 289 35 3
289 243 35 3
243 0 35 0
36 15
0 189 36 3
189 8 36 5
8 216 36 4
216 171 36 5
171 274 36 5
274 219 36 5
219 220 36 5
220 227 36 4
227 99 36 5
99 259 36 5
259 111 36 5
111 213 36 5
213 157 36 5
157 88 36 5
88 0 36 0
37 11
0 293 37 4
293 261 37 4
261 272 37 5
272 236 37 4
236 244 37 5
244 275 37 5
275 215 37 5
215 276 37 5
276 123 37 4
123 243 37 5
243 0 37 0
38 9
0 236 38 5
236 244 38 3
244 15 38 4
15 221 38 3
221 148 38 4
148 208 38 5
208 251 38 4
251 52 38 4
52 0 38 0
39 3
0 221 39 5
221 256 39 5
256 0 39 0
