# Solution for ../instances-HHCRSP/InstanzVNS_HCSRP_200_8.txt
# Cost = 1147.04 Dist = 3422.02 Tard = 13.4886 TMax = 5.60147
# <vehicle> <route length>
# <origin node> <dest node> <vehicle> <service type>
0 19
0 195 0 0
195 125 0 0
125 184 0 1
184 193 0 0
193 40 0 0
40 194 0 1
194 22 0 1
22 185 0 0
185 132 0 0
132 119 0 0
119 171 0 0
171 107 0 1
107 62 0 0
62 174 0 1
174 51 0 0
51 48 0 1
48 98 0 0
98 73 0 0
73 0 0 0
1 8
0 179 1 0
179 197 1 0
197 139 1 0
139 94 1 0
94 192 1 0
192 74 1 0
74 129 1 0
129 0 1 0
2 15
0 10 2 0
10 104 2 2
104 188 2 0
188 178 2 0
178 182 2 0
182 58 2 2
58 100 2 0
100 198 2 0
198 77 2 2
77 5 2 0
5 16 2 0
16 81 2 0
81 181 2 2
181 191 2 0
191 0 2 0
3 13
0 91 3 2
91 57 3 1
57 102 3 2
102 92 3 1
92 23 3 2
23 68 3 2
68 183 3 2
183 172 3 2
172 6 3 2
6 56 3 2
56 12 3 2
12 113 3 2
113 0 3 0
4 7
0 87 4 1
87 126 4 1
126 110 4 1
110 175 4 1
175 115 4 1
115 138 4 1
138 0 4 0
5 12
0 199 5 1
199 189 5 1
189 33 5 1
33 75 5 1
75 200 5 1
200 53 5 1
53 44 5 1
44 180 5 1
180 27 5 1
27 18 5 1
18 71 5 1
71 0 5 0
6 22
0 112 6 0
112 42 6 0
42 134 6 0
134 45 6 2
45 65 6 0
65 117 6 2
117 130 6 0
130 55 6 0
55 186 6 0
186 95 6 0
95 135 6 0
135 76 6 0
76 196 6 2
196 13 6 2
13 187 6 0
187 105 6 2
105 120 6 0
120 72 6 0
72 46 6 2
46 127 6 2
127 103 6 2
103 0 6 0
7 4
0 60 7 2
60 177 7 2
177 93 7 2
93 0 7 0
8 10
0 11 8 0
11 17 8 0
17 21 8 0
21 190 8 1
190 78 8 0
78 36 8 1
36 90 8 0
90 173 8 0
173 109 8 0
109 0 8 0
9 7
0 54 9 1
54 66 9 1
66 131 9 1
131 4 9 1
4 176 9 1
176 32 9 1
32 0 9 0
10 10
0 151 10 4
151 61 10 4
61 170 10 4
170 178 10 4
178 182 10 4
182 156 10 4
156 140 10 5
140 162 10 5
162 31 10 5
31 0 10 0
11 15
0 121 11 3
121 195 11 4
195 184 11 5
184 193 11 4
193 47 11 4
47 164 11 3
164 118 11 5
118 24 11 4
24 171 11 4
171 153 11 4
153 152 11 3
152 165 11 3
165 158 11 3
158 191 11 5
191 0 11 0
12 11
0 151 12 5
151 170 12 5
170 38 12 4
38 124 12 3
124 15 12 4
15 148 12 4
148 144 12 4
144 2 12 4
2 142 12 3
142 147 12 3
147 0 12 0
13 9
0 155 13 4
155 50 13 4
50 86 13 4
86 159 13 3
159 20 13 3
20 141 13 3
141 169 13 3
169 85 13 3
85 0 13 0
14 7
0 155 14 5
155 84 14 4
84 159 14 4
159 183 14 4
183 175 14 5
175 101 14 4
101 0 14 0
15 12
0 70 15 5
70 194 15 5
194 114 15 5
114 122 15 5
122 166 15 5
166 196 15 4
196 167 15 4
167 157 15 5
157 3 15 4
3 88 15 5
88 80 15 5
80 0 15 0
16 17
0 179 16 3
179 197 16 3
197 136 16 3
136 106 16 4
106 14 16 5
14 116 16 5
116 26 16 3
26 63 16 5
63 19 16 3
19 190 16 5
190 30 16 5
30 29 16 3
29 146 16 5
146 154 16 5
154 9 16 5
9 142 16 5
142 0 16 0
17 14
0 168 17 3
168 7 17 3
7 1 17 4
1 145 17 3
145 97 17 4
97 186 17 3
186 128 17 4
128 111 17 5
111 153 17 5
153 152 17 4
152 165 17 4
165 158 17 5
158 150 17 4
150 0 17 0
18 11
0 168 18 5
168 189 18 3
189 8 18 5
8 83 18 3
83 164 18 5
164 89 18 4
89 174 18 5
174 39 18 4
39 35 18 4
35 79 18 3
79 0 18 0
19 12
0 188 19 3
188 64 19 3
64 185 19 5
185 149 19 4
149 34 19 5
34 166 19 3
166 167 19 3
167 69 19 3
69 157 19 3
157 181 19 4
181 150 19 5
150 0 19 0
20 10
0 163 20 5
163 161 20 5
161 143 20 5
143 145 20 5
145 37 20 5
37 156 20 5
156 162 20 3
162 176 20 5
176 28 20 3
28 0 20 0
21 12
0 163 21 4
163 161 21 3
161 43 21 4
43 143 21 4
143 133 21 4
133 198 21 3
198 173 21 4
173 52 21 4
52 146 21 3
146 154 21 4
154 147 21 4
147 0 21 0
22 12
0 108 22 3
108 199 22 4
199 49 22 5
49 137 22 4
137 25 22 5
25 82 22 4
82 200 22 3
200 149 22 5
149 187 22 4
187 180 22 4
180 99 22 5
99 0 22 0
23 8
0 59 23 3
59 192 23 5
192 172 23 3
172 148 23 5
148 144 23 3
144 141 23 5
141 169 23 5
169 0 23 0
24 5
0 177 24 5
177 41 24 5
41 96 24 5
96 160 24 5
160 0 24 0
25 3
0 123 25 4
123 160 25 4
160 0 25 0
26 2
0 67 26 5
67 0 26 0
27 1
0 0 27 0
28 1
0 0 28 0
29 1
0 0 29 0
