# Solution for ../instances-HHCRSP/InstanzCPLEX_HCSRP_75_1.txt
# Cost = 1209.43 Dist = 2326.07 Tard = 1051.57 TMax = 250.652
# <vehicle> <route length>
# <origin node> <dest node> <vehicle> <service type>
0 15
0 33 0 0
33 47 0 0
47 19 0 0
19 73 0 0
73 18 0 0
18 67 0 0
67 38 0 0
38 74 0 0
74 46 0 0
46 72 0 0
72 64 0 0
64 15 0 0
15 48 0 0
48 75 0 0
75 0 0 0
1 5
0 42 1 2
42 5 1 2
5 22 1 2
22 40 1 2
40 0 1 0
2 11
0 31 2 1
31 70 2 1
70 43 2 1
43 12 2 1
12 68 2 2
68 41 2 1
41 66 2 1
66 25 2 2
25 7 2 2
7 21 2 2
21 0 2 0
3 2
0 13 3 1
13 0 3 0
4 8
0 17 4 2
17 65 4 2
65 3 4 1
3 71 4 2
71 69 4 2
69 11 4 1
11 30 4 2
30 0 4 0
5 10
0 14 5 3
14 45 5 3
45 20 5 5
20 54 5 3
54 63 5 5
63 71 5 3
71 69 5 5
69 29 5 3
29 75 5 3
75 0 5 0
6 13
0 56 6 3
56 49 6 4
49 37 6 3
37 54 6 4
54 6 6 4
6 63 6 3
63 66 6 3
66 44 6 3
44 57 6 3
57 72 6 4
72 55 6 4
55 58 6 3
58 0 6 0
7 11
0 56 7 4
56 27 7 4
27 65 7 5
65 23 7 4
23 62 7 3
62 60 7 3
60 39 7 3
39 16 7 4
16 53 7 3
53 36 7 3
36 0 7 0
8 5
0 70 8 4
70 52 8 3
52 67 8 3
67 32 8 4
32 0 8 0
9 6
0 50 9 5
50 24 9 5
24 62 9 5
62 60 9 4
60 53 9 5
53 0 9 0
10 2
0 73 10 4
73 0 10 0
11 6
0 10 11 4
10 34 11 4
34 59 11 4
59 1 11 3
1 64 11 5
64 0 11 0
12 8
0 61 12 3
61 26 12 5
26 68 12 4
68 2 12 4
2 35 12 5
35 59 12 5
59 28 12 5
28 0 12 0
13 2
0 61 13 5
61 0 13 0
14 9
0 8 14 4
8 9 14 4
9 51 14 4
51 74 14 3
74 4 14 3
4 57 14 4
57 55 14 5
55 58 14 4
58 0 14 0
