# Solution for ../instances-HHCRSP/InstanzCPLEX_HCSRP_75_3.txt
# Cost = 635.674 Dist = 1835 Tard = 48.4875 TMax = 23.5393
# <vehicle> <route length>
# <origin node> <dest node> <vehicle> <service type>
0 15
0 35 0 2
35 9 0 1
9 33 0 0
33 50 0 2
50 74 0 2
74 40 0 1
40 47 0 2
47 45 0 2
45 17 0 0
17 67 0 0
67 43 0 2
43 66 0 2
66 5 0 0
5 31 0 2
31 0 0 0
1 4
0 10 1 1
10 75 1 1
75 38 1 0
38 0 1 0
2 10
0 23 2 1
23 1 2 2
1 2 2 2
2 29 2 2
29 69 2 2
69 68 2 2
68 65 2 2
65 73 2 2
73 72 2 2
72 0 2 0
3 7
0 70 3 0
70 71 3 0
71 6 3 0
6 22 3 0
22 34 3 0
34 3 3 0
3 0 3 0
4 7
0 20 4 1
20 26 4 1
26 4 4 1
4 41 4 1
41 64 4 1
64 21 4 1
21 0 4 0
5 16
0 7 5 3
7 44 5 4
44 55 5 3
55 74 5 5
74 59 5 3
59 32 5 5
32 8 5 4
8 12 5 4
12 52 5 3
52 51 5 3
51 57 5 4
57 60 5 3
60 66 5 4
66 11 5 3
11 54 5 3
54 0 5 0
6 8
0 55 6 4
55 71 6 4
71 59 6 4
59 67 6 4
67 57 6 5
57 60 6 4
60 54 6 4
54 0 6 0
7 9
0 15 7 3
15 27 7 5
27 28 7 5
28 75 7 4
75 53 7 3
53 48 7 5
48 30 7 5
30 37 7 3
37 0 7 0
8 7
0 63 8 3
63 62 8 4
62 18 8 3
18 19 8 4
19 56 8 4
56 25 8 4
25 0 8 0
9 4
0 63 9 4
63 58 9 3
58 68 9 4
68 0 9 0
10 10
0 49 10 4
49 61 10 4
61 42 10 5
42 24 10 5
24 16 10 4
16 69 10 5
69 46 10 4
46 53 10 4
53 73 10 5
73 0 10 0
11 6
0 70 11 5
70 62 11 5
62 36 11 3
36 14 11 4
14 56 11 5
56 0 11 0
12 4
0 61 12 5
61 39 12 3
39 65 12 5
65 0 12 0
13 1
0 0 13 0
14 5
0 58 14 4
58 13 14 5
13 64 14 5
64 72 14 4
72 0 14 0
