# Solution for ../instances-HHCRSP/InstanzVNS_HCSRP_200_7.txt
# Cost = 1163.69 Dist = 3481.66 Tard = 7.24874 TMax = 2.18034
# <vehicle> <route length>
# <origin node> <dest node> <vehicle> <service type>
0 11
0 75 0 2
75 189 0 2
189 172 0 0
172 42 0 2
42 108 0 0
108 196 0 2
196 174 0 0
174 182 0 0
182 57 0 0
57 179 0 0
179 0 0 0
1 13
0 124 1 1
124 18 1 0
18 100 1 1
100 45 1 1
45 97 1 0
97 129 1 1
129 198 1 1
198 93 1 1
93 171 1 0
171 33 1 1
33 199 1 1
199 76 1 0
76 0 1 0
2 7
0 82 2 0
82 53 2 0
53 200 2 0
200 181 2 2
181 9 2 0
9 184 2 2
184 0 2 0
3 6
0 131 3 2
131 188 3 2
188 176 3 2
176 187 3 2
187 130 3 2
130 0 3 0
4 15
0 178 4 1
178 65 4 2
65 24 4 1
24 105 4 1
105 90 4 2
90 40 4 2
40 194 4 2
194 14 4 1
14 80 4 2
80 78 4 1
78 68 4 1
68 46 4 1
46 177 4 1
177 85 4 1
85 0 4 0
5 9
0 113 5 1
113 99 5 1
99 191 5 2
191 195 5 1
195 22 5 2
22 54 5 2
54 36 5 2
36 173 5 1
173 0 5 0
6 10
0 11 6 0
11 38 6 0
38 193 6 0
193 101 6 0
101 140 6 0
140 197 6 0
197 186 6 0
186 63 6 0
63 13 6 0
13 0 6 0
7 10
0 114 7 0
114 64 7 1
64 2 7 2
2 51 7 0
51 77 7 0
77 79 7 1
79 115 7 2
115 26 7 2
26 134 7 2
134 0 7 0
8 13
0 72 8 0
72 192 8 0
192 183 8 1
183 50 8 0
50 10 8 0
10 102 8 0
102 59 8 0
59 175 8 0
175 39 8 0
39 106 8 1
106 15 8 1
15 12 8 0
12 0 8 0
9 10
0 136 9 2
136 25 9 2
25 185 9 0
185 180 9 2
180 127 9 0
127 67 9 2
67 86 9 2
86 29 9 0
29 190 9 2
190 0 9 0
10 16
0 143 10 3
143 189 10 4
189 172 10 3
172 31 10 3
31 116 10 5
116 166 10 3
166 147 10 4
147 148 10 3
148 52 10 3
52 91 10 4
91 149 10 4
149 155 10 3
155 174 10 4
174 71 10 4
71 7 10 4
7 0 10 0
11 10
0 165 11 3
165 139 11 5
139 170 11 5
170 98 11 3
98 89 11 5
89 176 11 3
176 146 11 3
146 187 11 5
187 173 11 3
173 0 11 0
12 13
0 141 12 5
141 157 12 3
157 23 12 3
23 73 12 3
73 121 12 3
121 162 12 3
162 195 12 3
195 142 12 3
142 164 12 5
164 161 12 3
161 169 12 3
169 184 12 3
184 0 12 0
13 15
0 143 13 4
143 118 13 4
118 145 13 3
145 41 13 5
41 166 13 4
166 147 13 5
147 148 13 5
148 126 13 3
126 55 13 4
55 96 13 5
96 117 13 5
117 111 13 4
111 16 13 4
16 107 13 5
107 0 13 0
14 13
0 165 14 4
165 170 14 4
170 191 14 5
191 162 14 5
162 142 14 4
142 164 14 4
164 6 14 4
6 37 14 4
37 175 14 3
175 110 14 3
110 44 14 3
44 163 14 5
163 0 14 0
15 11
0 141 15 4
141 157 15 4
157 20 15 3
20 34 15 3
34 84 15 4
84 17 15 3
17 144 15 3
144 153 15 3
153 60 15 3
60 103 15 3
103 0 15 0
16 12
0 95 16 4
95 1 16 4
1 168 16 5
168 56 16 4
56 69 16 5
69 104 16 4
104 8 16 5
8 87 16 4
87 167 16 4
167 61 16 4
61 179 16 5
179 0 16 0
17 16
0 133 17 3
133 178 17 5
178 168 17 3
168 3 17 3
3 109 17 4
109 145 17 5
145 128 17 3
128 196 17 4
196 125 17 5
125 88 17 3
88 94 17 3
94 149 17 5
149 155 17 4
155 182 17 5
182 177 17 3
177 0 17 0
18 11
0 137 18 4
137 160 18 3
160 58 18 3
58 135 18 5
135 5 18 4
5 200 18 5
200 198 18 3
198 181 18 4
181 28 18 4
28 169 18 4
169 0 18 0
19 10
0 160 19 4
160 185 19 4
185 43 19 3
43 180 19 3
180 66 19 3
66 138 19 4
138 83 19 3
83 161 19 4
161 163 19 3
163 0 19 0
20 10
0 81 20 4
81 4 20 4
4 74 20 4
74 159 20 4
159 27 20 3
27 144 20 4
144 153 20 4
153 156 20 3
156 152 20 3
152 0 20 0
21 18
0 150 21 4
150 35 21 3
35 21 21 4
21 32 21 3
32 193 21 3
193 120 21 3
120 70 21 5
70 194 21 4
194 62 21 3
62 119 21 5
119 30 21 5
30 197 21 4
197 158 21 3
158 112 21 5
112 186 21 3
186 156 21 5
156 152 21 5
152 0 21 0
22 4
0 150 22 5
150 167 22 3
167 122 22 3
122 0 22 0
23 11
0 123 23 3
123 188 23 4
188 192 23 3
192 183 23 3
183 49 23 4
49 159 23 5
159 146 23 5
146 48 23 3
48 19 23 3
19 158 23 4
158 0 23 0
24 8
0 92 24 4
92 154 24 3
154 171 24 3
171 132 24 3
132 151 24 3
151 47 24 4
47 190 24 4
190 0 24 0
25 3
0 154 25 5
154 151 25 5
151 0 25 0
26 2
0 199 26 4
199 0 26 0
27 1
0 0 27 0
28 1
0 0 28 0
29 1
0 0 29 0
