# Solution for ../instances-HHCRSP/InstanzVNS_HCSRP_300_2.txt
# Cost = 1887.97 Dist = 5612.39 Tard = 35.3327 TMax = 16.1871
# <vehicle> <route length>
# <origin node> <dest node> <vehicle> <service type>
0 13
0 96 0 1
96 290 0 0
290 177 0 1
177 46 0 0
46 83 0 0
83 293 0 0
293 17 0 1
17 117 0 1
117 295 0 1
295 7 0 0
7 185 0 0
185 128 0 1
128 0 0 0
1 15
0 276 1 2
276 146 1 1
146 108 1 1
108 61 1 2
61 266 1 2
266 274 1 2
274 159 1 2
159 19 1 2
19 80 1 1
80 140 1 1
140 158 1 1
158 285 1 1
285 281 1 2
281 280 1 2
280 0 1 0
2 8
0 284 2 0
284 14 2 0
14 91 2 0
91 289 2 0
289 269 2 0
269 21 2 0
21 253 2 0
253 0 2 0
3 4
0 275 3 2
275 59 3 2
59 264 3 2
264 0 3 0
4 14
0 71 4 1
71 11 4 2
11 147 4 1
147 259 4 2
259 133 4 1
133 145 4 1
145 167 4 2
167 41 4 2
41 282 4 1
282 160 4 1
160 103 4 2
103 12 4 2
12 42 4 1
42 0 4 0
5 18
0 272 5 0
272 258 5 1
258 283 5 0
283 26 5 0
26 255 5 1
255 182 5 1
182 196 5 1
196 138 5 1
138 129 5 1
129 45 5 0
45 262 5 0
262 10 5 0
10 105 5 0
105 292 5 1
292 179 5 0
179 106 5 0
106 165 5 1
165 0 5 0
6 16
0 254 6 2
254 161 6 0
161 297 6 1
297 173 6 2
173 168 6 2
168 252 6 0
252 180 6 0
180 56 6 1
56 271 6 0
271 6 6 0
6 33 6 1
33 57 6 0
57 279 6 1
279 291 6 1
291 32 6 0
32 0 6 0
7 6
0 251 7 2
251 198 7 2
198 294 7 2
294 197 7 2
197 97 7 2
97 0 7 0
8 2
0 175 8 0
175 0 8 0
9 2
0 115 9 0
115 0 9 0
10 1
0 0 10 0
11 9
0 154 11 2
154 193 11 1
193 72 11 2
72 54 11 1
54 113 11 1
113 267 11 1
267 268 11 2
268 4 11 1
4 0 11 0
12 4
0 121 12 2
121 100 12 2
100 90 12 2
90 0 12 0
13 18
0 287 13 1
287 132 13 1
132 263 13 2
263 172 13 2
172 136 13 2
136 261 13 0
261 257 13 1
257 2 13 0
2 114 13 0
114 286 13 2
286 31 13 1
31 66 13 2
66 34 13 2
34 270 13 1
270 65 13 2
65 149 13 1
149 15 13 2
15 0 13 0
14 6
0 39 14 1
39 120 14 1
120 278 14 1
278 298 14 1
298 166 14 1
166 0 14 0
15 15
0 9 15 1
9 40 15 2
40 162 15 2
162 67 15 0
67 131 15 1
131 44 15 1
44 36 15 2
36 191 15 1
191 265 15 0
265 277 15 1
277 288 15 0
288 296 15 2
296 82 15 1
82 256 15 1
256 0 15 0
16 13
0 299 16 1
299 199 16 0
199 189 16 2
189 123 16 1
123 3 16 2
3 38 16 1
38 92 16 1
92 43 16 2
43 260 16 2
260 116 16 0
116 300 16 2
300 273 16 1
273 0 16 0
17 3
0 157 17 2
157 16 17 2
16 0 17 0
18 16
0 225 18 3
225 276 18 5
276 243 18 3
243 212 18 4
212 144 18 5
144 156 18 5
156 261 18 5
261 257 18 3
257 250 18 3
250 286 18 3
286 176 18 4
176 285 18 5
285 281 18 5
281 155 18 4
155 280 18 4
280 0 18 0
19 20
0 225 19 5
225 243 19 4
243 212 19 5
212 151 19 3
151 263 19 5
263 244 19 3
244 88 19 3
88 229 19 3
229 204 19 3
204 239 19 3
239 188 19 3
188 134 19 4
134 250 19 4
250 18 19 3
18 153 19 3
153 35 19 4
35 270 19 3
270 187 19 5
187 202 19 4
202 0 19 0
20 12
0 137 20 3
137 275 20 4
275 290 20 3
290 248 20 3
248 126 20 5
126 220 20 4
220 63 20 4
63 102 20 3
102 249 20 3
249 245 20 3
245 164 20 5
164 0 20 0
21 26
0 207 21 4
207 231 21 3
231 272 21 5
272 214 21 3
214 242 21 3
242 259 21 3
259 203 21 3
203 94 21 5
94 171 21 4
171 222 21 3
222 75 21 5
75 29 21 3
29 216 21 4
216 234 21 3
234 209 21 3
209 282 21 3
282 130 21 3
130 58 21 4
58 148 21 3
148 237 21 4
237 268 21 3
268 235 21 4
235 226 21 4
226 184 21 5
184 217 21 4
217 0 21 0
22 17
0 207 22 5
207 231 22 4
231 214 22 5
214 242 22 4
242 203 22 4
203 181 22 5
181 222 22 4
222 81 22 3
81 183 22 3
183 265 22 4
265 277 22 5
277 195 22 3
195 238 22 4
238 37 22 3
37 23 22 5
23 201 22 3
201 0 22 0
23 11
0 230 23 5
230 251 23 5
251 119 23 5
119 194 23 5
194 51 23 5
51 169 23 5
169 112 23 5
112 219 23 5
219 264 23 5
264 20 23 5
20 0 23 0
24 18
0 53 24 4
53 284 24 4
284 227 24 3
227 240 24 3
240 289 24 4
289 48 24 3
48 218 24 3
218 274 24 3
274 252 24 5
252 125 24 4
125 76 24 3
76 101 24 3
101 267 24 5
267 237 24 5
237 235 24 5
235 226 24 5
226 217 24 5
217 0 24 0
25 15
0 248 25 4
248 293 25 4
293 62 25 4
62 186 25 4
186 107 25 4
107 236 25 3
236 211 25 4
211 228 25 3
228 278 25 3
278 247 25 3
247 224 25 3
224 288 25 5
288 256 25 5
256 201 25 4
201 0 25 0
26 15
0 230 26 3
230 1 26 4
1 118 26 4
118 297 26 4
297 174 26 3
174 244 26 5
244 266 26 4
266 218 26 5
218 13 26 4
13 111 26 4
111 150 26 4
150 232 26 5
232 55 26 5
55 79 26 3
79 0 26 0
27 13
0 254 27 5
254 227 27 4
227 240 27 5
240 135 27 5
135 269 27 4
269 216 27 5
216 234 27 5
234 209 27 4
209 246 27 4
246 213 27 4
213 109 27 5
109 205 27 4
205 0 27 0
28 14
0 8 28 3
8 206 28 4
206 258 28 3
258 208 28 3
208 255 28 4
255 73 28 3
73 229 28 4
229 204 28 5
204 239 28 4
239 262 28 5
262 74 28 4
74 292 28 4
292 202 28 5
202 0 28 0
29 16
0 206 29 5
206 283 29 3
283 170 29 3
170 208 29 4
208 49 29 4
49 27 29 4
27 124 29 4
124 68 29 4
68 84 29 4
84 5 29 3
5 246 29 3
246 213 29 3
213 78 29 3
78 205 29 3
205 253 29 3
253 0 29 0
30 18
0 89 30 5
89 287 30 5
287 200 30 5
200 77 30 4
77 221 30 5
221 28 30 5
28 294 30 5
294 99 30 4
99 236 30 4
236 211 30 5
211 228 30 4
228 52 30 4
52 70 30 5
70 152 30 3
152 219 30 4
219 30 30 4
30 233 30 3
233 0 30 0
31 16
0 210 31 4
210 241 31 4
241 93 31 3
93 190 31 4
190 141 31 4
141 127 31 5
127 110 31 5
110 163 31 5
163 295 31 4
295 260 31 4
260 142 31 4
142 300 31 5
300 87 31 4
87 273 31 4
273 233 31 4
233 0 31 0
32 9
0 210 32 5
210 241 32 5
241 299 32 4
299 50 32 5
50 220 32 5
220 143 32 4
143 192 32 4
192 64 32 3
64 0 32 0
33 15
0 104 33 3
104 221 33 4
221 122 33 3
122 25 33 4
25 22 33 3
22 271 33 4
271 95 33 3
95 98 33 4
98 85 33 4
85 139 33 3
139 232 33 3
232 47 33 4
47 291 33 3
291 223 33 3
223 0 33 0
34 2
0 215 34 3
215 0 34 0
35 7
0 60 35 5
60 298 35 4
298 69 35 4
69 86 35 3
86 249 35 4
249 245 35 4
245 0 35 0
36 2
0 215 36 5
215 0 36 0
37 9
0 247 37 5
247 224 37 5
224 296 37 3
296 238 37 5
238 24 37 4
24 178 37 5
178 279 37 5
279 223 37 5
223 0 37 0
38 1
0 0 38 0
39 1
0 0 39 0
