# Solution for ../instances-HHCRSP/InstanzVNS_HCSRP_100_10.txt
# Cost = 834.355 Dist = 2468.97 Tard = 20.697 TMax = 13.4012
# <vehicle> <route length>
# <origin node> <dest node> <vehicle> <service type>
0 15
0 63 0 2
63 57 0 2
57 33 0 0
33 61 0 2
61 4 0 0
4 34 0 2
34 16 0 0
16 62 0 0
62 96 0 2
96 95 0 0
95 60 0 0
60 48 0 0
48 14 0 0
14 66 0 0
66 0 0 0
1 9
0 22 1 1
22 64 1 1
64 11 1 1
11 7 1 1
7 26 1 1
26 93 1 1
93 36 1 1
36 19 1 1
19 0 1 0
2 7
0 70 2 2
70 24 2 2
24 32 2 2
32 99 2 2
99 31 2 2
31 92 2 2
92 0 2 0
3 2
0 28 3 2
28 0 3 0
4 13
0 50 4 1
50 94 4 2
94 29 4 2
29 35 4 1
35 90 4 1
90 88 4 1
88 91 4 2
91 27 4 2
27 43 4 2
43 42 4 1
42 30 4 2
30 59 4 2
59 0 4 0
5 9
0 89 5 0
89 2 5 0
2 86 5 0
86 44 5 0
44 58 5 0
58 98 5 1
98 40 5 1
40 47 5 0
47 0 5 0
6 5
0 100 6 1
100 87 6 1
87 18 6 1
18 97 6 1
97 0 6 0
7 12
0 37 7 4
37 78 7 3
78 86 7 3
86 93 7 4
93 9 7 3
9 38 7 4
38 96 7 3
96 74 7 4
74 81 7 3
81 79 7 3
79 72 7 3
72 0 7 0
8 15
0 73 8 3
73 80 8 3
80 83 8 3
83 15 8 3
15 68 8 5
68 51 8 5
51 52 8 5
52 88 8 3
88 69 8 5
69 74 8 3
74 56 8 5
56 13 8 3
13 75 8 5
75 77 8 5
77 0 8 0
9 11
0 73 9 4
73 94 9 4
94 80 9 5
80 71 9 4
71 65 9 4
65 84 9 3
84 76 9 3
76 99 9 5
99 98 9 5
98 82 9 3
82 0 9 0
10 9
0 89 10 5
89 45 10 4
45 83 10 4
83 90 10 5
90 91 10 4
91 67 10 4
67 72 10 5
72 54 10 5
54 0 10 0
11 14
0 5 11 4
5 12 11 5
12 78 11 4
78 39 11 3
39 3 11 3
3 6 11 4
6 8 11 4
8 21 11 5
21 23 11 3
23 10 11 4
10 1 11 3
1 75 11 4
75 77 11 4
77 0 11 0
12 7
0 85 12 3
85 84 12 4
84 76 12 4
76 97 12 3
97 17 12 4
17 82 12 4
82 0 12 0
13 1
0 0 13 0
14 7
0 85 14 4
85 49 14 5
49 20 14 4
20 95 14 5
95 81 14 5
81 79 14 4
79 0 14 0
15 2
0 92 15 3
92 0 15 0
16 9
0 100 16 4
100 53 16 3
53 87 16 4
87 71 16 5
71 46 16 5
46 25 16 5
25 41 16 5
41 55 16 5
55 0 16 0
17 1
0 0 17 0
18 1
0 0 18 0
19 1
0 0 19 0
