# Solution for ../instances-HHCRSP/InstanzVNS_HCSRP_200_10.txt
# Cost = 1464.34 Dist = 4386.54 Tard = 3.80472 TMax = 2.65685
# <vehicle> <route length>
# <origin node> <dest node> <vehicle> <service type>
0 16
0 192 0 0
192 181 0 0
181 33 0 0
33 4 0 0
4 185 0 0
185 138 0 0
138 178 0 0
178 193 0 0
193 16 0 0
16 118 0 0
118 177 0 0
177 47 0 0
47 122 0 0
122 14 0 0
14 66 0 0
66 0 0 0
1 15
0 7 1 1
7 34 1 2
34 64 1 1
64 61 1 2
61 174 1 2
174 126 1 2
126 105 1 1
105 27 1 2
27 191 1 2
191 187 1 2
187 182 1 2
182 43 1 2
43 199 1 1
199 77 1 1
77 0 1 0
2 11
0 180 2 1
180 175 2 1
175 11 2 1
11 125 2 1
125 198 2 1
198 90 2 1
90 173 2 1
173 19 2 1
19 40 2 1
40 132 2 1
132 0 2 0
3 8
0 50 3 1
50 103 3 1
103 22 3 1
22 26 3 1
26 139 3 1
139 91 3 1
91 111 3 1
111 0 3 0
4 5
0 189 4 1
189 94 4 1
94 18 4 1
18 172 4 1
172 0 4 0
5 17
0 104 5 0
104 2 5 0
2 195 5 0
195 89 5 0
89 183 5 0
183 58 5 0
58 83 5 0
83 44 5 0
44 179 5 0
179 95 5 0
95 186 5 0
186 60 5 0
60 31 5 2
31 99 5 0
99 196 5 0
196 48 5 0
48 0 5 0
6 11
0 176 6 2
176 70 6 2
70 57 6 2
57 108 6 2
108 63 6 2
63 171 6 2
171 107 6 2
107 184 6 2
184 30 6 2
30 59 6 2
59 0 6 0
7 5
0 102 7 2
102 129 7 2
129 24 7 2
24 190 7 2
190 0 7 0
8 14
0 188 8 0
188 194 8 0
194 197 8 0
197 124 8 2
124 113 8 0
113 35 8 1
35 84 8 0
84 32 8 2
32 137 8 2
137 133 8 2
133 36 8 1
36 62 8 0
62 42 8 1
42 0 8 0
9 5
0 80 9 2
80 29 9 2
29 28 9 2
28 200 9 2
200 0 9 0
10 14
0 192 10 5
192 150 10 3
150 181 10 4
181 8 10 4
8 52 10 5
52 120 10 4
120 161 10 3
161 79 10 5
79 135 10 3
135 156 10 3
156 186 10 3
186 196 10 3
196 142 10 4
142 0 10 0
11 14
0 150 11 5
150 39 11 3
39 170 11 5
170 174 11 4
174 6 11 4
6 136 11 5
136 23 11 3
23 116 11 4
116 145 11 4
145 112 11 4
112 1 11 3
1 10 11 4
10 166 11 3
166 0 11 0
12 5
0 148 12 3
148 115 12 3
115 127 12 5
127 54 12 5
54 0 12 0
13 17
0 148 13 5
148 45 13 4
45 68 13 5
68 130 13 3
130 154 13 3
154 86 13 5
86 143 13 3
143 165 13 3
165 38 13 4
38 51 13 5
51 173 13 3
173 56 13 5
56 184 13 4
184 177 13 5
177 67 13 4
67 160 13 3
160 0 13 0
14 11
0 159 14 4
159 188 14 3
188 163 14 4
163 195 14 5
195 134 14 4
134 151 14 4
151 128 14 4
128 17 14 4
17 97 14 3
97 92 14 5
92 0 14 0
15 13
0 180 15 3
180 175 15 4
175 185 15 3
185 93 15 3
93 178 15 4
178 193 15 3
193 167 15 4
167 191 15 4
191 162 15 3
162 152 15 3
152 187 15 4
187 166 15 4
166 0 15 0
16 10
0 159 16 5
159 73 16 4
73 163 16 5
163 141 16 4
141 183 16 4
183 41 16 5
41 117 16 3
117 55 16 5
55 46 16 5
46 0 16 0
17 16
0 144 17 3
144 123 17 3
123 158 17 3
158 147 17 3
147 3 17 3
3 170 17 3
170 131 17 4
131 155 17 3
155 157 17 3
157 9 17 3
9 182 17 3
182 153 17 3
153 114 17 4
114 121 17 4
121 72 17 4
72 0 17 0
18 4
0 85 18 4
85 20 18 4
20 65 18 4
65 0 18 0
19 16
0 144 19 5
144 158 19 5
158 147 19 4
147 171 19 3
171 198 19 3
198 155 19 5
155 157 19 4
157 167 19 5
167 21 19 5
21 162 19 4
162 152 19 4
152 75 19 5
75 199 19 4
199 13 19 3
13 160 19 4
160 0 19 0
20 6
0 194 20 5
194 197 20 5
197 146 20 3
146 25 20 5
25 172 20 4
172 0 20 0
21 9
0 101 21 3
101 53 21 3
53 100 21 5
100 141 21 5
141 76 21 3
76 151 21 5
151 190 21 3
190 82 21 4
82 0 21 0
22 8
0 49 22 5
49 149 22 3
149 140 22 3
140 145 22 5
145 69 22 5
69 74 22 5
74 164 22 3
164 0 22 0
23 14
0 176 23 4
176 12 23 5
12 78 23 3
78 37 23 4
37 15 23 3
15 154 23 5
154 143 23 4
143 165 23 5
165 96 23 3
96 81 23 3
81 179 23 3
179 156 23 4
156 98 23 4
98 0 23 0
24 3
0 71 24 4
71 142 24 5
142 0 24 0
25 9
0 5 25 4
5 149 25 5
149 161 25 4
161 119 25 4
119 88 25 5
88 109 25 5
109 153 25 5
153 164 25 4
164 0 25 0
26 6
0 189 26 3
189 87 26 5
87 169 26 3
169 110 26 5
110 200 26 5
200 0 26 0
27 3
0 106 27 3
106 146 27 5
146 0 27 0
28 3
0 169 28 5
169 168 28 4
168 0 28 0
29 2
0 168 29 5
168 0 29 0
