# Solution for ../instances-HHCRSP/InstanzVNS_HCSRP_100_9.txt
# Cost = 974.638 Dist = 2895.39 Tard = 22.0035 TMax = 6.51771
# <vehicle> <route length>
# <origin node> <dest node> <vehicle> <service type>
0 15
0 47 0 2
47 4 0 1
4 36 0 2
36 11 0 2
11 95 0 1
95 30 0 1
30 58 0 2
58 1 0 1
1 61 0 0
61 26 0 0
26 55 0 0
55 44 0 2
44 53 0 0
53 60 0 2
60 0 0 0
1 5
0 54 1 1
54 91 1 1
91 10 1 1
10 93 1 1
93 0 1 0
2 7
0 89 2 0
89 90 2 0
90 87 2 0
87 33 2 0
33 31 2 0
31 94 2 0
94 0 2 0
3 3
0 99 3 0
99 32 3 0
32 0 3 0
4 12
0 97 4 2
97 16 4 2
16 23 4 2
23 59 4 2
59 43 4 0
43 98 4 2
98 96 4 2
96 28 4 2
28 20 4 0
20 69 4 0
69 57 4 2
57 0 4 0
5 16
0 42 5 2
42 64 5 2
64 9 5 1
9 35 5 2
35 56 5 0
56 50 5 1
50 27 5 0
27 100 5 1
100 88 5 2
88 8 5 0
8 86 5 2
86 45 5 2
45 21 5 1
21 18 5 2
18 92 5 0
92 0 5 0
6 1
0 0 6 0
7 13
0 5 7 5
5 67 7 5
67 79 7 3
79 83 7 3
83 100 7 3
100 77 7 5
77 70 7 5
70 62 7 3
62 88 7 5
88 15 7 5
15 78 7 3
78 74 7 5
74 0 7 0
8 7
0 97 8 4
97 79 8 4
79 12 8 4
12 83 8 4
83 77 8 4
77 92 8 4
92 0 8 0
9 5
0 73 9 3
73 49 9 5
49 71 9 3
71 98 9 3
98 0 9 0
10 12
0 34 10 4
34 66 10 3
66 89 10 4
89 63 10 4
63 6 10 3
6 84 10 4
84 19 10 5
19 75 10 3
75 72 10 3
72 86 10 5
86 24 10 4
24 0 10 0
11 1
0 0 11 0
12 3
0 73 12 5
73 14 12 4
14 0 12 0
13 10
0 81 13 5
81 76 13 3
76 90 13 5
90 85 13 3
85 38 13 3
38 80 13 5
80 37 13 5
37 29 13 3
29 40 13 5
40 0 13 0
14 11
0 52 14 4
52 81 14 4
81 68 14 4
68 22 14 4
22 84 14 5
84 95 14 5
95 75 14 4
75 72 14 4
72 78 14 4
78 74 14 4
74 0 14 0
15 8
0 2 15 4
2 76 15 5
76 48 15 5
48 17 15 5
17 87 15 3
87 80 15 4
80 51 15 4
51 0 15 0
16 3
0 25 16 5
25 99 16 4
99 0 16 0
17 7
0 82 17 4
82 91 17 3
91 39 17 3
39 3 17 4
3 85 17 4
85 13 17 4
13 0 17 0
18 5
0 82 18 5
82 71 18 5
71 7 18 5
7 93 18 4
93 0 18 0
19 6
0 46 19 5
46 96 19 5
96 41 19 4
41 94 19 5
94 65 19 5
65 0 19 0
