# Solution for ../instances-HHCRSP/InstanzVNS_HCSRP_200_3.txt
# Cost = 1291.38 Dist = 3856.87 Tard = 13.2062 TMax = 4.05459
# <vehicle> <route length>
# <origin node> <dest node> <vehicle> <service type>
0 11
0 23 0 1
23 181 0 1
181 107 0 1
107 10 0 1
10 180 0 1
180 186 0 0
186 135 0 0
135 133 0 1
133 97 0 0
97 200 0 1
200 0 0 0
1 9
0 2 1 2
2 91 1 0
91 124 1 2
124 184 1 2
184 89 1 2
89 140 1 2
140 38 1 0
38 138 1 2
138 0 1 0
2 16
0 176 2 1
176 40 2 1
40 50 2 2
50 9 2 1
9 182 2 2
182 108 2 1
108 175 2 2
175 47 2 2
47 125 2 1
125 43 2 2
43 183 2 2
183 123 2 1
123 87 2 2
87 130 2 2
130 54 2 1
54 0 2 0
3 11
0 114 3 0
114 35 3 2
35 33 3 0
33 174 3 2
174 177 3 0
177 192 3 2
192 112 3 2
112 86 3 2
86 72 3 2
72 103 3 2
103 0 3 0
4 7
0 88 4 2
88 1 4 2
1 61 4 2
61 79 4 2
79 187 4 2
187 136 4 2
136 0 4 0
5 14
0 59 5 0
59 22 5 0
22 171 5 0
171 6 5 0
6 122 5 0
122 121 5 0
121 128 5 0
128 17 5 0
17 60 5 0
60 137 5 0
137 5 5 0
5 126 5 0
126 139 5 0
139 0 5 0
6 19
0 20 6 1
20 195 6 1
195 111 6 1
111 117 6 0
117 62 6 1
62 26 6 1
26 4 6 1
4 34 6 0
34 41 6 1
41 196 6 1
196 64 6 2
64 118 6 2
118 189 6 0
189 29 6 2
29 69 6 2
69 185 6 1
185 193 6 2
193 199 6 2
199 0 6 0
7 3
0 68 7 0
68 3 7 0
3 0 7 0
8 14
0 198 8 1
198 80 8 1
80 90 8 1
90 197 8 1
197 45 8 2
45 194 8 1
194 190 8 1
190 173 8 1
173 178 8 1
178 191 8 2
191 67 8 1
67 31 8 2
31 76 8 2
76 0 8 0
9 7
0 179 9 1
179 63 9 1
63 188 9 1
188 172 9 0
172 65 9 1
65 21 9 1
21 0 9 0
10 7
0 164 10 4
164 158 10 4
158 153 10 4
153 196 10 4
196 189 10 4
189 150 10 4
150 0 10 0
11 8
0 96 11 5
96 164 11 3
164 158 11 5
158 153 11 3
153 101 11 5
101 99 11 3
99 157 11 3
157 0 11 0
12 19
0 176 12 5
176 145 12 5
145 143 12 3
143 55 12 3
55 197 12 5
197 8 12 4
8 109 12 3
109 149 12 5
149 173 12 5
173 119 12 3
119 75 12 4
75 178 12 5
178 52 12 3
52 155 12 3
155 51 12 3
51 82 12 5
82 170 12 5
170 167 12 3
167 0 12 0
13 9
0 165 13 5
165 27 13 5
27 163 13 5
163 105 13 5
105 154 13 5
154 148 13 5
148 81 13 5
81 77 13 5
77 0 13 0
14 9
0 165 14 4
165 156 14 5
156 16 14 4
16 92 14 4
92 162 14 4
162 142 14 4
142 46 14 4
46 48 14 5
48 0 14 0
15 13
0 36 15 3
36 145 15 3
145 146 15 3
146 7 15 3
7 174 15 3
174 149 15 3
149 131 15 4
131 191 15 4
191 155 15 4
155 134 15 4
134 170 15 3
170 141 15 4
141 0 15 0
16 15
0 195 16 5
195 71 16 5
71 198 16 5
198 168 16 3
168 151 16 4
151 194 16 3
194 177 16 5
177 190 16 4
190 18 16 3
18 19 16 4
19 58 16 4
58 120 16 5
120 14 16 4
14 159 16 4
159 0 16 0
17 11
0 113 17 4
113 110 17 5
110 143 17 4
143 74 17 3
74 102 17 4
102 171 17 5
171 12 17 4
12 160 17 3
160 85 17 4
85 157 17 5
157 0 17 0
18 6
0 156 18 3
156 180 18 3
180 172 18 3
172 25 18 4
25 144 18 4
144 0 18 0
19 10
0 181 19 4
181 162 19 3
162 142 19 5
142 184 19 3
184 186 19 5
186 154 19 3
154 148 19 3
148 187 19 5
187 39 19 3
39 0 19 0
20 7
0 152 20 3
152 147 20 3
147 115 20 3
115 169 20 3
169 129 20 5
129 150 20 3
150 0 20 0
21 14
0 132 21 4
132 44 21 4
44 146 21 5
146 98 21 5
98 182 21 4
182 175 21 5
175 84 21 3
84 183 21 3
183 66 21 3
66 57 21 3
57 104 21 5
104 11 21 3
11 141 21 5
141 0 21 0
22 13
0 152 22 4
152 147 22 4
147 70 22 5
70 168 22 4
168 151 22 5
151 13 22 5
13 192 22 4
192 160 22 4
160 32 22 5
32 94 22 4
94 78 22 5
78 167 22 5
167 0 22 0
23 7
0 49 23 4
49 24 23 5
24 179 23 3
179 163 23 3
163 83 23 4
83 37 23 3
37 0 23 0
24 5
0 161 24 3
161 188 24 3
188 93 24 5
93 159 24 5
159 0 24 0
25 10
0 161 25 5
161 127 25 4
127 100 25 4
100 42 25 5
42 169 25 4
169 185 25 3
185 30 25 5
30 193 25 4
193 199 25 5
199 0 25 0
26 2
0 166 26 3
166 0 26 0
27 7
0 28 27 5
28 116 27 3
116 73 27 4
73 95 27 5
95 53 27 3
53 200 27 4
200 0 27 0
28 3
0 166 28 5
166 56 28 4
56 0 28 0
29 4
0 15 29 3
15 106 29 5
106 144 29 5
144 0 29 0
