# Solution for ../instances-HHCRSP/InstanzVNS_HCSRP_100_2.txt
# Cost = 891.917 Dist = 2675.75 Tard = 0 TMax = 0
# <vehicle> <route length>
# <origin node> <dest node> <vehicle> <service type>
0 5
0 46 0 0
46 67 0 0
67 57 0 0
57 32 0 0
32 0 0 0
1 13
0 39 1 1
39 59 1 2
59 40 1 2
40 44 1 1
44 36 1 2
36 98 1 1
98 99 1 1
99 56 1 1
56 95 1 1
95 33 1 1
33 97 1 2
97 42 1 1
42 0 1 0
2 17
0 96 2 1
96 14 2 0
14 54 2 1
54 91 2 0
91 61 2 2
61 94 2 2
94 88 2 2
88 2 2 0
2 66 2 2
66 65 2 2
65 10 2 0
10 31 2 1
31 34 2 2
34 15 2 2
15 21 2 0
21 4 2 1
4 0 2 0
3 6
0 89 3 1
89 9 3 1
9 17 3 1
17 38 3 1
38 92 3 1
92 0 3 0
4 5
0 93 4 2
93 43 4 2
43 3 4 2
3 16 4 2
16 0 4 0
5 8
0 26 5 0
26 11 5 2
11 45 5 0
45 41 5 2
41 19 5 2
19 12 5 2
12 6 5 0
6 0 5 0
6 6
0 100 6 1
100 90 6 1
90 86 6 0
86 87 6 1
87 7 6 0
7 0 6 0
7 11
0 49 7 4
49 73 7 3
73 81 7 3
81 48 7 3
48 29 7 3
29 25 7 4
25 22 7 3
22 85 7 3
85 76 7 3
76 24 7 4
24 0 7 0
8 13
0 73 8 5
73 81 8 5
81 28 8 5
28 13 8 4
13 72 8 3
72 37 8 3
37 85 8 5
85 76 8 4
76 79 8 3
79 97 8 4
97 47 8 4
47 82 8 3
82 0 8 0
9 7
0 51 9 5
51 98 9 3
98 23 9 5
23 99 9 4
99 95 9 4
95 70 9 5
70 0 9 0
10 16
0 1 10 4
1 71 10 4
71 8 10 3
8 77 10 4
77 91 10 3
91 75 10 4
75 80 10 4
80 84 10 4
84 27 10 4
27 5 10 3
5 78 10 4
78 68 10 4
68 18 10 3
18 35 10 4
35 74 10 3
74 0 10 0
11 9
0 71 11 5
71 77 11 3
77 94 11 3
94 75 11 3
75 80 11 3
80 84 11 5
84 78 11 3
78 88 11 5
88 0 11 0
12 9
0 83 12 4
83 53 12 4
53 62 12 4
62 72 12 4
72 58 12 4
58 79 12 4
79 55 12 5
55 74 12 4
74 0 12 0
13 2
0 83 13 5
83 0 13 0
14 9
0 96 14 5
96 89 14 5
89 50 14 5
50 93 14 4
93 63 14 4
63 30 14 4
30 52 14 4
52 82 14 4
82 0 14 0
15 10
0 60 15 5
60 100 15 4
100 69 15 4
69 92 15 4
92 64 15 3
64 90 15 3
90 86 15 3
86 87 15 4
87 20 15 5
20 0 15 0
16 1
0 0 16 0
17 1
0 0 17 0
18 1
0 0 18 0
19 1
0 0 19 0
