# Solution for ../instances-HHCRSP/InstanzVNS_HCSRP_300_1.txt
# Cost = 1837.42 Dist = 5492.88 Tard = 14.5439 TMax = 4.84615
# <vehicle> <route length>
# <origin node> <dest node> <vehicle> <service type>
0 13
0 263 0 1
263 288 0 0
288 294 0 1
294 272 0 0
272 193 0 0
193 56 0 1
56 78 0 1
78 275 0 1
275 278 0 0
278 41 0 1
41 66 0 0
66 110 0 1
110 0 0 0
1 11
0 17 1 2
17 123 1 2
123 287 1 2
287 137 1 2
137 295 1 2
295 93 1 2
93 277 1 2
277 274 1 2
274 158 1 2
158 53 1 2
53 0 1 0
2 9
0 151 2 2
151 70 2 2
70 292 2 2
292 267 2 2
267 252 2 2
252 131 2 2
131 21 2 2
21 192 2 2
192 0 2 0
3 14
0 81 3 2
81 264 3 2
264 273 3 1
273 291 3 2
291 62 3 1
62 169 3 2
169 71 3 1
71 261 3 2
261 30 3 2
30 254 3 2
254 99 3 2
99 298 3 1
298 147 3 1
147 0 3 0
4 2
0 40 4 2
40 0 4 0
5 7
0 182 5 2
182 176 5 2
176 57 5 2
57 59 5 2
59 25 5 2
25 7 5 2
7 0 5 0
6 2
0 129 6 2
129 0 6 0
7 13
0 139 7 0
139 189 7 0
189 262 7 0
262 101 7 0
101 19 7 0
19 82 7 0
82 18 7 0
18 61 7 0
61 75 7 0
75 100 7 0
100 38 7 0
38 92 7 0
92 0 7 0
8 12
0 33 8 0
33 300 8 1
300 299 8 0
299 175 8 0
175 77 8 0
77 283 8 0
283 48 8 0
48 184 8 0
184 11 8 1
11 196 8 0
196 106 8 0
106 0 8 0
9 16
0 255 9 0
255 260 9 2
260 125 9 0
125 251 9 0
251 120 9 1
120 296 9 0
296 166 9 0
166 282 9 1
282 5 9 2
5 168 9 0
168 22 9 2
22 111 9 1
111 259 9 2
259 73 9 1
73 266 9 2
266 0 9 0
10 1
0 0 10 0
11 7
0 98 11 1
98 43 11 1
43 12 11 1
12 58 11 1
58 285 11 1
285 197 11 1
197 0 11 0
12 16
0 279 12 0
279 289 12 0
289 104 12 1
104 160 12 1
160 142 12 2
142 268 12 2
268 60 12 2
60 97 12 1
97 15 12 0
15 265 12 0
265 270 12 1
270 171 12 1
171 276 12 1
276 103 12 0
103 269 12 2
269 0 12 0
13 12
0 134 13 1
134 31 13 1
31 42 13 2
42 256 13 1
256 13 13 1
13 150 13 1
150 67 13 2
67 290 13 1
290 284 13 1
284 89 13 1
89 133 13 2
133 0 13 0
14 9
0 181 14 0
181 297 14 1
297 128 14 1
128 174 14 1
174 293 14 0
293 46 14 0
46 107 14 0
107 257 14 1
257 0 14 0
15 4
0 84 15 0
84 286 15 0
286 105 15 0
105 0 15 0
16 1
0 0 16 0
17 15
0 148 17 1
148 180 17 0
180 47 17 0
47 280 17 1
280 253 17 1
253 281 17 0
281 258 17 1
258 3 17 1
3 90 17 0
90 191 17 1
191 164 17 1
164 157 17 1
157 271 17 0
271 55 17 0
55 0 17 0
18 19
0 232 18 3
232 215 18 4
215 102 18 4
102 140 18 4
140 299 18 5
299 170 18 5
170 205 18 3
205 211 18 4
211 217 18 3
217 136 18 4
136 76 18 3
76 201 18 3
201 145 18 5
145 112 18 4
112 195 18 5
195 80 18 5
80 28 18 5
28 72 18 4
72 0 18 0
19 13
0 263 19 3
263 249 19 3
249 149 19 4
149 146 19 4
146 68 19 4
68 152 19 4
152 246 19 3
246 229 19 3
229 34 19 4
34 214 19 4
214 271 19 3
271 285 19 3
285 0 19 0
20 16
0 239 20 3
239 222 20 4
222 219 20 4
219 10 20 4
10 262 20 4
262 206 20 3
206 216 20 4
216 237 20 4
237 240 20 4
240 290 20 4
290 155 20 3
155 284 20 3
284 32 20 4
32 212 20 3
212 250 20 3
250 0 20 0
21 11
0 208 21 3
208 162 21 4
162 275 21 3
275 278 21 4
278 2 21 4
2 1 21 3
1 213 21 3
213 210 21 4
210 225 21 3
225 44 21 3
44 0 21 0
22 13
0 232 22 5
232 215 22 5
215 24 22 5
24 300 22 3
300 54 22 3
54 172 22 4
172 179 22 5
179 200 22 4
200 204 22 4
204 69 22 5
69 233 22 4
233 298 22 5
298 0 22 0
23 17
0 239 23 5
239 186 23 5
186 288 23 4
288 249 23 5
249 49 23 4
49 27 23 4
27 114 23 5
114 253 23 5
253 207 23 3
207 119 23 4
119 153 23 5
153 265 23 4
265 270 23 5
270 156 23 3
156 276 23 4
276 269 23 5
269 0 23 0
24 17
0 122 24 5
122 52 24 3
52 222 24 5
222 219 24 5
219 50 24 5
50 206 24 5
206 216 24 5
216 267 24 5
267 238 24 3
238 282 24 5
282 183 24 5
183 185 24 4
185 124 24 4
124 4 24 3
4 248 24 5
248 266 24 3
266 0 24 0
25 7
0 208 25 4
208 109 25 3
109 85 25 3
85 246 25 4
246 229 25 4
229 259 25 3
259 0 25 0
26 18
0 154 26 5
154 294 26 5
294 272 26 3
272 86 26 5
86 118 26 5
118 280 26 5
280 281 26 3
281 230 26 3
230 258 26 4
258 226 26 3
226 64 26 3
64 295 26 5
295 144 26 4
144 220 26 3
220 241 26 3
241 231 26 3
231 116 26 4
116 0 26 0
27 16
0 255 27 5
255 91 27 3
91 260 27 3
260 159 27 5
159 37 27 3
37 45 27 3
45 217 27 4
217 201 27 4
201 187 27 4
187 242 27 3
242 36 27 3
36 223 27 3
223 274 27 4
274 228 27 3
228 245 27 3
245 0 27 0
28 17
0 202 28 4
202 264 28 5
264 247 28 4
247 234 28 5
234 65 28 4
65 227 28 5
227 6 28 4
6 23 28 4
23 63 28 4
63 207 28 5
207 230 28 5
230 226 28 4
226 96 28 5
96 213 28 4
213 210 28 5
210 225 28 5
225 0 28 0
29 16
0 202 29 3
202 279 29 3
279 247 29 5
247 234 29 3
234 289 29 3
289 227 29 3
227 221 29 3
221 268 29 5
268 235 29 3
235 79 29 3
79 16 29 4
16 29 29 3
29 254 29 5
254 167 29 3
167 224 29 3
224 0 29 0
30 8
0 292 30 4
292 238 30 4
238 252 30 5
252 130 30 5
130 293 30 4
293 35 30 5
35 257 30 5
257 0 30 0
31 13
0 108 31 3
108 203 31 3
203 127 31 3
127 178 31 3
178 297 31 3
297 287 31 3
287 244 31 3
244 218 31 3
218 113 31 5
113 199 31 5
199 132 31 3
132 214 31 5
214 0 31 0
32 17
0 273 32 4
273 20 32 5
20 291 32 3
291 205 32 4
205 211 32 5
211 135 32 3
135 209 32 4
209 94 32 4
94 39 32 3
39 165 32 5
165 126 32 4
126 283 32 3
283 261 32 4
261 204 32 5
204 233 32 5
233 224 32 4
224 0 32 0
33 11
0 115 33 3
115 203 33 4
203 251 33 4
251 194 33 5
194 296 33 5
296 244 33 5
244 218 33 4
218 220 33 4
220 241 33 5
241 231 33 5
231 0 33 0
34 13
0 177 34 4
177 161 34 5
161 95 34 5
95 256 34 4
256 26 34 5
26 88 34 5
88 163 34 3
163 141 34 4
141 237 34 5
237 240 34 5
240 121 34 4
121 212 34 5
212 0 34 0
35 15
0 117 35 5
117 14 35 3
14 190 35 3
190 138 35 3
138 198 35 5
198 221 35 5
221 235 35 5
235 209 35 5
209 188 35 3
188 242 35 4
242 277 35 4
277 223 35 5
223 228 35 5
228 245 35 4
245 0 35 0
36 8
0 286 36 5
286 83 36 5
83 236 36 3
236 9 36 4
9 243 36 3
243 74 36 4
74 250 36 5
250 0 36 0
37 6
0 8 37 4
8 87 37 5
87 236 37 5
236 243 37 4
243 51 37 4
51 0 37 0
38 3
0 143 38 3
143 173 38 4
173 0 38 0
39 2
0 248 39 3
248 0 39 0
