# Solution for ../instances-HHCRSP/InstanzCPLEX_HCSRP_50_4.txt
# Cost = 531.068 Dist = 1577.16 Tard = 8.74148 TMax = 7.30523
# <vehicle> <route length>
# <origin node> <dest node> <vehicle> <service type>
0 12
0 15 0 2
15 13 0 2
13 50 0 2
50 45 0 1
45 1 0 2
1 14 0 2
14 43 0 2
43 12 0 2
12 34 0 2
34 17 0 1
17 11 0 2
11 0 0 0
1 8
0 49 1 0
49 20 1 0
20 47 1 0
47 7 1 1
7 25 1 1
25 24 1 1
24 10 1 1
10 0 1 0
2 8
0 48 2 0
48 33 2 0
33 16 2 0
16 46 2 0
46 44 2 0
44 18 2 0
18 9 2 0
9 0 2 0
3 4
0 40 3 5
40 22 3 5
22 36 3 5
36 0 3 0
4 10
0 23 4 4
23 32 4 3
32 50 4 4
50 45 4 4
45 41 4 5
41 3 4 3
3 35 4 3
35 36 4 3
36 26 4 3
26 0 4 0
5 5
0 6 5 3
6 49 5 3
49 31 5 4
31 41 5 3
41 0 5 0
6 8
0 42 6 3
42 48 6 3
48 39 6 4
39 46 6 3
46 43 6 4
43 5 6 3
5 8 6 4
8 0 6 0
7 6
0 42 7 4
42 38 7 4
38 19 7 4
19 44 7 4
44 37 7 3
37 0 7 0
8 8
0 40 8 4
40 28 8 3
28 27 8 3
27 47 8 4
47 2 8 4
2 4 8 4
4 37 8 4
37 0 8 0
9 6
0 38 9 5
38 30 9 5
30 39 9 5
39 21 9 5
21 29 9 5
29 0 9 0
