# Solution for ../instances-HHCRSP/InstanzVNS_HCSRP_300_3.txt
# Cost = 1559.56 Dist = 4651.62 Tard = 20.3927 TMax = 6.65985
# <vehicle> <route length>
# <origin node> <dest node> <vehicle> <service type>
0 12
0 298 0 0
298 9 0 1
9 108 0 1
108 59 0 0
59 22 0 0
22 90 0 1
90 273 0 1
273 253 0 0
253 272 0 0
272 283 0 0
283 159 0 0
159 0 0 0
1 10
0 281 1 0
281 285 1 1
285 169 1 1
169 34 1 0
34 62 1 1
62 266 1 1
266 157 1 1
157 279 1 1
279 3 1 0
3 0 1 0
2 8
0 290 2 2
290 293 2 2
293 254 2 2
254 299 2 2
299 79 2 2
79 172 2 2
172 29 2 2
29 0 2 0
3 10
0 23 3 1
23 260 3 0
260 288 3 1
288 251 3 1
251 184 3 1
184 142 3 1
142 133 3 1
133 38 3 0
38 258 3 1
258 0 3 0
4 9
0 181 4 1
181 107 4 1
107 265 4 1
265 264 4 1
264 165 4 1
165 163 4 1
163 185 4 1
185 199 4 1
199 0 4 0
5 14
0 262 5 2
262 50 5 2
50 40 5 1
40 33 5 0
33 122 5 0
122 149 5 1
149 125 5 1
125 43 5 2
43 155 5 0
155 87 5 2
87 126 5 0
126 54 5 1
54 292 5 2
292 0 5 0
6 13
0 114 6 0
114 4 6 1
4 190 6 0
190 151 6 1
151 284 6 1
284 17 6 0
17 178 6 0
178 191 6 1
191 121 6 0
121 128 6 0
128 289 6 1
289 60 6 0
60 0 6 0
7 14
0 280 7 2
280 252 7 0
252 168 7 2
168 286 7 0
286 257 7 0
257 282 7 2
282 188 7 0
188 68 7 0
68 118 7 2
118 64 7 2
64 297 7 2
297 166 7 0
166 103 7 2
103 0 7 0
8 7
0 26 8 1
26 111 8 1
111 164 8 1
164 63 8 1
63 41 8 1
41 255 8 1
255 0 8 0
9 5
0 296 9 0
296 291 9 0
291 97 9 0
97 135 9 0
135 0 9 0
10 19
0 271 10 2
271 20 10 1
20 143 10 2
143 195 10 2
195 80 10 1
80 274 10 2
274 117 10 0
117 47 10 2
47 6 10 0
6 287 10 0
287 123 10 1
123 67 10 1
67 137 10 0
137 270 10 0
270 5 10 0
5 31 10 2
31 269 10 1
269 139 10 0
139 0 10 0
11 11
0 35 11 2
35 171 11 2
171 177 11 2
177 112 11 2
112 45 11 2
45 130 11 2
130 277 11 2
277 86 11 2
86 76 11 2
76 72 11 2
72 0 11 0
12 7
0 261 12 0
261 161 12 0
161 189 12 2
189 278 12 0
278 69 12 2
69 275 12 0
275 0 12 0
13 4
0 147 13 1
147 21 13 1
21 65 13 1
65 0 13 0
14 11
0 61 14 2
61 10 14 1
10 294 14 2
294 88 14 2
88 89 14 2
89 162 14 2
162 300 14 2
300 140 14 2
140 138 14 2
138 276 14 2
276 0 14 0
15 7
0 2 15 2
2 124 15 2
124 156 15 2
156 1 15 2
1 268 15 2
268 154 15 2
154 0 15 0
16 8
0 259 16 0
259 91 16 0
91 179 16 0
179 136 16 2
136 263 16 2
263 193 16 0
193 256 16 0
256 0 16 0
17 3
0 295 17 1
295 267 17 1
267 0 17 0
18 15
0 290 18 3
290 222 18 5
222 116 18 3
116 28 18 5
28 294 18 3
294 212 18 3
212 95 18 5
95 300 18 5
300 53 18 3
53 148 18 3
148 48 18 5
48 39 18 3
39 220 18 3
220 203 18 3
203 0 18 0
19 12
0 298 19 4
298 198 19 3
198 74 19 3
74 98 19 5
98 182 19 4
182 8 19 4
8 160 19 5
160 266 19 3
266 19 19 4
19 99 19 3
99 234 19 4
234 0 19 0
20 13
0 96 20 5
96 215 20 4
215 15 20 3
15 152 20 4
152 196 20 5
196 127 20 4
127 264 20 4
264 25 20 4
25 240 20 3
240 37 20 3
37 220 20 4
220 203 20 4
203 0 20 0
21 14
0 215 21 5
215 252 21 4
252 274 21 3
274 282 21 5
282 242 21 4
242 218 21 3
218 273 21 4
273 32 21 5
32 104 21 5
104 134 21 4
134 66 21 3
66 204 21 3
204 141 21 5
141 0 21 0
22 8
0 281 22 4
281 285 22 3
285 115 22 3
115 261 22 4
261 144 22 4
144 235 22 4
235 224 22 3
224 0 22 0
23 18
0 226 23 3
226 232 23 3
232 71 23 5
71 176 23 4
176 216 23 3
216 223 23 3
223 183 23 4
183 246 23 4
246 284 23 3
284 237 23 4
237 202 23 4
202 233 23 4
233 94 23 4
94 211 23 4
211 201 23 4
201 279 23 3
279 228 23 4
228 0 23 0
24 14
0 226 24 5
226 232 24 4
232 7 24 3
7 197 24 3
197 109 24 3
109 194 24 5
194 18 24 3
18 192 24 4
192 249 24 3
249 58 24 4
58 14 24 4
14 106 24 5
106 245 24 3
245 0 24 0
25 14
0 222 25 4
222 288 25 5
288 251 25 3
251 186 25 4
186 268 25 3
268 46 25 4
46 244 25 4
244 227 25 3
227 276 25 5
276 77 25 5
77 81 25 5
81 231 25 5
231 207 25 3
207 0 25 0
26 8
0 293 26 5
293 248 26 5
248 291 26 5
291 213 26 5
213 206 26 5
206 240 26 5
240 255 26 5
255 0 26 0
27 9
0 241 27 4
241 248 27 4
248 212 27 4
212 73 27 4
73 244 27 5
244 227 27 4
227 258 27 5
258 225 27 3
225 0 27 0
28 14
0 241 28 5
241 296 28 5
296 254 28 5
254 265 28 3
265 299 28 5
299 213 28 3
213 206 28 3
206 236 28 3
236 105 28 5
105 243 28 3
243 187 28 3
187 200 28 4
200 225 28 4
225 0 28 0
29 18
0 229 29 5
229 262 29 3
262 205 29 3
205 146 29 5
146 221 29 3
221 145 29 5
145 238 29 5
238 250 29 3
250 247 29 5
247 175 29 3
175 246 29 5
246 237 29 3
237 202 29 5
202 233 29 5
233 211 29 3
211 201 29 5
201 234 29 5
234 0 29 0
30 11
0 229 30 4
229 102 30 4
102 280 30 4
280 286 30 3
286 257 30 3
257 85 30 4
85 277 30 3
277 269 30 4
269 167 30 4
167 292 30 5
292 0 30 0
31 12
0 260 31 5
260 27 31 5
27 113 31 4
113 129 31 5
129 100 31 4
100 219 31 4
219 230 31 4
230 92 31 4
92 243 31 5
243 263 31 4
263 256 31 4
256 0 31 0
32 13
0 36 32 3
36 271 32 5
271 70 32 5
70 242 32 3
242 218 32 5
218 253 32 5
253 249 32 5
249 272 32 5
272 120 32 5
120 283 32 5
283 101 32 5
101 228 32 3
228 0 32 0
33 11
0 42 33 5
42 16 33 4
16 24 33 5
24 83 33 4
83 49 33 4
49 219 33 5
219 230 33 5
230 278 33 3
278 30 33 5
30 275 33 3
275 0 33 0
34 14
0 205 34 4
205 44 34 4
44 221 34 4
221 238 34 4
238 250 34 5
250 247 34 4
247 84 34 3
84 287 34 4
287 75 34 4
75 119 34 3
119 173 34 4
173 270 34 3
270 204 34 5
204 0 34 0
35 6
0 259 35 4
259 180 35 4
180 236 35 4
236 231 35 4
231 207 35 4
207 0 35 0
36 17
0 110 36 5
110 55 36 3
55 132 36 4
132 216 36 5
216 223 36 5
223 174 36 3
174 51 36 3
51 82 36 5
82 131 36 4
131 12 36 4
12 57 36 3
57 52 36 3
52 289 36 4
289 11 36 3
11 170 36 4
170 78 36 5
78 0 36 0
37 11
0 158 37 3
158 153 37 3
153 13 37 5
13 93 37 5
93 239 37 3
239 56 37 4
56 210 37 3
210 214 37 3
214 295 37 4
295 245 37 4
245 0 37 0
38 9
0 208 38 4
208 217 38 4
217 209 38 5
209 239 38 5
239 210 38 5
210 214 38 5
214 297 38 5
297 267 38 4
267 0 38 0
39 7
0 208 39 5
208 217 39 5
217 209 39 3
209 235 39 5
235 150 39 5
150 224 39 5
224 0 39 0
