# Solution for ../instances-HHCRSP/InstanzVNS_HCSRP_100_9.txt
# Cost = 921.784 Dist = 2753.88 Tard = 7.51395 TMax = 3.96304
# <vehicle> <route length>
# <origin node> <dest node> <vehicle> <service type>
0 14
0 47 0 2
47 35 0 2
35 36 0 2
36 11 0 2
11 100 0 1
100 88 0 2
88 8 0 0
8 86 0 2
86 18 0 2
18 92 0 0
92 21 0 1
21 45 0 2
45 57 0 2
57 0 0 0
1 1
0 0 1 0
2 8
0 33 2 0
33 87 2 0
87 90 2 0
90 26 2 0
26 61 2 0
61 55 2 0
55 31 2 0
31 0 2 0
3 3
0 99 3 0
99 32 3 0
32 0 3 0
4 8
0 97 4 2
97 16 4 2
16 96 4 2
96 58 4 2
58 69 4 0
69 28 4 2
28 94 4 0
94 0 4 0
5 14
0 42 5 2
42 54 5 1
54 64 5 2
64 59 5 2
59 98 5 2
98 91 5 1
91 43 5 0
43 23 5 2
23 10 5 1
10 44 5 2
44 53 5 0
53 60 5 2
60 93 5 1
93 0 5 0
6 11
0 89 6 0
89 9 6 1
9 50 6 1
50 27 6 0
27 4 6 1
4 95 6 1
95 56 6 0
56 30 6 1
30 1 6 1
1 20 6 0
20 0 6 0
7 15
0 66 7 3
66 75 7 3
75 79 7 3
79 6 7 3
6 83 7 3
83 100 7 3
100 77 7 5
77 62 7 3
62 88 7 5
88 15 7 5
15 78 7 3
78 74 7 5
74 29 7 3
29 40 7 5
40 0 7 0
8 12
0 68 8 4
68 22 8 4
22 75 8 4
75 79 8 4
79 12 8 4
12 83 8 4
83 77 8 4
77 70 8 5
70 72 8 4
72 78 8 4
78 74 8 4
74 0 8 0
9 9
0 81 9 5
81 5 9 5
5 76 9 3
76 87 9 3
87 90 9 5
90 85 9 3
85 38 9 3
38 80 9 5
80 0 9 0
10 13
0 34 10 4
34 2 10 4
2 81 10 4
81 52 10 4
52 76 10 5
76 48 10 5
48 17 10 5
17 84 10 4
84 72 10 3
72 86 10 5
86 24 10 4
24 92 10 4
92 0 10 0
11 1
0 0 11 0
12 7
0 97 12 4
97 82 12 4
82 71 12 5
71 73 12 5
73 7 12 5
7 93 12 4
93 0 12 0
13 2
0 25 13 5
25 0 13 0
14 9
0 82 14 5
82 71 14 3
71 98 14 3
98 91 14 3
91 39 14 3
39 3 14 4
3 85 14 4
85 13 14 4
13 0 14 0
15 4
0 99 15 4
99 73 15 3
73 14 15 4
14 0 15 0
16 11
0 49 16 5
49 89 16 4
89 63 16 4
63 67 16 5
67 95 16 5
95 19 16 5
19 84 16 5
84 37 16 5
37 80 16 4
80 51 16 4
51 0 16 0
17 1
0 0 17 0
18 6
0 46 18 5
46 96 18 5
96 41 18 4
41 94 18 5
94 65 18 5
65 0 18 0
19 1
0 0 19 0
