# Solution for ../instances-HHCRSP/InstanzVNS_HCSRP_300_7.txt
# Cost = 1678.4 Dist = 5000.93 Tard = 24.885 TMax = 9.38516
# <vehicle> <route length>
# <origin node> <dest node> <vehicle> <service type>
0 7
0 102 0 0
102 170 0 0
170 165 0 0
165 151 0 1
151 29 0 0
29 292 0 0
292 0 0 0
1 11
0 188 1 2
188 72 1 0
72 278 1 2
278 288 1 2
288 187 1 0
187 276 1 2
276 130 1 2
130 152 1 2
152 76 1 0
76 22 1 2
22 0 1 0
2 18
0 282 2 1
282 65 2 2
65 108 2 0
108 42 2 2
42 143 2 0
143 40 2 2
40 105 2 1
105 193 2 2
193 281 2 2
281 295 2 0
295 79 2 1
79 155 2 1
155 26 2 2
26 253 2 0
253 57 2 0
57 251 2 2
251 294 2 2
294 0 2 0
3 3
0 254 3 2
254 279 3 2
279 0 3 0
4 10
0 100 4 1
100 99 4 1
99 141 4 1
141 45 4 1
45 129 4 1
129 124 4 1
124 261 4 1
261 176 4 1
176 263 4 1
263 0 4 0
5 18
0 266 5 1
266 252 5 2
252 2 5 2
2 262 5 1
262 90 5 2
90 75 5 2
75 64 5 1
64 283 5 1
283 14 5 1
14 296 5 1
296 80 5 2
80 68 5 1
68 255 5 1
255 115 5 2
115 85 5 1
85 298 5 1
298 134 5 2
134 0 5 0
6 5
0 18 6 0
18 185 6 0
185 93 6 1
93 164 6 1
164 0 6 0
7 9
0 258 7 1
258 38 7 0
38 172 7 1
172 189 7 0
189 51 7 0
51 147 7 0
147 148 7 0
148 277 7 0
277 0 7 0
8 19
0 290 8 2
290 270 8 0
270 97 8 0
97 191 8 2
191 82 8 0
82 59 8 0
59 293 8 0
293 25 8 2
25 286 8 0
286 67 8 2
67 127 8 0
127 285 8 2
285 274 8 0
274 291 8 0
291 269 8 2
269 169 8 2
169 161 8 0
161 9 8 0
9 0 8 0
9 13
0 265 9 2
265 136 9 2
136 53 9 0
53 113 9 1
113 300 9 2
300 257 9 0
257 12 9 0
12 175 9 1
175 163 9 2
163 287 9 1
287 15 9 1
15 106 9 1
106 0 9 0
10 4
0 260 10 2
260 299 10 2
299 54 10 2
54 0 10 0
11 13
0 267 11 1
267 131 11 2
131 183 11 1
183 150 11 2
150 268 11 1
268 101 11 0
101 10 11 0
10 36 11 2
36 39 11 0
39 190 11 1
190 33 11 1
33 86 11 2
86 0 11 0
12 1
0 0 12 0
13 2
0 146 13 1
146 0 13 0
14 18
0 11 14 0
11 275 14 0
275 145 14 1
145 24 14 1
24 196 14 1
196 289 14 2
289 280 14 1
280 77 14 0
77 273 14 2
273 256 14 2
256 272 14 1
272 78 14 1
78 182 14 0
182 174 14 1
174 149 14 2
149 46 14 1
46 271 14 0
271 0 14 0
15 12
0 192 15 0
192 114 15 0
114 140 15 0
140 297 15 1
297 197 15 1
197 259 15 0
259 158 15 1
158 186 15 0
186 63 15 0
63 156 15 0
156 13 15 0
13 0 15 0
16 1
0 0 16 0
17 4
0 50 17 0
50 284 17 1
284 264 17 2
264 0 17 0
18 20
0 210 18 3
210 222 18 3
222 237 18 3
237 252 18 4
252 1 18 4
1 70 18 5
70 281 18 5
281 295 18 4
295 62 18 3
62 296 18 3
296 88 18 3
88 96 18 5
96 209 18 3
209 253 18 4
253 177 18 3
177 94 18 3
94 251 18 5
251 294 18 4
294 236 18 4
236 0 18 0
19 7
0 43 19 3
43 58 19 3
58 213 19 3
213 241 19 3
241 257 19 3
257 250 19 3
250 0 19 0
20 16
0 210 20 4
210 222 20 5
222 237 20 4
237 262 20 5
262 109 20 4
109 194 20 5
194 41 20 5
41 234 20 4
234 205 20 4
205 244 20 4
244 228 20 4
228 255 20 5
255 247 20 4
247 7 20 4
7 71 20 4
71 0 20 0
21 17
0 81 21 4
81 178 21 5
178 202 21 3
202 21 21 4
21 219 21 4
219 104 21 4
104 69 21 5
69 248 21 4
248 268 21 5
268 8 21 5
8 225 21 4
225 74 21 4
74 297 21 5
297 209 21 5
209 111 21 4
111 236 21 5
236 0 21 0
22 15
0 282 22 3
282 233 22 3
233 207 22 3
207 95 22 4
95 240 22 4
240 203 22 3
203 217 22 3
217 116 22 5
116 242 22 3
242 52 22 3
52 249 22 4
249 271 22 4
271 218 22 3
218 243 22 4
243 0 22 0
23 17
0 223 23 4
223 233 23 5
233 207 23 4
207 240 23 5
240 203 23 5
203 217 23 5
217 273 23 4
273 256 23 4
256 91 23 4
91 242 23 4
242 55 23 4
55 230 23 4
230 16 23 4
16 107 23 5
107 264 23 4
264 112 23 5
112 0 23 0
24 12
0 223 24 3
223 202 24 4
202 275 24 4
275 31 24 3
31 234 24 3
234 126 24 3
126 205 24 5
205 244 24 5
244 228 24 3
228 247 24 3
247 298 24 4
298 0 24 0
25 4
0 254 25 3
254 48 25 3
48 292 25 3
292 0 25 0
26 15
0 232 26 3
232 231 26 3
231 20 26 3
20 278 26 3
278 133 26 3
133 49 26 4
49 84 26 4
84 89 26 5
89 239 26 4
239 27 26 3
27 225 26 5
225 259 26 3
259 61 26 4
61 122 26 3
122 0 26 0
27 24
0 232 27 5
232 231 27 4
231 290 27 3
290 270 27 5
270 137 27 4
137 157 27 3
157 200 27 4
200 198 27 3
198 246 27 5
246 135 27 5
135 28 27 4
28 286 27 3
286 83 27 3
83 238 27 5
238 180 27 5
180 285 27 5
285 221 27 3
221 274 27 4
274 132 27 3
132 220 27 3
220 214 27 3
214 184 27 4
184 201 27 3
201 0 27 0
28 15
0 206 28 3
206 288 28 5
288 235 28 3
235 245 28 5
245 142 28 4
142 293 28 3
293 162 28 5
162 215 28 4
215 224 28 4
224 221 28 4
221 226 28 4
226 47 28 4
47 103 28 3
103 199 28 5
199 0 28 0
29 9
0 206 29 4
206 34 29 3
34 235 29 4
235 245 29 4
245 92 29 4
92 110 29 3
110 44 29 3
44 204 29 3
204 0 29 0
30 12
0 208 30 3
208 266 30 5
266 219 30 5
219 248 30 5
248 35 30 3
35 159 30 5
159 239 30 5
239 144 30 3
144 215 30 3
215 224 30 5
224 226 30 5
226 0 30 0
31 16
0 208 31 4
208 258 31 3
258 267 31 4
267 168 31 5
168 118 31 4
118 120 31 3
120 289 31 3
289 280 31 3
280 166 31 3
166 125 31 5
125 230 31 3
230 277 31 3
277 249 31 5
249 218 31 5
218 243 31 5
243 0 31 0
32 11
0 23 32 3
23 121 32 3
121 160 32 3
160 73 32 3
73 5 32 4
5 246 32 4
246 238 32 3
238 291 32 3
291 269 32 4
269 201 32 4
201 0 32 0
33 15
0 139 33 5
139 265 33 5
265 216 33 4
216 213 33 4
213 300 33 5
300 138 33 4
138 66 33 3
66 241 33 5
241 181 33 4
181 6 33 4
6 37 33 4
37 220 33 5
220 214 33 5
214 287 33 4
287 0 33 0
34 12
0 211 34 4
211 56 34 4
56 3 34 3
3 119 34 5
119 32 34 3
32 229 34 4
229 283 34 5
283 87 34 4
87 276 34 3
276 179 34 3
179 173 34 5
173 0 34 0
35 7
0 211 35 5
211 4 35 4
4 229 35 5
229 167 35 5
167 263 35 4
263 250 35 5
250 0 35 0
36 8
0 279 36 5
279 19 36 3
19 284 36 4
284 128 36 3
128 272 36 4
272 117 36 5
117 30 36 5
30 0 36 0
37 8
0 216 37 5
216 171 37 5
171 195 37 3
195 154 37 3
154 212 37 3
212 60 37 3
60 227 37 5
227 0 37 0
38 9
0 260 38 5
260 123 38 3
123 98 38 3
98 261 38 4
261 17 38 3
17 299 38 5
299 212 38 4
212 204 38 5
204 0 38 0
39 3
0 227 39 4
227 153 39 4
153 0 39 0
