# Solution for ../instances-HHCRSP/InstanzVNS_HCSRP_200_3.txt
# Cost = 1277.85 Dist = 3833.55 Tard = 0 TMax = 0
# <vehicle> <route length>
# <origin node> <dest node> <vehicle> <service type>
0 13
0 181 0 1
181 107 0 1
107 10 0 1
10 91 0 0
91 196 0 1
196 172 0 0
172 180 0 1
180 186 0 0
186 135 0 0
135 133 0 1
133 97 0 0
97 200 0 1
200 0 0 0
1 12
0 35 1 2
35 33 1 0
33 122 1 0
122 174 1 2
174 45 1 2
45 191 1 2
191 17 1 0
17 112 1 2
112 31 1 2
31 139 1 0
139 76 1 2
76 0 1 0
2 17
0 176 2 1
176 9 2 1
9 50 2 2
50 40 2 1
40 108 2 1
108 182 2 2
182 175 2 2
175 125 2 1
125 43 2 2
43 183 2 2
183 47 2 2
47 123 2 1
123 87 2 2
87 130 2 2
130 86 2 2
86 54 2 1
54 0 2 0
3 9
0 61 3 2
61 1 3 2
1 88 3 2
88 184 3 2
184 38 3 0
38 89 3 2
89 140 3 2
140 138 3 2
138 0 3 0
4 7
0 2 4 2
2 124 4 2
124 69 4 2
69 29 4 2
29 72 4 2
72 103 4 2
103 0 4 0
5 8
0 114 5 0
114 59 5 0
59 22 5 0
22 171 5 0
171 6 5 0
6 34 5 0
34 68 5 0
68 0 5 0
6 18
0 20 6 1
20 195 6 1
195 111 6 1
111 117 6 0
117 62 6 1
62 26 6 1
26 90 6 1
90 80 6 1
80 4 6 1
4 192 6 2
192 64 6 2
64 118 6 2
118 41 6 1
41 189 6 0
189 185 6 1
185 193 6 2
193 199 6 2
199 0 6 0
7 2
0 3 7 0
3 0 7 0
8 10
0 23 8 1
23 179 8 1
179 63 8 1
63 188 8 1
188 21 8 1
21 65 8 1
65 79 8 2
79 187 8 2
187 136 8 2
136 0 8 0
9 15
0 198 9 1
198 197 9 1
197 190 9 1
190 177 9 0
177 194 9 1
194 173 9 1
173 178 9 1
178 121 9 0
121 128 9 0
128 60 9 0
60 67 9 1
67 137 9 0
137 5 9 0
5 126 9 0
126 0 9 0
10 10
0 181 10 4
181 162 10 4
162 142 10 4
142 46 10 4
46 169 10 4
169 189 10 4
189 25 10 4
25 14 10 4
14 159 10 4
159 0 10 0
11 15
0 146 11 3
146 145 11 3
145 176 11 5
176 143 11 3
143 197 11 5
197 149 11 3
149 75 11 4
75 119 11 3
119 173 11 5
173 94 11 4
94 32 11 5
32 12 11 4
12 141 11 4
141 104 11 5
104 0 11 0
12 14
0 146 12 5
146 145 12 5
145 110 12 5
110 143 12 4
143 55 12 3
55 174 12 3
174 82 12 5
82 51 12 3
51 155 12 3
155 134 12 4
134 170 12 3
170 78 12 5
78 167 12 3
167 0 12 0
13 6
0 27 13 5
27 165 13 5
165 156 13 5
156 142 13 5
142 48 13 5
48 0 13 0
14 10
0 165 14 4
165 83 14 4
83 196 14 4
196 58 14 4
58 13 14 5
13 160 14 4
160 85 14 4
85 157 14 5
157 159 14 5
159 0 14 0
15 9
0 156 15 3
156 16 15 4
16 162 15 3
162 184 15 3
184 73 15 4
73 154 15 3
154 148 15 3
148 39 15 3
39 0 15 0
16 16
0 147 16 3
147 127 16 4
127 70 16 5
70 168 16 3
168 151 16 4
151 8 16 4
8 109 16 3
109 149 16 5
149 131 16 4
131 191 16 4
191 52 16 3
52 178 16 5
178 155 16 4
155 170 16 5
170 167 16 5
167 0 16 0
17 13
0 147 17 4
147 115 17 3
115 129 17 5
129 100 17 4
100 42 17 5
42 92 17 4
92 169 17 3
169 185 17 3
185 30 17 5
30 193 17 4
193 199 17 5
199 150 17 3
150 0 17 0
18 13
0 113 18 4
113 161 18 3
161 198 18 5
198 168 18 4
168 151 18 5
151 190 18 4
190 177 18 5
177 194 18 3
194 18 18 3
18 19 18 4
19 120 18 5
120 150 18 4
150 0 18 0
19 9
0 28 19 5
28 179 19 3
179 163 19 3
163 105 19 5
105 116 19 3
116 95 19 5
95 53 19 3
53 200 19 4
200 0 19 0
20 11
0 161 20 5
161 36 20 3
36 158 20 5
158 93 20 5
93 164 20 3
164 153 20 3
153 188 20 3
188 106 20 5
106 144 20 5
144 37 20 3
37 0 20 0
21 12
0 195 21 5
195 71 21 5
71 98 21 5
98 182 21 4
182 175 21 5
175 84 21 3
84 183 21 3
183 57 21 3
57 66 21 3
66 11 21 3
11 141 21 5
141 0 21 0
22 6
0 96 22 5
96 158 22 4
158 164 22 4
164 153 22 4
153 56 22 4
56 0 22 0
23 13
0 15 23 3
15 132 23 4
132 44 23 4
44 7 23 3
7 74 23 3
74 102 23 4
102 171 23 5
171 192 23 4
192 160 23 3
160 157 23 3
157 99 23 3
99 101 23 5
101 0 23 0
24 7
0 152 24 3
152 172 24 3
172 180 24 3
180 186 24 5
186 154 24 5
154 148 24 5
148 0 24 0
25 3
0 152 25 4
152 144 25 4
144 0 25 0
26 2
0 166 26 3
166 0 26 0
27 7
0 49 27 4
49 24 27 5
24 163 27 5
163 187 27 5
187 81 27 5
81 77 27 5
77 0 27 0
28 2
0 166 28 5
166 0 28 0
29 1
0 0 29 0
