# Solution for ../instances-HHCRSP/InstanzCPLEX_HCSRP_75_10.txt
# Cost = 1355.14 Dist = 2583.87 Tard = 1240.77 TMax = 240.773
# <vehicle> <route length>
# <origin node> <dest node> <vehicle> <service type>
0 17
0 70 0 0
70 73 0 0
73 2 0 0
2 4 0 0
4 64 0 0
64 33 0 0
33 16 0 0
16 19 0 1
19 44 0 0
44 69 0 0
69 67 0 0
67 72 0 0
72 71 0 0
71 14 0 0
14 48 0 0
48 47 0 0
47 0 0 0
1 5
0 32 1 2
32 24 1 2
24 66 1 2
66 28 1 2
28 0 1 0
2 3
0 29 2 2
29 31 2 2
31 0 2 0
3 15
0 22 3 1
22 11 3 1
11 7 3 1
7 26 3 1
26 68 3 1
68 35 3 1
35 50 3 1
50 18 3 1
18 65 3 1
65 40 3 1
40 74 3 1
74 36 3 1
36 42 3 1
42 75 3 1
75 0 3 0
4 5
0 34 4 2
34 27 4 2
27 43 4 2
43 30 4 2
30 0 4 0
5 11
0 70 5 3
70 15 5 3
15 61 5 3
61 6 5 4
6 64 5 3
64 23 5 3
23 1 5 3
1 21 5 5
21 13 5 3
13 74 5 3
74 0 5 0
6 5
0 73 6 5
73 58 6 4
58 65 6 5
65 71 6 4
71 0 6 0
7 2
0 53 7 5
53 0 7 0
8 14
0 45 8 4
45 12 8 5
12 37 8 4
37 39 8 3
39 61 8 5
61 3 8 3
3 8 8 4
8 52 8 5
52 62 8 3
62 69 8 4
69 10 8 4
10 59 8 5
59 54 8 3
54 0 8 0
9 7
0 63 9 3
63 57 9 5
57 68 9 5
68 51 9 5
51 56 9 5
56 60 9 5
60 0 9 0
10 8
0 63 10 4
63 57 10 4
57 9 10 3
9 38 10 4
38 62 10 4
62 67 10 4
67 59 10 4
59 0 10 0
11 5
0 53 11 3
53 58 11 3
58 56 11 3
56 60 11 4
60 0 11 0
12 6
0 41 12 5
41 46 12 5
46 25 12 5
25 66 12 5
66 55 12 5
55 0 12 0
13 6
0 5 13 4
5 49 13 5
49 20 13 4
20 72 13 5
72 54 13 5
54 0 13 0
14 4
0 17 14 4
17 55 14 3
55 75 14 3
75 0 14 0
