# Solution for ../instances-HHCRSP/InstanzVNS_HCSRP_100_2.txt
# Cost = 849.897 Dist = 2538.59 Tard = 6.77694 TMax = 4.32918
# <vehicle> <route length>
# <origin node> <dest node> <vehicle> <service type>
0 2
0 7 0 0
7 0 0 0
1 10
0 59 1 2
59 40 1 2
40 36 1 2
36 98 1 1
98 99 1 1
99 95 1 1
95 56 1 1
56 4 1 1
4 33 1 1
33 0 1 0
2 15
0 96 2 1
96 14 2 0
14 54 2 1
54 91 2 0
91 61 2 2
61 19 2 2
19 41 2 2
41 45 2 0
45 34 2 2
34 31 2 1
31 15 2 2
15 97 2 2
97 42 2 1
42 32 2 0
32 0 2 0
3 4
0 39 3 1
39 92 3 1
92 100 3 1
100 0 3 0
4 5
0 93 4 2
93 43 4 2
43 3 4 2
3 16 4 2
16 0 4 0
5 12
0 11 5 2
11 26 5 0
26 94 5 2
94 88 5 2
88 2 5 0
2 66 5 2
66 65 5 2
65 10 5 0
10 12 5 2
12 21 5 0
21 6 5 0
6 0 5 0
6 12
0 89 6 1
89 46 6 0
46 9 6 1
9 17 6 1
17 67 6 0
67 44 6 1
44 57 6 0
57 38 6 1
38 90 6 1
90 86 6 0
86 87 6 1
87 0 6 0
7 15
0 8 7 3
8 13 7 4
13 72 7 3
72 81 7 3
81 28 7 5
28 73 7 3
73 29 7 3
29 58 7 4
58 80 7 3
80 78 7 3
78 35 7 4
35 74 7 3
74 55 7 5
55 79 7 3
79 0 7 0
8 14
0 96 8 5
96 72 8 4
72 81 8 5
81 49 8 4
49 73 8 5
73 48 8 3
48 25 8 4
25 76 8 4
76 99 8 4
99 85 8 3
85 95 8 4
95 24 8 4
24 70 8 5
70 0 8 0
9 14
0 1 9 4
1 71 9 4
71 77 9 3
77 91 9 3
91 75 9 3
75 94 9 3
94 84 9 4
84 27 9 4
27 5 9 3
5 68 9 4
68 18 9 3
18 78 9 4
78 74 9 4
74 0 9 0
10 11
0 83 10 4
83 53 10 4
53 62 10 4
62 98 10 3
98 52 10 4
52 90 10 3
90 86 10 3
86 87 10 4
87 64 10 3
64 82 10 4
82 0 10 0
11 9
0 83 11 5
83 51 11 5
51 22 11 3
22 76 11 3
76 85 11 5
85 23 11 5
23 37 11 3
37 82 11 3
82 0 11 0
12 10
0 71 12 5
71 77 12 4
77 75 12 4
75 84 12 5
84 88 12 5
88 80 12 4
80 47 12 4
47 97 12 4
97 79 12 4
79 0 12 0
13 8
0 89 13 5
89 50 13 5
50 93 13 4
93 63 13 4
63 30 13 4
30 92 13 4
92 20 13 5
20 0 13 0
14 4
0 60 14 5
60 100 14 4
100 69 14 4
69 0 14 0
15 1
0 0 15 0
16 1
0 0 16 0
17 1
0 0 17 0
18 1
0 0 18 0
19 1
0 0 19 0
