# Solution for ../instances-HHCRSP/InstanzCPLEX_HCSRP_50_5.txt
# Cost = 714.093 Dist = 1870.72 Tard = 209.128 TMax = 62.4278
# <vehicle> <route length>
# <origin node> <dest node> <vehicle> <service type>
0 13
0 45 0 0
45 14 0 0
14 50 0 0
50 17 0 0
17 34 0 1
34 21 0 0
21 23 0 0
23 48 0 0
48 25 0 1
25 5 0 0
5 33 0 1
33 35 0 1
35 0 0 0
1 13
0 15 1 2
15 49 1 2
49 9 1 2
9 3 1 2
3 43 1 2
43 30 1 2
30 32 1 2
32 47 1 2
47 27 1 2
27 4 1 2
4 24 1 2
24 44 1 2
44 0 1 0
2 5
0 46 2 1
46 31 2 1
31 18 2 1
18 13 2 1
13 0 2 0
3 11
0 16 3 4
16 45 3 5
45 42 3 3
42 22 3 5
22 11 3 5
11 50 3 3
50 10 3 3
10 39 3 3
39 47 3 5
47 26 3 4
26 0 3 0
4 5
0 38 4 3
38 1 4 5
1 20 4 3
20 44 4 5
44 0 4 0
5 10
0 42 5 4
42 49 5 4
49 28 5 3
28 38 5 4
38 12 5 3
12 36 5 4
36 29 5 3
29 19 5 5
19 41 5 5
41 0 5 0
6 3
0 43 6 4
43 41 6 4
41 0 6 0
7 9
0 6 7 5
6 46 7 3
46 2 7 4
2 39 7 5
39 7 7 4
7 48 7 3
48 37 7 4
37 40 7 4
40 0 7 0
8 1
0 0 8 0
9 5
0 8 9 5
8 36 9 5
36 37 9 3
37 40 9 5
40 0 9 0
