# Solution for ../instances-HHCRSP/InstanzVNS_HCSRP_300_1.txt
# Cost = 1880.03 Dist = 5594.71 Tard = 31.3935 TMax = 14
# <vehicle> <route length>
# <origin node> <dest node> <vehicle> <service type>
0 16
0 300 0 1
300 33 0 0
33 299 0 0
299 62 0 1
62 175 0 0
175 77 0 0
77 71 0 1
71 184 0 0
184 48 0 0
48 283 0 0
283 171 0 1
171 276 0 1
276 103 0 0
103 298 0 1
298 147 0 1
147 0 0 0
1 7
0 260 1 2
260 291 1 2
291 169 1 2
169 158 1 2
158 53 1 2
53 30 1 2
30 0 1 0
2 7
0 81 2 2
81 182 2 2
182 176 2 2
176 5 2 2
5 259 2 2
259 57 2 2
57 0 2 0
3 16
0 263 3 1
263 17 3 2
17 123 3 2
123 287 3 2
287 137 3 2
137 3 3 1
3 258 3 1
258 295 3 2
295 93 3 2
93 277 3 2
277 274 3 2
274 11 3 1
11 261 3 2
261 254 3 2
254 99 3 2
99 0 3 0
4 7
0 151 4 2
151 70 4 2
70 292 4 2
292 267 4 2
267 252 4 2
252 22 4 2
22 0 4 0
5 2
0 40 5 2
40 0 5 0
6 2
0 129 6 2
129 0 6 0
7 8
0 139 7 0
139 61 7 0
61 101 7 0
101 19 7 0
19 82 7 0
82 18 7 0
18 92 7 0
92 0 7 0
8 15
0 181 8 0
181 120 8 1
120 255 8 0
255 125 8 0
125 251 8 0
251 297 8 1
297 296 8 0
296 166 8 0
166 128 8 1
128 174 8 1
174 293 8 0
293 257 8 1
257 107 8 0
107 46 8 0
46 0 8 0
9 18
0 31 9 1
31 262 9 0
262 42 9 2
42 189 9 0
189 256 9 1
256 13 9 1
13 150 9 1
150 290 9 1
290 67 9 2
67 100 9 0
100 75 9 0
75 21 9 2
21 192 9 2
192 284 9 1
284 38 9 0
38 89 9 1
89 133 9 2
133 0 9 0
10 2
0 266 10 2
266 0 10 0
11 8
0 134 11 1
134 98 11 1
98 43 11 1
43 12 11 1
12 58 11 1
58 285 11 1
285 197 11 1
197 0 11 0
12 18
0 279 12 0
279 264 12 2
264 289 12 0
289 104 12 1
104 253 12 1
253 280 12 1
280 268 12 2
268 60 12 2
60 160 12 1
160 142 12 2
142 15 12 0
15 97 12 1
97 265 12 0
265 270 12 1
270 41 12 1
41 269 12 2
269 110 12 1
110 0 12 0
13 9
0 148 13 1
148 282 13 1
282 59 13 2
59 25 13 2
25 7 13 2
7 131 13 2
131 164 13 1
164 191 13 1
191 0 13 0
14 14
0 288 14 0
288 273 14 1
273 294 14 1
294 272 14 0
272 56 14 1
56 278 14 0
278 78 14 1
78 275 14 1
275 111 14 1
111 168 14 0
168 157 14 1
157 271 14 0
271 55 14 0
55 0 14 0
15 4
0 84 15 0
84 286 15 0
286 105 15 0
105 0 15 0
16 9
0 180 16 0
180 47 16 0
47 193 16 0
193 281 16 0
281 90 16 0
90 196 16 0
196 106 16 0
106 66 16 0
66 0 16 0
17 2
0 73 17 1
73 0 17 0
18 20
0 219 18 4
219 239 18 3
239 91 18 3
91 159 18 5
159 37 18 3
37 45 18 3
45 205 18 3
205 217 18 3
217 211 18 4
211 135 18 3
135 209 18 4
209 204 18 4
204 39 18 3
39 165 18 5
165 126 18 4
126 283 18 3
283 261 18 4
261 254 18 5
254 224 18 3
224 0 18 0
19 15
0 260 19 3
260 300 19 3
300 291 19 3
291 140 19 4
140 102 19 4
102 235 19 3
235 227 19 3
227 207 19 3
207 119 19 4
119 233 19 4
233 242 19 3
242 277 19 4
277 228 19 3
228 245 19 3
245 0 19 0
20 12
0 149 20 4
149 222 20 4
222 263 20 3
263 249 20 3
249 287 20 3
287 244 20 3
244 218 20 3
218 116 20 4
116 132 20 3
132 214 20 4
214 271 20 3
271 0 20 0
21 14
0 232 21 3
232 215 21 4
215 54 21 3
54 172 21 4
172 217 21 4
217 136 21 4
136 76 21 3
76 187 21 4
187 201 21 4
201 112 21 4
112 220 21 4
220 241 21 3
241 231 21 3
231 0 21 0
22 17
0 219 22 5
219 239 22 5
239 222 22 5
222 50 22 5
50 262 22 4
262 10 22 4
10 216 22 4
216 206 22 3
206 88 22 5
88 26 22 5
26 141 22 4
141 163 22 3
163 237 22 4
237 240 22 4
240 72 22 4
72 28 22 5
28 0 22 0
23 21
0 232 23 5
232 20 23 5
20 198 23 5
198 247 23 5
247 138 23 3
138 79 23 3
79 221 23 5
221 268 23 5
268 235 23 5
235 6 23 4
6 23 23 4
23 188 23 3
188 209 23 5
209 204 23 5
204 69 23 5
69 242 23 4
242 223 23 3
223 274 23 4
274 200 23 4
200 36 23 3
36 0 23 0
24 12
0 215 24 5
215 24 24 5
24 170 24 5
170 299 24 5
299 94 24 4
94 205 24 4
205 211 24 5
211 179 24 5
179 223 24 5
223 228 24 5
228 245 24 4
245 0 24 0
25 9
0 202 25 3
202 14 25 3
14 247 25 4
247 221 25 3
221 16 25 4
16 29 25 3
29 167 25 3
167 224 25 4
224 0 25 0
26 13
0 202 26 4
202 279 26 3
279 190 26 3
190 234 26 3
234 65 26 4
65 253 26 5
253 227 26 5
227 207 26 5
207 63 26 4
63 153 26 5
153 233 26 5
233 276 26 4
276 0 26 0
27 10
0 85 27 3
85 246 27 3
246 229 27 3
229 278 27 4
278 275 27 3
275 2 27 4
2 44 27 3
44 214 27 5
214 199 27 5
199 0 27 0
28 8
0 83 28 5
83 286 28 5
286 236 28 5
236 87 28 5
87 32 28 4
32 212 28 5
212 250 28 5
250 0 28 0
29 9
0 238 29 3
238 146 29 4
146 68 29 4
68 282 29 5
282 152 29 4
152 183 29 5
183 34 29 4
34 185 29 4
185 0 29 0
30 9
0 238 30 4
238 216 30 5
216 206 30 5
206 267 30 5
267 252 30 5
252 237 30 5
237 240 30 5
240 121 30 4
121 0 30 0
31 16
0 203 31 3
203 127 31 3
127 255 31 5
255 178 31 3
178 297 31 3
297 296 31 5
296 194 31 5
194 145 31 5
145 201 31 3
201 195 31 5
195 80 31 5
80 220 31 3
220 241 31 5
241 231 31 5
231 298 31 5
298 0 31 0
32 17
0 203 32 4
203 251 32 4
251 27 32 4
27 49 32 4
49 114 32 5
114 230 32 3
230 226 32 3
226 258 32 4
258 144 32 4
144 295 32 5
295 96 32 5
96 1 32 3
1 213 32 3
213 269 32 5
269 210 32 4
210 225 32 3
225 0 32 0
33 19
0 115 33 3
115 117 33 5
117 264 33 5
264 289 33 3
289 234 33 5
234 280 33 5
280 86 33 5
86 118 33 5
118 281 33 3
281 230 33 5
230 226 33 4
226 64 33 3
64 265 33 4
265 270 33 5
270 156 33 3
156 213 33 4
213 210 33 5
210 225 33 5
225 0 33 0
34 16
0 288 34 4
288 154 34 5
154 273 34 4
273 294 34 5
294 272 34 3
272 186 34 5
186 249 34 5
249 244 34 5
244 218 34 4
218 113 34 5
113 35 34 5
35 130 34 5
130 293 34 4
293 257 34 5
257 285 34 3
285 0 34 0
35 14
0 8 35 4
8 177 35 4
177 122 35 5
122 52 35 3
52 161 35 5
161 95 35 5
95 256 35 4
256 155 35 3
155 290 35 4
290 284 35 3
284 212 35 3
212 250 35 3
250 243 35 3
243 0 35 0
36 6
0 208 36 3
208 109 36 3
109 229 36 4
229 162 36 4
162 259 36 3
259 0 36 0
37 9
0 208 37 4
208 246 37 4
246 124 37 4
124 4 37 3
4 248 37 5
248 266 37 3
266 143 37 3
143 173 37 4
173 0 37 0
38 8
0 108 38 3
108 292 38 4
292 236 38 3
236 9 38 4
9 74 38 4
74 51 38 4
51 243 38 4
243 0 38 0
39 2
0 248 39 3
248 0 39 0
