# Solution for ../instances-HHCRSP/InstanzCPLEX_HCSRP_75_7.txt
# Cost = 601.119 Dist = 1803.36 Tard = 0 TMax = 0
# <vehicle> <route length>
# <origin node> <dest node> <vehicle> <service type>
0 6
0 50 0 0
50 18 0 0
18 73 0 0
73 9 0 0
9 12 0 0
12 0 0 0
1 12
0 2 1 2
2 42 1 2
42 11 1 0
11 38 1 0
38 40 1 2
40 14 1 1
14 70 1 1
70 68 1 1
68 26 1 2
26 71 1 0
71 46 1 1
46 0 1 0
2 13
0 65 2 1
65 24 2 1
24 51 2 0
51 64 2 0
64 69 2 1
69 10 2 0
10 74 2 0
74 29 2 0
29 33 2 1
33 39 2 0
39 15 2 1
15 13 2 0
13 0 2 0
3 2
0 72 3 1
72 0 3 0
4 8
0 75 4 1
75 25 4 2
25 45 4 1
45 67 4 2
67 66 4 1
66 22 4 2
22 36 4 2
36 0 4 0
5 10
0 21 5 4
21 65 5 5
65 31 5 3
31 52 5 3
52 55 5 3
55 57 5 4
57 30 5 5
30 61 5 3
61 63 5 3
63 0 5 0
6 12
0 56 6 3
56 35 6 3
35 32 6 3
32 1 6 4
1 41 6 5
41 62 6 4
62 70 6 5
70 68 6 4
68 55 6 4
55 7 6 4
7 71 6 3
71 0 6 0
7 8
0 56 7 5
56 3 7 3
3 64 7 4
64 69 7 3
69 62 7 5
62 57 7 5
57 16 7 4
16 0 7 0
8 8
0 23 8 3
23 58 8 3
58 43 8 3
43 73 8 3
73 53 8 3
53 59 8 3
59 44 8 3
44 0 8 0
9 9
0 58 9 4
58 75 9 4
75 5 9 4
5 53 9 5
53 28 9 4
28 6 9 4
6 67 9 5
67 66 9 3
66 0 9 0
10 10
0 72 10 4
72 34 10 3
34 20 10 3
20 49 10 4
49 4 10 4
4 19 10 3
19 8 10 5
8 61 10 4
61 63 10 4
63 0 10 0
11 3
0 59 11 4
59 37 11 4
37 0 11 0
12 5
0 74 12 4
74 27 12 3
27 48 12 3
48 17 12 3
17 0 12 0
13 4
0 60 13 3
60 47 13 4
47 54 13 4
54 0 13 0
14 3
0 60 14 5
60 54 14 3
54 0 14 0
