# Solution for ../instances-HHCRSP/InstanzVNS_HCSRP_100_2.txt
# Cost = 855.693 Dist = 2556.32 Tard = 7.07237 TMax = 3.68549
# <vehicle> <route length>
# <origin node> <dest node> <vehicle> <service type>
0 4
0 67 0 0
67 57 0 0
57 32 0 0
32 0 0 0
1 18
0 96 1 1
96 89 1 1
89 93 1 2
93 9 1 1
9 54 1 1
54 17 1 1
17 44 1 1
44 36 1 2
36 40 1 2
40 98 1 1
98 99 1 1
99 95 1 1
95 56 1 1
56 4 1 1
4 33 1 1
33 97 1 2
97 42 1 1
42 0 1 0
2 9
0 26 2 0
26 11 2 2
11 41 2 2
41 45 2 0
45 34 2 2
34 31 2 1
31 15 2 2
15 21 2 0
21 0 2 0
3 4
0 39 3 1
39 92 3 1
92 100 3 1
100 0 3 0
4 5
0 59 4 2
59 43 4 2
43 3 4 2
3 16 4 2
16 0 4 0
5 13
0 14 5 0
14 61 5 2
61 91 5 0
91 94 5 2
94 88 5 2
88 2 5 0
2 66 5 2
66 65 5 2
65 10 5 0
10 19 5 2
19 12 5 2
12 6 5 0
6 0 5 0
6 7
0 46 6 0
46 38 6 1
38 90 6 1
90 86 6 0
86 87 6 1
87 7 6 0
7 0 6 0
7 17
0 96 7 5
96 50 7 5
50 89 7 5
89 1 7 4
1 72 7 3
72 13 7 4
13 80 7 3
80 75 7 3
75 27 7 4
27 84 7 4
84 78 7 3
78 88 7 5
88 58 7 4
58 47 7 4
47 97 7 4
97 79 7 3
79 0 7 0
8 10
0 72 8 4
72 81 8 3
81 49 8 4
49 73 8 3
73 29 8 3
29 25 8 4
25 76 8 4
76 85 8 3
85 24 8 4
24 0 8 0
9 16
0 71 9 4
71 77 9 4
77 91 9 3
91 94 9 3
94 80 9 4
80 75 9 4
75 84 9 5
84 78 9 4
78 5 9 3
5 68 9 4
68 18 9 3
18 35 9 4
35 74 9 4
74 55 9 5
55 79 9 4
79 0 9 0
10 9
0 93 10 4
93 63 10 4
63 30 10 4
30 52 10 4
52 90 10 3
90 86 10 3
86 87 10 4
87 64 10 3
64 0 10 0
11 9
0 71 11 5
71 77 11 3
77 8 11 3
8 28 11 5
28 81 11 5
81 48 11 3
48 73 11 5
73 74 11 3
74 0 11 0
12 4
0 69 12 4
69 92 12 4
92 20 12 5
20 0 12 0
13 3
0 60 13 5
60 100 13 4
100 0 13 0
14 4
0 51 14 5
51 62 14 4
62 82 14 4
82 0 14 0
15 8
0 83 15 4
83 53 15 4
53 98 15 3
98 23 15 5
23 99 15 4
99 95 15 4
95 70 15 5
70 0 15 0
16 1
0 0 16 0
17 7
0 83 17 5
83 22 17 3
22 76 17 3
76 85 17 5
85 37 17 3
37 82 17 3
82 0 17 0
18 1
0 0 18 0
19 1
0 0 19 0
