# Solution for ../instances-HHCRSP/InstanzCPLEX_HCSRP_75_1.txt
# Cost = 1204.75 Dist = 2312.02 Tard = 1051.57 TMax = 250.652
# <vehicle> <route length>
# <origin node> <dest node> <vehicle> <service type>
0 15
0 33 0 0
33 47 0 0
47 19 0 0
19 73 0 0
73 18 0 0
18 67 0 0
67 38 0 0
38 74 0 0
74 46 0 0
46 72 0 0
72 64 0 0
64 15 0 0
15 48 0 0
48 75 0 0
75 0 0 0
1 3
0 22 1 2
22 40 1 2
40 0 1 0
2 13
0 31 2 1
31 42 2 2
42 70 2 1
70 43 2 1
43 12 2 1
12 5 2 2
5 68 2 2
68 41 2 1
41 66 2 1
66 25 2 2
25 7 2 2
7 21 2 2
21 0 2 0
3 2
0 13 3 1
13 0 3 0
4 8
0 17 4 2
17 65 4 2
65 3 4 1
3 71 4 2
71 69 4 2
69 11 4 1
11 30 4 2
30 0 4 0
5 11
0 24 5 5
24 20 5 5
20 54 5 3
54 71 5 3
71 63 5 3
63 36 5 3
36 53 5 5
53 69 5 5
69 29 5 3
29 75 5 3
75 0 5 0
6 11
0 49 6 4
49 37 6 3
37 54 6 4
54 6 6 4
6 45 6 3
45 62 6 3
62 60 6 3
60 39 6 3
39 16 6 4
16 53 6 3
53 0 6 0
7 7
0 52 7 3
52 8 7 4
8 9 7 4
9 51 7 4
51 74 7 3
74 4 7 3
4 0 7 0
8 5
0 70 8 4
70 61 8 3
61 67 8 3
67 32 8 4
32 0 8 0
9 8
0 61 9 5
61 26 9 5
26 68 9 4
68 57 9 3
57 72 9 4
72 55 9 4
55 58 9 3
58 0 9 0
10 6
0 56 10 4
56 2 10 4
2 57 10 4
57 59 10 4
59 28 10 5
28 0 10 0
11 13
0 56 11 3
56 14 11 3
14 27 11 4
27 65 11 5
65 23 11 4
23 62 11 5
62 60 11 4
60 63 11 5
63 66 11 3
66 44 11 3
44 55 11 5
55 58 11 4
58 0 11 0
12 2
0 73 12 4
73 0 12 0
13 1
0 0 13 0
14 8
0 10 14 4
10 50 14 5
50 34 14 4
34 35 14 5
35 59 14 5
59 1 14 3
1 64 14 5
64 0 14 0
