# Solution for ../instances-HHCRSP/InstanzCPLEX_HCSRP_75_8.txt
# Cost = 681.984 Dist = 2045.95 Tard = 0 TMax = 0
# <vehicle> <route length>
# <origin node> <dest node> <vehicle> <service type>
0 10
0 10 0 0
10 45 0 2
45 65 0 0
65 40 0 0
40 70 0 2
70 64 0 0
64 13 0 2
13 51 0 0
51 73 0 2
73 0 0 0
1 14
0 68 1 1
68 21 1 0
21 17 1 0
17 11 1 0
11 74 1 1
74 36 1 1
36 4 1 1
4 32 1 1
32 67 1 1
67 5 1 0
5 71 1 0
71 27 1 1
27 18 1 1
18 0 1 0
2 4
0 42 2 0
42 66 2 0
66 16 2 0
16 0 2 0
3 9
0 33 3 1
33 22 3 1
22 75 3 2
75 44 3 1
44 48 3 1
48 72 3 1
72 46 3 2
46 69 3 2
69 0 3 0
4 4
0 23 4 2
23 6 4 2
6 12 4 2
12 0 4 0
5 12
0 61 5 3
61 7 5 3
7 55 5 3
55 70 5 3
70 64 5 4
64 53 5 3
53 24 5 4
24 35 5 4
35 39 5 4
39 72 5 3
72 69 5 4
69 0 5 0
6 14
0 49 6 5
49 8 6 5
8 25 6 5
25 65 6 4
65 1 6 4
1 54 6 4
54 56 6 3
56 58 6 3
58 38 6 4
38 37 6 5
37 62 6 3
62 3 6 4
3 73 6 3
73 0 6 0
7 9
0 61 7 4
61 55 7 5
55 75 7 5
75 53 7 5
53 47 7 4
47 34 7 5
34 62 7 5
62 71 7 5
71 0 7 0
8 10
0 68 8 3
68 50 8 4
50 14 8 5
14 63 8 3
63 26 8 3
26 20 8 3
20 19 8 3
19 30 8 5
30 9 8 5
9 0 8 0
9 6
0 57 9 3
57 59 9 3
59 60 9 3
60 41 9 5
41 31 9 5
31 0 9 0
10 6
0 57 10 5
57 59 10 5
59 63 10 5
63 74 10 5
74 29 10 3
29 0 10 0
11 8
0 43 11 4
43 54 11 5
54 56 11 4
56 58 11 4
58 67 11 5
67 2 11 4
2 52 11 4
52 0 11 0
12 4
0 60 12 4
60 66 12 4
66 28 12 3
28 0 12 0
13 2
0 15 13 4
15 0 13 0
14 1
0 0 14 0
