# Solution for ../instances-HHCRSP/InstanzCPLEX_HCSRP_75_6.txt
# Cost = 736.279 Dist = 2201.47 Tard = 3.68169 TMax = 3.68169
# <vehicle> <route length>
# <origin node> <dest node> <vehicle> <service type>
0 13
0 67 0 1
67 65 0 1
65 4 0 0
4 13 0 0
13 74 0 0
74 19 0 1
19 40 0 2
40 15 0 1
15 23 0 1
23 24 0 1
24 73 0 1
73 1 0 1
1 0 0 0
1 6
0 25 1 2
25 51 1 2
51 3 1 2
3 47 1 2
47 12 1 2
12 0 1 0
2 11
0 16 2 0
16 66 2 2
66 20 2 2
20 33 2 0
33 18 2 0
18 2 2 0
2 44 2 0
44 41 2 0
41 68 2 2
68 70 2 0
70 0 2 0
3 3
0 30 3 2
30 22 3 2
22 0 3 0
4 11
0 5 4 1
5 36 4 1
36 43 4 1
43 31 4 2
31 64 4 1
64 26 4 0
26 72 4 2
72 71 4 0
71 69 4 2
69 75 4 1
75 0 4 0
5 6
0 67 5 3
67 66 5 3
66 62 5 5
62 17 5 5
17 58 5 3
58 0 5 0
6 12
0 60 6 4
60 65 6 5
65 27 6 4
27 55 6 3
55 52 6 3
52 46 6 4
46 53 6 3
53 61 6 4
61 29 6 3
29 28 6 5
28 58 6 5
58 0 6 0
7 9
0 60 7 5
60 48 7 4
48 11 7 4
11 74 7 3
74 53 7 4
53 61 7 5
61 73 7 4
73 38 7 5
38 0 7 0
8 9
0 49 8 4
49 37 8 4
37 34 8 5
34 63 8 4
63 59 8 4
59 68 8 5
68 57 8 3
57 70 8 5
70 0 8 0
9 10
0 54 9 4
54 7 9 5
7 35 9 5
35 62 9 4
62 8 9 4
8 21 9 3
21 32 9 4
32 64 9 3
64 10 9 5
10 0 9 0
10 3
0 56 10 4
56 75 10 4
75 0 10 0
11 1
0 0 11 0
12 10
0 54 12 5
54 39 12 5
39 6 12 5
6 55 12 4
55 9 12 4
9 72 12 4
72 71 12 4
71 69 12 4
69 14 12 3
14 0 12 0
13 8
0 56 13 5
56 45 13 5
45 50 13 3
50 63 13 5
63 59 13 5
59 57 13 5
57 42 13 4
42 0 13 0
14 1
0 0 14 0
