# Solution for ../instances-HHCRSP/InstanzVNS_HCSRP_100_9.txt
# Cost = 957.467 Dist = 2872.4 Tard = 0 TMax = 0
# <vehicle> <route length>
# <origin node> <dest node> <vehicle> <service type>
0 14
0 47 0 2
47 35 0 2
35 36 0 2
36 11 0 2
11 27 0 0
27 100 0 1
100 88 0 2
88 18 0 2
18 86 0 2
86 21 0 1
21 45 0 2
45 69 0 0
69 57 0 2
57 0 0 0
1 3
0 54 1 1
54 91 1 1
91 0 1 0
2 7
0 89 2 0
89 87 2 0
87 90 2 0
90 33 2 0
33 55 2 0
55 31 2 0
31 0 2 0
3 3
0 99 3 0
99 32 3 0
32 0 3 0
4 8
0 97 4 2
97 16 4 2
16 96 4 2
96 58 4 2
58 20 4 0
20 28 4 2
28 94 4 0
94 0 4 0
5 12
0 42 5 2
42 64 5 2
64 23 5 2
23 59 5 2
59 98 5 2
98 43 5 0
43 10 5 1
10 44 5 2
44 53 5 0
53 60 5 2
60 93 5 1
93 0 5 0
6 12
0 9 6 1
9 50 6 1
50 56 6 0
56 4 6 1
4 95 6 1
95 8 6 0
8 30 6 1
30 1 6 1
1 61 6 0
61 26 6 0
26 92 6 0
92 0 6 0
7 16
0 66 7 3
66 81 7 5
81 67 7 5
67 75 7 3
75 79 7 3
79 83 7 3
83 100 7 3
100 77 7 5
77 62 7 3
62 88 7 5
88 15 7 5
15 78 7 3
78 74 7 5
74 29 7 3
29 40 7 5
40 0 7 0
8 11
0 81 8 4
81 75 8 4
75 79 8 4
79 12 8 4
12 83 8 4
83 77 8 4
77 70 8 5
70 72 8 4
72 78 8 4
78 74 8 4
74 0 8 0
9 10
0 82 9 5
82 71 9 3
71 73 9 3
73 91 9 3
91 98 9 3
98 39 9 3
39 85 9 3
85 38 9 3
38 80 9 5
80 0 9 0
10 11
0 97 10 4
97 2 10 4
2 5 10 5
5 76 10 3
76 87 10 3
87 90 10 5
90 85 10 4
85 13 10 4
13 3 10 4
3 14 10 4
14 0 10 0
11 1
0 0 11 0
12 6
0 82 12 4
82 71 12 5
71 73 12 5
73 7 12 5
7 93 12 4
93 0 12 0
13 4
0 76 13 5
76 17 13 5
17 48 13 5
48 0 13 0
14 12
0 34 14 4
34 49 14 5
49 89 14 4
89 63 14 4
63 6 14 3
6 84 14 4
84 19 14 5
19 72 14 3
72 86 14 5
86 24 14 4
24 92 14 4
92 0 14 0
15 9
0 52 15 4
52 68 15 4
68 22 15 4
22 95 15 5
95 84 15 5
84 37 15 5
37 80 15 4
80 51 15 4
51 0 15 0
16 6
0 46 16 5
46 96 16 5
96 41 16 4
41 94 16 5
94 65 16 5
65 0 16 0
17 1
0 0 17 0
18 3
0 25 18 5
25 99 18 4
99 0 18 0
19 1
0 0 19 0
