# Solution for ../instances-HHCRSP/InstanzCPLEX_HCSRP_75_3.txt
# Cost = 649.9 Dist = 1902.62 Tard = 23.5393 TMax = 23.5393
# <vehicle> <route length>
# <origin node> <dest node> <vehicle> <service type>
0 14
0 35 0 2
35 9 0 1
9 50 0 2
50 74 0 2
74 40 0 1
40 47 0 2
47 45 0 2
45 43 0 2
43 67 0 0
67 17 0 0
17 66 0 2
66 5 0 0
5 31 0 2
31 0 0 0
1 4
0 10 1 1
10 75 1 1
75 38 1 0
38 0 1 0
2 10
0 23 2 1
23 1 2 2
1 2 2 2
2 29 2 2
29 69 2 2
69 68 2 2
68 65 2 2
65 73 2 2
73 72 2 2
72 0 2 0
3 8
0 70 3 0
70 33 3 0
33 71 3 0
71 6 3 0
6 22 3 0
22 34 3 0
34 3 3 0
3 0 3 0
4 7
0 20 4 1
20 26 4 1
26 4 4 1
4 64 4 1
64 21 4 1
21 41 4 1
41 0 4 0
5 12
0 7 5 3
7 55 5 3
55 44 5 4
44 52 5 3
52 51 5 3
51 57 5 4
57 67 5 4
67 11 5 3
11 66 5 4
66 60 5 3
60 54 5 3
54 0 5 0
6 9
0 15 6 3
15 27 6 5
27 28 6 5
28 75 6 4
75 53 6 3
53 48 6 5
48 30 6 5
30 37 6 3
37 0 6 0
7 7
0 55 7 4
55 59 7 3
59 74 7 5
74 13 7 5
13 64 7 5
64 72 7 4
72 0 7 0
8 8
0 63 8 3
63 56 8 4
56 62 8 4
62 18 8 3
18 19 8 4
19 58 8 4
58 68 8 4
68 0 8 0
9 5
0 63 9 4
63 36 9 3
36 14 9 4
14 25 9 4
25 0 9 0
10 10
0 70 10 5
70 59 10 4
59 71 10 4
71 32 10 5
32 8 10 4
8 12 10 4
12 57 10 5
57 60 10 4
60 54 10 4
54 0 10 0
11 5
0 49 11 4
49 42 11 5
42 61 11 4
61 24 11 5
24 0 11 0
12 4
0 61 12 5
61 39 12 3
39 65 12 5
65 0 12 0
13 4
0 56 13 5
56 62 13 5
62 58 13 3
58 0 13 0
14 6
0 16 14 4
16 69 14 5
69 46 14 4
46 53 14 4
53 73 14 5
73 0 14 0
