# Solution for ../instances-HHCRSP/InstanzVNS_HCSRP_100_10.txt
# Cost = 848.736 Dist = 2510.74 Tard = 22.063 TMax = 13.4012
# <vehicle> <route length>
# <origin node> <dest node> <vehicle> <service type>
0 14
0 2 0 0
2 33 0 0
33 61 0 2
61 4 0 0
4 16 0 0
16 86 0 0
86 96 0 2
96 62 0 0
62 44 0 0
44 31 0 2
31 95 0 0
95 60 0 0
60 48 0 0
48 0 0 0
1 7
0 100 1 1
100 87 1 1
87 18 1 1
18 97 1 1
97 98 1 1
98 40 1 1
40 0 1 0
2 8
0 94 2 2
94 29 2 2
29 32 2 2
32 24 2 2
24 99 2 2
99 92 2 2
92 28 2 2
28 0 2 0
3 5
0 70 3 2
70 57 3 2
57 63 3 2
63 59 3 2
59 0 3 0
4 13
0 22 4 1
22 34 4 2
34 7 4 1
7 11 4 1
11 64 4 1
64 88 4 1
88 90 4 1
90 91 4 2
91 27 4 2
27 42 4 1
42 43 4 2
43 30 4 2
30 0 4 0
5 8
0 89 5 0
89 50 5 1
50 58 5 0
58 35 5 1
35 47 5 0
47 14 5 0
14 66 5 0
66 0 5 0
6 5
0 26 6 1
26 93 6 1
93 36 6 1
36 19 6 1
19 0 6 0
7 10
0 45 7 4
45 78 7 3
78 37 7 4
37 38 7 4
38 93 7 4
93 9 7 3
9 74 7 3
74 79 7 3
79 81 7 3
81 0 7 0
8 14
0 73 8 3
73 80 8 3
80 83 8 3
83 15 8 3
15 68 8 5
68 52 8 5
52 88 8 3
88 51 8 5
51 56 8 5
56 69 8 5
69 13 8 3
13 75 8 5
75 77 8 5
77 0 8 0
9 13
0 5 9 4
5 78 9 4
78 39 9 3
39 3 9 3
3 6 9 4
6 8 9 4
8 1 9 3
1 23 9 3
23 10 9 4
10 21 9 5
21 75 9 4
75 77 9 4
77 0 9 0
10 11
0 100 10 4
100 53 10 3
53 87 10 4
87 71 10 4
71 65 10 4
65 84 10 3
84 98 10 5
98 99 10 5
99 72 10 3
72 54 10 5
54 0 10 0
11 9
0 73 11 4
73 94 11 4
94 80 11 5
80 83 11 4
83 90 11 5
90 91 11 4
91 67 11 4
67 72 11 5
72 0 11 0
12 6
0 85 12 3
85 97 12 3
97 76 12 3
76 82 12 3
82 17 12 4
17 0 12 0
13 7
0 89 13 5
89 71 13 5
71 46 13 5
46 25 13 5
25 41 13 5
41 55 13 5
55 0 13 0
14 9
0 12 14 5
12 20 14 4
20 86 14 3
86 96 14 3
96 74 14 4
74 79 14 4
79 81 14 5
81 95 14 5
95 0 14 0
15 2
0 92 15 3
92 0 15 0
16 6
0 85 16 4
85 49 16 5
49 84 16 4
84 76 16 4
76 82 16 4
82 0 16 0
17 1
0 0 17 0
18 1
0 0 18 0
19 1
0 0 19 0
