# Solution for ../instances-HHCRSP/InstanzVNS_HCSRP_100_1.txt
# Cost = 1373.09 Dist = 2861.51 Tard = 1033.88 TMax = 223.883
# <vehicle> <route length>
# <origin node> <dest node> <vehicle> <service type>
0 17
0 47 0 0
47 33 0 0
33 86 0 0
86 94 0 0
94 15 0 0
15 48 0 0
48 100 0 0
100 90 0 0
90 66 0 0
66 61 0 0
61 18 0 0
18 38 0 0
38 92 0 0
92 19 0 0
19 46 0 0
46 55 0 0
55 0 0 0
1 9
0 91 1 2
91 62 1 1
62 60 1 2
60 97 1 1
97 11 1 1
11 53 1 2
53 99 1 2
99 30 1 2
30 0 1 0
2 8
0 31 2 1
31 95 2 2
95 13 2 1
13 87 2 2
87 67 2 2
67 89 2 2
89 58 2 1
58 0 2 0
3 11
0 42 3 2
42 98 3 2
98 70 3 2
70 17 3 2
17 5 3 2
5 22 3 2
22 59 3 2
59 25 3 2
25 57 3 2
57 7 3 2
7 0 3 0
4 3
0 88 4 2
88 21 4 2
21 0 4 0
5 8
0 12 5 1
12 43 5 1
43 56 5 1
56 41 5 1
41 3 5 1
3 93 5 1
93 96 5 1
96 0 5 0
6 2
0 40 6 2
40 0 6 0
7 13
0 86 7 4
86 27 7 4
27 6 7 4
6 94 7 4
94 16 7 4
16 100 7 3
100 77 7 4
77 76 7 4
76 64 7 3
64 80 7 3
80 72 7 3
72 28 7 5
28 0 7 0
8 4
0 68 8 4
68 78 8 5
78 34 8 4
34 0 8 0
9 11
0 8 9 4
8 83 9 4
83 95 9 4
95 98 9 4
98 85 9 4
85 73 9 5
73 84 9 4
84 82 9 4
82 87 9 5
87 92 9 4
92 0 9 0
10 5
0 78 10 3
78 2 10 4
2 90 10 4
90 44 10 3
44 0 10 0
11 14
0 91 11 3
91 65 11 4
65 24 11 5
24 54 11 3
54 45 11 3
45 71 11 3
71 79 11 3
79 39 11 3
39 97 11 4
97 69 11 5
69 36 11 3
36 93 11 5
93 96 11 4
96 0 11 0
12 9
0 83 12 5
83 52 12 3
52 84 12 5
84 82 12 3
82 74 12 3
74 32 12 4
32 75 12 3
75 51 12 4
51 0 12 0
13 9
0 10 13 4
10 49 13 4
49 71 13 4
71 79 13 4
79 23 13 4
23 63 13 4
63 1 13 3
1 80 13 4
80 0 13 0
14 9
0 81 14 3
81 14 14 3
14 37 14 3
37 20 14 5
20 77 14 5
77 76 14 3
76 29 14 3
29 99 14 5
99 0 14 0
15 9
0 81 15 4
81 26 15 5
26 85 15 3
85 73 15 3
73 4 15 3
4 74 15 5
74 89 15 4
89 75 15 5
75 0 15 0
16 5
0 50 16 5
50 88 16 3
88 35 16 5
35 72 16 5
72 0 16 0
17 1
0 0 17 0
18 2
0 9 18 4
9 0 18 0
19 1
0 0 19 0
