# Solution for ../instances-HHCRSP/InstanzVNS_HCSRP_300_10.txt
# Cost = 1916.71 Dist = 5735.15 Tard = 9.54604 TMax = 5.42221
# <vehicle> <route length>
# <origin node> <dest node> <vehicle> <service type>
0 18
0 33 0 0
33 11 0 1
11 158 0 1
158 264 0 1
264 64 0 1
64 174 0 0
174 26 0 1
26 198 0 0
198 62 0 0
62 263 0 1
263 16 0 0
16 118 0 0
118 91 0 1
91 36 0 1
36 153 0 0
153 270 0 0
270 251 0 0
251 0 0 0
1 11
0 61 1 2
61 144 1 2
144 34 1 2
34 296 1 2
296 126 1 2
126 27 1 2
27 107 1 2
107 137 1 2
137 179 1 2
179 164 1 2
164 0 1 0
2 13
0 292 2 2
292 70 2 2
70 63 2 2
63 271 2 2
271 108 2 2
108 255 2 2
255 143 2 2
143 288 2 2
288 157 2 2
157 133 2 2
133 30 2 2
30 59 2 2
59 0 2 0
3 14
0 103 3 1
103 258 3 1
258 90 3 1
90 125 3 1
125 260 3 1
260 19 3 1
19 173 3 1
173 139 3 1
139 294 3 1
294 182 3 1
182 278 3 1
278 285 3 1
285 77 3 1
77 0 3 0
4 6
0 159 4 2
159 124 4 2
124 29 4 2
29 80 4 2
80 253 4 2
253 0 4 0
5 11
0 2 5 0
2 256 5 0
256 273 5 0
273 138 5 0
138 298 5 0
298 165 5 0
165 282 5 0
282 161 5 0
161 291 5 0
291 48 5 0
48 0 5 0
6 7
0 254 6 2
254 102 6 2
102 259 6 2
259 24 6 2
24 32 6 2
32 299 6 2
299 0 6 0
7 14
0 50 7 1
50 94 7 1
94 300 7 2
300 18 7 1
18 293 7 2
293 129 7 2
129 262 7 1
262 268 7 1
268 111 7 1
111 132 7 1
132 31 7 2
31 280 7 2
280 40 7 1
40 0 7 0
8 12
0 287 8 0
287 257 8 0
257 104 8 0
104 276 8 0
276 83 8 0
83 154 8 1
154 44 8 0
44 261 8 1
261 95 8 0
95 156 8 0
156 190 8 0
190 0 8 0
9 2
0 142 9 2
142 0 9 0
10 2
0 141 10 1
141 0 10 0
11 9
0 148 11 0
148 176 11 0
176 265 11 0
265 279 11 0
279 252 11 0
252 60 11 0
60 281 11 0
281 47 11 0
47 0 11 0
12 15
0 267 12 1
267 7 12 1
7 4 12 0
4 290 12 0
290 147 12 0
147 266 12 1
266 289 12 0
289 277 12 1
277 105 12 1
105 152 12 0
152 187 12 1
187 162 12 1
162 177 12 0
177 297 12 1
297 0 12 0
13 13
0 89 13 0
89 274 13 1
274 58 13 0
58 35 13 1
35 84 13 0
84 151 13 0
151 99 13 0
99 275 13 1
275 196 13 0
196 186 13 1
186 122 13 0
122 283 13 0
283 0 13 0
14 9
0 163 14 0
163 113 14 0
113 197 14 2
197 284 14 0
284 66 14 0
66 28 14 2
28 14 14 0
14 286 14 0
286 0 14 0
15 12
0 22 15 1
22 171 15 2
171 57 15 2
57 170 15 1
170 191 15 2
191 295 15 1
295 269 15 2
269 43 15 2
43 272 15 2
272 166 15 2
166 42 15 1
42 0 15 0
16 1
0 0 16 0
17 1
0 0 17 0
18 6
0 87 18 5
87 169 18 5
169 46 18 5
46 146 18 4
146 55 18 5
55 0 18 0
19 20
0 221 19 3
221 149 19 4
149 211 19 5
211 246 19 5
246 236 19 5
236 247 19 5
247 203 19 3
203 242 19 3
242 295 19 5
295 116 19 4
116 136 19 5
136 1 19 3
1 23 19 3
23 21 19 5
21 10 19 4
10 272 19 5
272 278 19 5
278 285 19 5
285 13 19 3
13 0 19 0
20 14
0 221 20 4
221 211 20 3
211 246 20 3
246 236 20 4
236 247 20 3
247 289 20 3
289 243 20 4
243 277 20 4
277 193 20 3
193 269 20 4
269 245 20 3
245 222 20 4
222 208 20 4
208 0 20 0
21 19
0 228 21 3
228 37 21 4
37 240 21 4
240 180 21 3
180 39 21 3
39 290 21 5
290 3 21 3
3 296 21 3
296 8 21 4
8 167 21 3
167 145 21 4
145 6 21 4
6 178 21 3
178 112 21 4
112 235 21 3
235 75 21 5
75 248 21 4
248 297 21 4
297 0 21 0
22 16
0 228 22 5
228 240 22 5
240 130 22 3
130 227 22 3
227 298 22 4
298 88 22 5
88 185 22 4
185 155 22 5
155 9 22 3
9 214 22 4
214 51 22 5
51 282 22 5
282 160 22 3
160 200 22 4
200 281 22 5
281 0 22 0
23 16
0 134 23 4
134 292 23 4
292 256 23 3
256 230 23 3
230 258 23 3
258 38 23 4
38 119 23 4
119 260 23 4
260 220 23 3
220 238 23 3
238 210 23 3
210 261 23 3
261 280 23 3
280 270 23 3
270 251 23 4
251 0 23 0
24 7
0 101 24 3
101 183 24 3
183 253 24 3
253 76 24 3
76 268 24 3
268 233 24 3
233 0 24 0
25 18
0 45 25 4
45 175 25 5
175 273 25 5
273 93 25 3
93 264 25 3
264 203 25 4
203 242 25 5
242 232 25 4
232 263 25 4
263 288 25 5
288 74 25 5
74 184 25 5
184 201 25 3
201 56 25 5
56 231 25 3
231 114 25 4
114 121 25 4
121 0 25 0
26 15
0 100 26 5
100 106 26 3
106 204 26 4
204 188 26 3
188 5 26 4
5 293 26 3
293 213 26 4
213 71 26 4
71 225 26 3
225 262 26 3
262 224 26 4
224 41 26 5
41 25 26 5
25 284 26 4
284 0 26 0
27 5
0 218 27 3
218 249 27 3
249 217 27 3
217 237 27 3
237 0 27 0
28 16
0 223 28 4
223 127 28 5
127 216 28 5
216 202 28 4
202 219 28 4
219 215 28 4
215 250 28 5
250 229 28 5
229 212 28 5
212 275 28 5
275 239 28 4
239 206 28 5
206 168 28 5
168 286 28 4
286 205 28 4
205 0 28 0
29 13
0 223 29 5
223 195 29 3
195 216 29 3
216 265 29 3
265 202 29 3
202 219 29 3
219 215 29 5
215 250 29 3
250 229 29 3
229 212 29 3
212 239 29 5
239 206 29 3
206 0 29 0
30 12
0 204 30 5
204 53 30 3
53 300 30 3
300 189 30 3
189 110 30 5
110 117 30 3
117 213 30 3
213 225 30 5
225 224 30 3
224 92 30 5
92 205 30 3
205 0 30 0
31 13
0 287 31 5
287 257 31 3
257 85 31 4
85 274 31 5
274 128 31 4
128 65 31 4
65 97 31 3
97 217 31 4
217 17 31 4
17 209 31 4
209 226 31 4
226 244 31 4
244 0 31 0
32 7
0 218 32 4
218 194 32 4
194 73 32 4
73 172 32 5
172 226 32 5
226 237 32 5
237 0 32 0
33 11
0 227 33 5
227 279 33 4
279 252 33 5
252 220 33 5
220 238 33 4
238 79 33 5
79 72 33 4
72 299 33 4
299 98 33 4
98 283 33 5
283 0 33 0
34 15
0 192 34 5
192 140 34 3
140 123 34 3
123 267 34 5
267 150 34 5
150 181 34 4
181 266 34 5
266 131 34 4
131 52 34 5
52 214 34 5
214 294 34 5
294 109 34 5
109 235 34 5
235 248 34 5
248 0 34 0
35 12
0 12 35 5
12 276 35 5
276 241 35 3
241 234 35 3
234 259 35 5
259 255 35 5
255 81 35 3
81 207 35 3
207 54 35 5
54 82 35 4
82 233 35 5
233 0 35 0
36 7
0 254 36 5
254 241 36 4
241 234 36 4
234 20 36 4
20 207 36 4
207 291 36 4
291 0 36 0
37 15
0 49 37 5
49 115 37 3
115 230 37 5
230 68 37 5
68 86 37 5
86 271 37 5
271 120 37 4
120 232 37 5
232 243 37 5
243 69 37 5
69 199 37 5
199 245 37 4
245 222 37 5
222 208 37 5
208 0 37 0
38 9
0 78 38 3
78 15 38 3
15 96 38 3
96 135 38 3
135 210 38 5
210 201 38 4
201 231 38 4
231 67 38 4
67 0 38 0
39 4
0 249 39 5
249 209 39 5
209 244 39 5
244 0 39 0
