# Solution for ../instances-HHCRSP/InstanzVNS_HCSRP_200_3.txt
# Cost = 1303.25 Dist = 3869.25 Tard = 24.4391 TMax = 16.0684
# <vehicle> <route length>
# <origin node> <dest node> <vehicle> <service type>
0 17
0 20 0 1
20 9 0 1
9 176 0 1
176 40 0 1
40 197 0 1
197 90 0 1
90 190 0 1
190 177 0 0
177 194 0 1
194 173 0 1
173 178 0 1
178 121 0 0
121 128 0 0
128 67 0 1
67 60 0 0
60 126 0 0
126 0 0 0
1 12
0 114 1 0
114 35 1 2
35 33 1 0
33 122 1 0
122 174 1 2
174 191 1 2
191 45 1 2
45 112 1 2
112 31 1 2
31 139 1 0
139 76 1 2
76 0 1 0
2 16
0 181 2 1
181 107 2 1
107 10 2 1
10 124 2 2
124 196 2 1
196 63 2 1
63 62 2 1
62 188 2 1
188 21 2 1
21 65 2 1
65 69 2 2
69 29 2 2
29 193 2 2
193 185 2 1
185 199 2 2
199 0 2 0
3 8
0 1 3 2
1 88 3 2
88 184 3 2
184 38 3 0
38 89 3 2
89 140 3 2
140 138 3 2
138 0 3 0
4 6
0 2 4 2
2 61 4 2
61 79 4 2
79 187 4 2
187 136 4 2
136 0 4 0
5 9
0 117 5 0
117 59 5 0
59 22 5 0
22 171 5 0
171 6 5 0
6 17 5 0
17 137 5 0
137 5 5 0
5 0 5 0
6 15
0 26 6 1
26 195 6 1
195 182 6 2
182 108 6 1
108 80 6 1
80 4 6 1
4 192 6 2
192 34 6 0
34 41 6 1
41 189 6 0
189 118 6 2
118 64 6 2
64 72 6 2
72 103 6 2
103 0 6 0
7 3
0 68 7 0
68 3 7 0
3 0 7 0
8 14
0 198 8 1
198 111 8 1
111 50 8 2
50 175 8 2
175 47 8 2
47 125 8 1
125 43 8 2
43 183 8 2
183 123 8 1
123 87 8 2
87 130 8 2
130 86 8 2
86 54 8 1
54 0 8 0
9 11
0 23 9 1
23 179 9 1
179 91 9 0
91 172 9 0
172 180 9 1
180 186 9 0
186 135 9 0
135 133 9 1
133 97 9 0
97 200 9 1
200 0 9 0
10 10
0 147 10 4
147 100 10 4
100 169 10 4
169 127 10 4
127 196 10 4
196 189 10 4
189 25 10 4
25 14 10 4
14 159 10 4
159 0 10 0
11 12
0 156 11 3
156 181 11 4
181 42 11 5
42 169 11 3
169 162 11 3
162 142 11 4
142 184 11 3
184 186 11 5
186 154 11 3
154 148 11 3
148 39 11 3
39 0 11 0
12 17
0 156 12 5
156 147 12 3
147 70 12 5
70 129 12 5
129 115 12 3
115 16 12 4
16 162 12 4
162 142 12 5
142 46 12 4
46 92 12 4
92 48 12 5
48 193 12 4
193 185 12 3
185 30 12 5
30 199 12 5
199 150 12 3
150 0 12 0
13 10
0 145 13 5
145 146 13 5
146 176 13 5
176 195 13 5
195 71 13 5
71 98 13 5
98 175 13 5
175 104 13 5
104 157 13 5
157 0 13 0
14 12
0 161 14 5
161 158 14 4
158 153 14 4
153 164 14 4
164 160 14 4
160 192 14 4
192 13 14 5
13 19 14 4
19 58 14 4
58 120 14 5
120 150 14 4
150 0 14 0
15 13
0 145 15 3
145 146 15 3
146 132 15 4
132 44 15 4
44 182 15 4
182 102 15 4
102 84 15 3
84 183 15 3
183 66 15 3
66 57 15 3
57 11 15 3
11 141 15 4
141 0 15 0
16 12
0 161 16 3
161 36 16 3
36 158 16 5
158 168 16 3
168 151 16 4
151 190 16 4
190 177 16 5
177 194 16 3
194 18 16 3
18 32 16 5
32 167 16 3
167 0 16 0
17 14
0 113 17 4
113 198 17 5
198 168 17 4
168 151 17 5
151 8 17 4
8 109 17 3
109 149 17 3
149 75 17 4
75 119 17 3
119 173 17 5
173 78 17 5
78 94 17 4
94 167 17 5
167 0 17 0
18 13
0 96 18 5
96 143 18 3
143 110 18 5
110 55 18 3
55 197 18 5
197 149 18 5
149 131 18 4
131 155 18 3
155 52 18 3
52 178 18 5
178 170 18 3
170 141 18 5
141 0 18 0
19 11
0 143 19 4
143 7 19 3
7 74 19 3
74 174 19 3
174 191 19 4
191 82 19 5
82 51 19 3
51 155 19 4
155 134 19 4
134 170 19 5
170 0 19 0
20 8
0 27 20 5
27 165 20 5
165 163 20 3
163 105 20 5
105 187 20 5
187 81 20 5
81 77 20 5
77 0 20 0
21 8
0 165 21 4
165 28 21 5
28 116 21 3
116 73 21 4
73 95 21 5
95 53 21 3
53 200 21 4
200 0 21 0
22 4
0 152 22 4
152 106 22 5
106 144 22 4
144 0 22 0
23 9
0 153 23 3
153 164 23 3
164 160 23 3
160 171 23 5
171 12 23 4
12 85 23 4
85 99 23 3
99 101 23 5
101 0 23 0
24 3
0 15 24 3
15 166 24 3
166 0 24 0
25 4
0 152 25 3
152 144 25 5
144 37 25 3
37 0 25 0
26 1
0 0 26 0
27 10
0 49 27 4
49 24 27 5
24 179 27 3
179 163 27 5
163 83 27 4
83 172 27 3
172 180 27 3
180 154 27 5
154 148 27 5
148 0 27 0
28 6
0 56 28 4
56 93 28 5
93 188 28 3
188 159 28 5
159 157 28 3
157 0 28 0
29 2
0 166 29 5
166 0 29 0
