# Solution for ../instances-HHCRSP/InstanzVNS_HCSRP_100_7.txt
# Cost = 711.11 Dist = 2116.36 Tard = 11.3965 TMax = 5.57625
# <vehicle> <route length>
# <origin node> <dest node> <vehicle> <service type>
0 17
0 50 0 0
50 65 0 2
65 95 0 2
95 11 0 0
11 38 0 0
38 90 0 0
90 24 0 1
24 64 0 1
64 51 0 0
51 91 0 0
91 68 0 1
68 26 0 2
26 96 0 0
96 94 0 1
94 46 0 1
46 57 0 0
57 0 0 0
1 9
0 100 1 1
100 99 1 2
99 53 1 0
53 25 1 2
25 45 1 1
45 67 1 2
67 9 1 0
9 86 1 1
86 0 1 0
2 8
0 98 2 1
98 10 2 0
10 13 2 0
13 39 2 0
39 15 2 1
15 33 2 1
33 12 2 0
12 0 2 0
3 5
0 89 3 2
89 54 3 2
54 36 3 2
36 22 3 2
22 0 3 0
4 6
0 2 4 2
2 42 4 2
42 40 4 2
40 88 4 2
88 14 4 1
14 0 4 0
5 2
0 92 5 2
92 0 5 0
6 8
0 18 6 0
18 97 6 2
97 93 6 0
93 59 6 0
59 29 6 0
29 87 6 2
87 63 6 0
63 0 6 0
7 10
0 20 7 3
20 82 7 3
82 58 7 3
58 73 7 5
73 5 7 4
5 66 7 3
66 83 7 5
83 37 7 4
37 86 7 3
86 0 7 0
8 8
0 82 8 4
82 97 8 5
97 28 8 4
28 93 8 3
93 6 8 4
6 47 8 4
47 76 8 3
76 0 8 0
9 14
0 21 9 4
21 95 9 3
95 31 9 3
31 77 9 3
77 78 9 4
78 79 9 3
79 91 9 4
91 80 9 4
80 16 9 4
16 85 9 4
85 55 9 4
55 7 9 4
7 71 9 4
71 0 9 0
10 12
0 81 10 4
81 75 10 4
75 3 10 3
3 1 10 4
1 41 10 5
41 77 10 4
77 78 10 5
78 79 10 4
79 52 10 3
52 88 10 4
88 8 10 5
8 0 10 0
11 8
0 72 11 3
72 23 11 3
23 100 11 4
100 99 11 3
99 43 11 3
43 73 11 3
73 83 11 3
83 0 11 0
12 9
0 72 12 4
72 34 12 3
34 89 12 3
89 98 12 4
98 17 12 3
17 19 12 3
19 48 12 3
48 74 12 4
74 0 12 0
13 14
0 81 13 5
81 75 13 5
75 69 13 5
69 90 13 3
90 32 13 3
32 62 13 3
62 70 13 5
70 80 13 3
80 85 13 5
85 96 13 5
96 94 13 5
94 30 13 5
30 71 13 3
71 0 13 0
14 8
0 49 14 4
49 4 14 4
4 35 14 3
35 56 14 4
56 87 14 5
87 61 14 4
61 76 14 4
76 0 14 0
15 5
0 84 15 3
84 92 15 3
92 60 15 3
60 44 15 3
44 0 15 0
16 3
0 27 16 3
27 74 16 3
74 0 16 0
17 2
0 84 17 4
84 0 17 0
18 1
0 0 18 0
19 1
0 0 19 0
