# Solution for ../instances-HHCRSP/InstanzVNS_HCSRP_300_10.txt
# Cost = 1899.52 Dist = 5671.08 Tard = 19.8839 TMax = 7.60555
# <vehicle> <route length>
# <origin node> <dest node> <vehicle> <service type>
0 13
0 33 0 0
33 11 0 1
11 7 0 1
7 290 0 0
290 147 0 0
147 105 0 1
105 295 0 1
295 36 0 1
36 62 0 0
62 153 0 0
153 270 0 0
270 251 0 0
251 0 0 0
1 13
0 271 1 2
271 63 1 2
63 108 1 2
108 143 1 2
143 133 1 2
133 288 1 2
288 157 1 2
157 191 1 2
191 269 1 2
269 43 1 2
43 30 1 2
30 59 1 2
59 0 1 0
2 9
0 292 2 2
292 144 2 2
144 61 2 2
61 126 2 2
126 296 2 2
296 34 2 2
34 166 2 2
166 272 2 2
272 0 2 0
3 5
0 50 3 1
50 94 3 1
94 18 3 1
18 275 3 1
275 0 3 0
4 9
0 124 4 2
124 80 4 2
80 129 4 2
129 293 4 2
293 300 4 2
300 197 4 2
197 29 4 2
29 28 4 2
28 0 4 0
5 12
0 89 5 0
89 287 5 0
287 276 5 0
276 83 5 0
83 58 5 0
58 84 5 0
84 265 5 0
265 279 5 0
279 151 5 0
151 99 5 0
99 284 5 0
284 0 5 0
6 10
0 254 6 2
254 70 6 2
70 57 6 2
57 171 6 2
171 27 6 2
27 107 6 2
107 137 6 2
137 179 6 2
179 164 6 2
164 0 6 0
7 12
0 141 7 1
141 159 7 2
159 253 7 2
253 35 7 1
35 268 7 1
268 262 7 1
262 111 7 1
111 31 7 2
31 132 7 1
132 299 7 2
299 186 7 1
186 0 7 0
8 15
0 256 8 0
256 138 8 0
138 298 8 0
298 165 8 0
165 161 8 0
161 282 8 0
282 19 8 1
19 139 8 1
139 177 8 0
177 173 8 1
173 297 8 1
297 281 8 0
281 60 8 0
60 47 8 0
47 0 8 0
9 1
0 0 9 0
10 10
0 103 10 1
103 154 10 1
154 90 10 1
90 258 10 1
258 260 10 1
260 294 10 1
294 182 10 1
182 278 10 1
278 77 10 1
77 0 10 0
11 8
0 257 11 0
257 163 11 0
163 113 11 0
113 14 11 0
14 66 11 0
66 286 11 0
286 196 11 0
196 0 11 0
12 15
0 104 12 0
104 26 12 1
26 264 12 1
264 64 12 1
64 158 12 1
158 289 12 0
289 174 12 0
174 198 12 0
198 263 12 1
263 91 12 1
91 261 12 1
261 40 12 1
40 291 12 0
291 48 12 0
48 0 12 0
13 17
0 176 13 0
176 267 13 1
267 4 13 0
4 22 13 1
22 125 13 1
125 266 13 1
266 170 13 1
170 273 13 0
273 16 13 0
16 118 13 0
118 277 13 1
277 162 13 1
162 187 13 1
187 152 13 0
152 42 13 1
42 285 13 1
285 0 13 0
14 16
0 148 14 0
148 102 14 2
102 2 14 0
2 259 14 2
259 32 14 2
32 24 14 2
24 255 14 2
255 252 14 0
252 44 14 0
44 280 14 2
280 95 14 0
95 156 14 0
156 190 14 0
190 122 14 0
122 283 14 0
283 0 14 0
15 3
0 274 15 1
274 142 15 2
142 0 15 0
16 1
0 0 16 0
17 1
0 0 17 0
18 13
0 271 18 5
271 120 18 4
120 203 18 3
203 242 18 3
242 232 18 4
232 263 18 4
263 288 18 5
288 184 18 5
184 201 18 3
201 210 18 3
210 270 18 3
270 251 18 4
251 0 18 0
19 17
0 292 19 4
292 230 19 3
230 211 19 3
211 290 19 5
290 3 19 3
3 296 19 3
296 178 19 3
178 6 19 4
6 193 19 3
193 23 19 3
23 145 19 4
145 112 19 4
112 10 19 4
10 21 19 5
21 272 19 5
272 285 19 5
285 0 19 0
20 16
0 101 20 3
101 5 20 4
5 228 20 3
228 227 20 3
227 130 20 3
130 37 20 4
37 265 20 3
265 279 20 4
279 220 20 3
220 238 20 4
238 72 20 4
72 299 20 4
299 98 20 4
98 82 20 4
82 233 20 3
233 0 20 0
21 19
0 230 21 5
230 211 21 5
211 256 21 3
256 175 21 5
175 93 21 3
93 52 21 5
52 38 21 4
38 119 21 4
119 282 21 5
282 51 21 5
51 214 21 4
214 167 21 3
167 235 21 3
235 75 21 5
75 248 21 4
248 109 21 5
109 297 21 4
297 281 21 5
281 0 21 0
22 13
0 228 22 5
228 227 22 5
227 298 22 4
298 221 22 3
221 246 22 3
246 266 22 5
266 277 22 4
277 243 22 4
243 69 22 5
69 13 22 3
13 74 22 5
74 231 22 3
231 0 22 0
23 12
0 223 23 4
223 195 23 3
195 216 23 3
216 219 23 3
219 215 23 4
215 202 23 3
202 250 23 3
250 229 23 3
229 212 23 3
212 239 23 4
239 206 23 3
206 0 23 0
24 8
0 257 24 3
257 76 24 3
76 253 24 3
253 268 24 3
268 262 24 3
262 224 24 3
224 205 24 3
205 0 24 0
25 16
0 287 25 5
287 276 25 5
276 223 25 5
223 127 25 5
127 216 25 5
216 219 25 4
219 215 25 5
215 202 25 4
202 250 25 5
250 229 25 5
229 212 25 5
212 275 25 5
275 239 25 5
239 206 25 5
206 168 25 5
168 0 25 0
26 8
0 87 26 5
87 183 26 3
183 169 26 5
169 46 26 5
46 146 26 4
146 55 26 5
55 226 26 4
226 0 26 0
27 2
0 218 27 3
218 0 27 0
28 6
0 218 28 4
218 194 28 4
194 73 28 4
73 172 28 5
172 226 28 5
226 0 28 0
29 16
0 180 29 3
180 267 29 5
267 150 29 5
150 181 29 4
181 236 29 4
236 247 29 3
247 203 29 4
203 242 29 5
242 232 29 5
232 56 29 5
56 96 29 3
96 114 29 4
114 201 29 4
201 67 29 4
67 231 29 4
231 0 29 0
30 14
0 254 30 5
254 12 30 5
12 241 30 3
241 15 30 3
15 234 30 3
234 259 30 5
259 207 30 3
207 252 30 5
252 220 30 5
220 238 30 3
238 79 30 5
79 81 30 3
81 210 30 5
210 0 30 0
31 10
0 204 31 4
204 188 31 3
188 293 31 3
293 71 31 4
71 213 31 3
213 225 31 3
225 41 31 5
41 25 31 5
25 284 31 4
284 0 31 0
32 15
0 204 32 5
204 100 32 5
100 106 32 3
106 53 32 3
53 189 32 3
189 110 32 5
110 300 32 3
300 117 32 3
117 213 32 4
213 225 32 5
225 92 32 5
92 224 32 4
224 286 32 4
286 205 32 4
205 0 32 0
33 14
0 20 33 4
20 115 33 3
115 241 33 4
241 234 33 4
234 68 33 5
68 86 33 5
86 258 33 3
258 260 33 4
260 255 33 5
255 135 33 3
135 261 33 3
261 280 33 3
280 121 33 4
121 0 33 0
34 17
0 45 34 4
45 78 34 3
78 192 34 5
192 123 34 3
123 140 34 3
140 264 34 3
264 236 34 5
236 247 34 5
247 289 34 3
289 295 34 5
295 116 34 4
116 136 34 5
136 245 34 3
245 222 34 4
222 208 34 4
208 1 34 3
1 0 34 0
35 14
0 85 35 4
85 134 35 4
134 49 35 5
49 207 35 4
207 65 35 4
65 128 35 4
128 274 35 5
274 97 35 3
97 217 35 4
217 17 35 4
17 209 35 4
209 237 35 3
237 244 35 4
244 0 35 0
36 12
0 240 36 4
240 221 36 4
221 246 36 5
246 273 36 5
273 131 36 4
131 243 36 5
243 269 36 4
269 245 36 4
245 222 36 5
222 208 36 5
208 199 36 5
199 0 36 0
37 16
0 240 37 5
240 149 37 4
149 39 37 3
39 8 37 4
8 155 37 5
155 185 37 4
185 88 37 5
88 9 37 3
9 214 37 5
214 294 37 5
294 235 37 5
235 248 37 5
248 278 37 5
278 160 37 3
160 200 37 4
200 0 37 0
38 6
0 249 38 3
249 291 38 4
291 54 38 5
54 283 38 5
283 233 38 5
233 0 38 0
39 6
0 249 39 5
249 217 39 3
217 209 39 5
209 237 39 5
237 244 39 5
244 0 39 0
