# Solution for ../instances-HHCRSP/InstanzVNS_HCSRP_300_3.txt
# Cost = 1558.45 Dist = 4648.19 Tard = 20.8701 TMax = 6.29706
# <vehicle> <route length>
# <origin node> <dest node> <vehicle> <service type>
0 17
0 33 0 0
33 40 0 1
40 9 0 1
9 298 0 0
298 59 0 0
59 108 0 1
108 125 0 1
125 122 0 0
122 191 0 1
191 128 0 0
128 121 0 0
121 178 0 0
178 17 0 0
17 155 0 0
155 289 0 1
289 60 0 0
60 0 0 0
1 11
0 63 1 1
63 26 1 1
26 164 1 1
164 22 1 0
22 273 1 1
273 283 1 0
283 159 1 0
159 157 1 1
157 3 1 0
3 279 1 1
279 0 1 0
2 7
0 156 2 2
156 1 2 2
1 268 2 2
268 154 2 2
154 136 2 2
136 263 2 2
263 0 2 0
3 12
0 281 3 0
281 285 3 1
285 161 3 0
161 34 3 0
34 266 3 1
266 190 3 0
190 151 3 1
151 284 3 1
284 149 3 1
149 126 3 0
126 54 3 1
54 0 3 0
4 6
0 23 4 1
23 288 4 1
288 251 4 1
251 184 4 1
184 133 4 1
133 0 4 0
5 20
0 271 5 2
271 20 5 1
20 80 5 1
80 195 5 2
195 262 5 2
262 286 5 0
286 257 5 0
257 6 5 0
6 47 5 2
47 45 5 2
45 287 5 0
287 123 5 1
123 137 5 0
137 67 5 1
67 5 5 0
5 270 5 0
270 130 5 2
130 31 5 2
31 269 5 1
269 0 5 0
6 9
0 296 6 0
296 107 6 1
107 181 6 1
181 179 6 0
179 10 6 1
10 142 6 1
142 38 6 0
38 258 6 1
258 0 6 0
7 7
0 260 7 0
260 124 7 2
124 69 7 2
69 278 7 0
278 189 7 2
189 275 7 0
275 0 7 0
8 4
0 147 8 1
147 21 8 1
21 255 8 1
255 0 8 0
9 5
0 261 9 0
261 166 9 0
166 193 9 0
193 256 9 0
256 0 9 0
10 11
0 254 10 2
254 265 10 1
265 165 10 1
165 264 10 1
264 299 10 2
299 172 10 2
172 41 10 1
41 188 10 0
188 68 10 0
68 72 10 2
72 0 10 0
11 10
0 50 11 2
50 143 11 2
143 35 11 2
35 177 11 2
177 112 11 2
112 171 11 2
171 43 11 2
43 87 11 2
87 292 11 2
292 0 11 0
12 12
0 2 12 2
2 259 12 0
259 91 12 0
91 291 12 0
291 162 12 2
162 300 12 2
300 140 12 2
140 138 12 2
138 276 12 2
276 97 12 0
97 135 12 0
135 0 12 0
13 7
0 111 13 1
111 90 13 1
90 4 13 1
4 62 13 1
62 295 13 1
295 267 13 1
267 0 13 0
14 12
0 290 14 2
290 61 14 2
61 293 14 2
293 294 14 2
294 88 14 2
88 89 14 2
89 79 14 2
79 163 14 1
163 185 14 1
185 29 14 2
29 199 14 1
199 0 14 0
15 5
0 297 15 2
297 64 15 2
64 118 15 2
118 103 15 2
103 0 15 0
16 14
0 114 16 0
114 252 16 0
252 280 16 2
280 168 16 2
168 274 16 2
274 117 16 0
117 253 16 0
253 272 16 0
272 282 16 2
282 277 16 2
277 86 16 2
86 139 16 0
139 76 16 2
76 0 16 0
17 3
0 169 17 1
169 65 17 1
65 0 17 0
18 14
0 27 18 5
27 288 18 5
288 251 18 3
251 222 18 5
222 116 18 3
116 294 18 3
294 212 18 3
212 213 18 3
213 206 18 3
206 236 18 3
236 105 18 5
105 243 18 3
243 207 18 3
207 0 18 0
19 17
0 229 19 4
229 44 19 4
44 221 19 3
221 238 19 4
238 146 19 5
146 247 19 4
247 250 19 3
250 175 19 3
175 246 19 4
246 84 19 3
84 287 19 4
287 270 19 3
270 204 19 3
204 66 19 3
66 289 19 4
289 134 19 4
134 0 19 0
20 18
0 229 20 5
229 221 20 4
221 238 20 5
238 145 20 5
145 247 20 5
247 250 20 5
250 246 20 5
246 237 20 3
237 202 20 4
202 52 20 3
52 57 20 3
57 82 20 5
82 51 20 3
51 11 20 3
11 170 20 4
170 78 20 5
78 292 20 5
292 0 20 0
21 15
0 281 21 4
281 198 21 3
198 232 21 3
232 71 21 5
71 7 21 3
7 197 21 3
197 160 21 5
160 194 21 5
194 18 21 3
18 13 21 5
13 99 21 3
99 234 21 4
234 201 21 5
201 279 21 3
279 0 21 0
22 16
0 158 22 3
158 232 22 4
232 298 22 4
298 102 22 4
102 109 22 3
109 216 22 3
216 223 22 3
223 131 22 4
131 12 22 4
12 8 22 4
8 94 22 4
94 233 22 4
233 211 22 3
211 201 22 4
201 228 22 3
228 0 22 0
23 17
0 271 23 5
271 70 23 5
70 127 23 4
127 15 23 3
15 152 23 4
152 264 23 4
264 215 23 4
215 242 23 3
242 218 23 3
218 85 23 4
85 173 23 4
173 75 23 4
75 119 23 3
119 104 23 5
104 167 23 4
167 269 23 4
269 0 23 0
24 8
0 296 24 5
296 248 24 4
248 265 24 3
265 39 24 3
39 48 24 5
48 220 24 3
220 203 24 3
203 0 24 0
25 11
0 208 25 4
208 248 25 5
248 291 25 5
291 95 25 5
95 300 25 5
300 53 25 3
53 276 25 5
276 148 25 3
148 231 25 4
231 207 25 4
207 0 25 0
26 8
0 208 26 5
208 254 26 5
254 299 26 5
299 213 26 5
213 77 26 5
77 81 26 5
81 231 26 5
231 0 26 0
27 13
0 285 27 3
285 113 27 4
113 129 27 5
129 266 27 3
266 19 27 4
19 93 27 5
93 239 27 3
239 210 27 3
210 214 27 3
214 297 27 5
297 245 27 3
245 150 27 5
150 0 27 0
28 18
0 110 28 5
110 132 28 4
132 176 28 4
176 74 28 3
74 98 28 5
98 182 28 4
182 55 28 3
55 174 28 3
174 216 28 5
216 223 28 5
223 183 28 4
183 284 28 3
284 237 28 4
237 202 28 5
202 233 28 5
233 211 28 4
211 234 28 5
234 0 28 0
29 8
0 260 29 5
260 219 29 5
219 115 29 3
115 230 29 5
230 278 29 3
278 30 29 5
30 275 29 3
275 0 29 0
30 11
0 241 30 4
241 293 30 5
293 28 30 5
28 212 30 4
212 73 30 4
73 227 30 3
227 244 30 4
244 258 30 5
258 187 30 3
187 225 30 3
225 0 30 0
31 7
0 241 31 5
241 259 31 4
259 217 31 4
217 240 31 5
240 255 31 5
255 224 31 5
224 0 31 0
32 11
0 226 32 3
226 36 32 3
36 205 32 3
205 262 32 3
262 286 32 3
286 257 32 3
257 282 32 5
282 277 32 3
277 204 32 5
204 141 32 5
141 0 32 0
33 16
0 226 33 5
226 252 33 4
252 205 33 4
205 280 33 4
280 274 33 3
274 192 33 4
192 153 33 3
153 249 33 3
249 273 33 4
273 32 33 5
32 272 33 5
272 120 33 5
120 283 33 5
283 101 33 5
101 228 33 4
228 0 33 0
34 10
0 290 34 3
290 222 34 4
222 186 34 4
186 268 34 3
268 46 34 4
46 227 34 4
227 244 34 5
244 200 34 4
200 225 34 4
225 0 34 0
35 10
0 261 35 4
261 100 35 4
100 219 35 4
219 49 35 4
49 230 35 4
230 92 35 4
92 83 35 4
83 144 35 4
144 245 35 4
245 0 35 0
36 10
0 42 36 5
42 24 36 5
24 16 36 4
16 180 36 4
180 206 36 5
206 236 36 4
236 243 36 5
243 263 36 4
263 256 36 4
256 0 36 0
37 12
0 96 37 5
96 196 37 5
196 215 37 5
215 242 37 4
242 218 37 5
218 253 37 5
253 249 37 5
249 58 37 4
58 14 37 4
14 106 37 5
106 224 37 3
224 0 37 0
38 9
0 235 38 4
235 209 38 5
209 56 38 4
56 239 38 5
239 210 38 5
210 214 38 5
214 295 38 4
295 267 38 4
267 0 38 0
39 9
0 235 39 5
235 209 39 3
209 217 39 5
217 240 39 3
240 25 39 4
25 37 39 3
37 220 39 4
220 203 39 4
203 0 39 0
