# Solution for ../instances-HHCRSP/InstanzCPLEX_HCSRP_50_9.txt
# Cost = 557.176 Dist = 1666.87 Tard = 2.38754 TMax = 2.27532
# <vehicle> <route length>
# <origin node> <dest node> <vehicle> <service type>
0 9
0 4 0 1
4 27 0 0
27 11 0 2
11 50 0 1
50 8 0 0
8 21 0 1
21 18 0 2
18 45 0 1
45 0 0 0
1 10
0 47 1 2
47 35 1 2
35 9 1 1
9 16 1 2
16 46 1 2
46 48 1 1
48 30 1 1
30 1 1 1
1 28 1 2
28 0 1 0
2 11
0 49 2 0
49 23 2 2
23 43 2 2
43 32 2 0
32 10 2 1
10 33 2 0
33 20 2 0
20 26 2 0
26 44 2 0
44 31 2 0
31 0 2 0
3 4
0 49 3 5
49 39 3 3
39 44 3 5
44 0 3 0
4 11
0 34 4 4
34 5 4 5
5 47 4 3
47 2 4 4
2 17 4 5
17 48 4 5
48 38 4 3
38 37 4 3
37 29 4 3
29 40 4 3
40 0 4 0
5 6
0 42 5 3
42 36 5 4
36 12 5 4
12 24 5 4
24 45 5 3
45 0 5 0
6 11
0 42 6 4
42 36 6 5
36 22 6 4
22 50 6 3
50 19 6 5
19 6 6 3
6 15 6 5
15 38 6 4
38 37 6 5
37 40 6 5
40 0 6 0
7 5
0 25 7 5
25 7 7 5
7 46 7 3
46 14 7 4
14 0 7 0
8 6
0 43 8 5
43 39 8 4
39 3 8 4
3 13 8 4
13 41 8 3
41 0 8 0
9 2
0 41 9 5
41 0 9 0
