# Solution for ../instances-HHCRSP/InstanzVNS_HCSRP_300_4.txt
# Cost = 1612.7 Dist = 4829.03 Tard = 6.17652 TMax = 2.91046
# <vehicle> <route length>
# <origin node> <dest node> <vehicle> <service type>
0 7
0 157 0 0
157 293 0 0
293 274 0 1
274 109 0 1
109 10 0 1
10 120 0 0
120 0 0 0
1 8
0 285 1 0
285 69 1 0
69 39 1 0
39 186 1 0
186 44 1 0
44 18 1 0
18 296 1 0
296 0 1 0
2 13
0 130 2 0
130 94 2 1
94 155 2 1
155 108 2 0
108 24 2 1
24 268 2 1
268 132 2 1
132 146 2 1
146 286 2 1
286 137 2 1
137 102 2 0
102 252 2 1
252 0 2 0
3 15
0 15 3 2
15 77 3 1
77 92 3 1
92 50 3 0
50 263 3 0
263 257 3 2
257 166 3 2
166 84 3 2
84 280 3 0
280 162 3 0
162 113 3 2
113 100 3 0
100 140 3 1
140 65 3 1
65 0 3 0
4 12
0 283 4 2
283 122 4 2
122 33 4 0
33 284 4 2
284 149 4 0
149 16 4 0
16 185 4 2
185 127 4 0
127 63 4 0
63 148 4 2
148 255 4 2
255 0 4 0
5 12
0 261 5 2
261 259 5 1
259 251 5 2
251 128 5 2
128 1 5 2
1 281 5 2
281 297 5 2
297 142 5 1
142 99 5 1
99 111 5 1
111 258 5 2
258 0 5 0
6 19
0 40 6 1
40 139 6 1
139 55 6 1
55 279 6 0
279 183 6 2
183 191 6 1
191 290 6 0
290 87 6 2
87 288 6 0
288 277 6 2
277 41 6 0
41 62 6 0
62 299 6 2
299 192 6 1
192 256 6 1
256 64 6 0
64 276 6 1
276 11 6 2
11 0 6 0
7 5
0 275 7 2
275 144 7 2
144 86 7 2
86 98 7 2
98 0 7 0
8 17
0 160 8 1
160 287 8 2
287 71 8 1
71 13 8 2
13 254 8 1
254 278 8 1
278 264 8 2
264 271 8 2
271 158 8 2
158 12 8 2
12 25 8 1
25 135 8 1
135 76 8 2
76 184 8 2
184 282 8 2
282 36 8 1
36 0 8 0
9 4
0 47 9 2
47 51 9 2
51 14 9 2
14 0 9 0
10 15
0 90 10 1
90 270 10 1
270 273 10 2
273 163 10 1
163 289 10 2
289 174 10 1
174 197 10 2
197 88 10 2
88 123 10 2
123 72 10 2
72 125 10 2
125 269 10 1
269 56 10 2
56 89 10 2
89 0 10 0
11 12
0 266 11 0
266 300 11 0
300 105 11 0
105 20 11 0
20 260 11 0
260 262 11 0
262 121 11 0
121 85 11 0
85 178 11 0
178 291 11 0
291 265 11 0
265 0 11 0
12 7
0 170 12 0
170 106 12 2
106 176 12 2
176 54 12 0
54 195 12 2
195 9 12 0
9 0 12 0
13 15
0 7 13 1
7 168 13 1
168 152 13 2
152 298 13 0
298 173 13 1
173 253 13 1
253 81 13 1
81 295 13 0
295 181 13 0
181 165 13 0
165 294 13 0
294 34 13 2
34 292 13 0
292 193 13 1
193 0 13 0
14 1
0 0 14 0
15 2
0 112 15 2
112 0 15 0
16 6
0 272 16 1
272 267 16 1
267 17 16 1
17 167 16 1
167 95 16 1
95 0 16 0
17 1
0 0 17 0
18 15
0 42 18 4
42 52 18 5
52 285 18 3
285 231 18 4
231 202 18 4
202 204 18 3
204 131 18 4
131 245 18 3
245 153 18 4
153 5 18 3
5 280 18 5
280 205 18 4
205 224 18 3
224 182 18 3
182 0 18 0
19 17
0 238 19 5
238 226 19 5
226 244 19 4
244 194 19 4
194 114 19 5
114 198 19 4
198 290 19 5
290 83 19 5
83 171 19 4
171 237 19 4
237 235 19 4
235 240 19 5
240 223 19 5
223 256 19 5
256 208 19 4
208 236 19 4
236 0 19 0
20 15
0 238 20 3
238 226 20 3
226 244 20 3
244 190 20 3
190 279 20 3
279 31 20 4
31 134 20 3
134 196 20 5
196 220 20 3
220 249 20 3
249 73 20 3
73 218 20 4
218 222 20 4
222 291 20 5
291 0 20 0
21 8
0 248 21 4
248 254 21 5
254 216 21 4
216 217 21 5
217 219 21 4
219 250 21 4
250 57 21 4
57 0 21 0
22 18
0 248 22 5
248 287 22 3
287 6 22 3
6 126 22 4
126 116 22 3
116 213 22 3
213 227 22 3
227 210 22 3
210 278 22 3
278 264 22 4
264 199 22 5
199 175 22 4
175 70 22 5
70 93 22 4
93 124 22 5
124 4 22 4
4 2 22 4
2 0 22 0
23 18
0 228 23 3
228 261 23 4
261 23 23 4
23 259 23 5
259 212 23 3
212 239 23 3
239 243 23 3
243 281 23 5
281 297 23 5
297 260 23 4
260 96 23 3
96 237 23 5
237 235 23 5
235 299 23 3
299 104 23 4
104 208 23 5
208 236 23 3
236 0 23 0
24 12
0 228 24 5
228 177 24 4
177 251 24 5
251 212 24 4
212 239 24 5
239 243 24 4
243 119 24 3
119 277 24 5
277 225 24 3
225 118 24 3
118 258 24 3
258 0 24 0
25 12
0 231 25 5
231 202 25 5
202 204 25 5
204 246 25 4
246 263 25 5
263 257 25 3
257 180 25 3
180 207 25 3
207 296 25 4
296 8 25 4
8 154 25 3
154 0 25 0
26 17
0 283 26 5
283 38 26 5
38 48 26 5
48 284 26 5
284 59 26 4
59 201 26 4
201 19 26 4
19 241 26 4
241 232 26 4
232 29 26 5
29 188 26 4
188 43 26 5
43 286 26 3
286 224 26 5
224 255 26 5
255 252 26 4
252 0 26 0
27 10
0 82 27 3
82 275 27 5
275 58 27 3
58 246 27 5
246 46 27 4
46 21 27 5
21 53 27 5
53 207 27 5
207 138 27 4
138 0 27 0
28 11
0 215 28 3
215 161 28 5
161 242 28 3
242 293 28 5
293 274 28 5
274 233 28 4
233 75 28 3
75 229 28 4
229 292 28 4
292 221 28 4
221 0 28 0
29 8
0 215 29 4
215 242 29 4
242 247 29 3
247 233 29 5
233 172 29 3
172 234 29 4
234 141 29 4
141 0 29 0
30 11
0 32 30 3
32 66 30 3
66 270 30 5
270 74 30 5
74 49 30 4
49 214 30 3
214 60 30 4
60 220 30 5
220 249 30 5
249 294 30 4
294 0 30 0
31 11
0 97 31 4
97 164 31 3
164 189 31 5
189 298 31 3
298 133 31 3
133 268 31 5
268 79 31 4
79 37 31 4
37 67 31 3
67 282 31 3
282 0 31 0
32 10
0 30 32 5
30 245 32 5
245 201 32 5
201 241 32 3
241 232 32 5
232 80 32 5
80 187 32 3
187 205 32 5
205 234 32 3
234 0 32 0
33 14
0 103 33 4
103 213 33 5
213 227 33 4
227 210 33 5
210 271 33 3
271 216 33 5
216 217 33 3
217 219 33 5
219 68 33 3
68 159 33 3
159 250 33 3
250 136 33 3
136 265 33 4
265 0 33 0
34 6
0 28 34 3
28 253 34 3
253 295 34 5
295 91 34 5
91 26 34 3
26 0 34 0
35 13
0 206 35 3
206 230 35 3
230 266 35 5
266 300 35 3
300 179 35 3
179 45 35 3
45 143 35 5
143 156 35 3
156 269 35 4
269 129 35 5
129 78 35 3
78 110 35 5
110 0 35 0
36 12
0 206 36 5
206 230 36 5
230 273 36 4
273 289 36 3
289 214 36 4
214 262 36 5
262 169 36 5
169 117 36 3
117 61 36 4
61 218 36 5
218 222 36 5
222 0 36 0
37 11
0 145 37 4
145 203 37 4
203 209 37 3
209 147 37 5
147 211 37 4
211 272 37 4
272 267 37 3
267 107 37 3
107 229 37 5
229 221 37 5
221 0 37 0
38 12
0 203 38 5
203 209 38 4
209 211 38 5
211 288 38 3
288 150 38 4
150 35 38 3
35 225 38 5
225 240 38 3
240 223 38 3
223 3 38 3
3 276 38 3
276 0 38 0
39 8
0 27 39 3
27 101 39 4
101 247 39 4
247 115 39 4
115 22 39 5
22 151 39 5
151 200 39 4
200 0 39 0
