# Solution for ../instances-HHCRSP/InstanzVNS_HCSRP_100_6.txt
# Cost = 796.762 Dist = 2385.62 Tard = 2.33186 TMax = 2.33186
# <vehicle> <route length>
# <origin node> <dest node> <vehicle> <service type>
0 7
0 22 0 2
22 86 0 0
86 90 0 2
90 100 0 2
100 92 0 2
92 64 0 2
64 0 0 0
1 2
0 31 1 2
31 0 1 0
2 9
0 43 2 1
43 16 2 0
16 97 2 1
97 18 2 0
18 66 2 0
66 91 2 1
91 99 2 0
99 98 2 1
98 0 2 0
3 13
0 5 3 1
5 67 3 2
67 88 3 2
88 95 3 2
95 3 3 2
3 47 3 2
47 61 3 1
61 94 3 2
94 87 3 1
87 15 3 1
15 23 3 1
23 1 3 1
1 0 3 0
4 7
0 4 4 0
4 13 4 0
13 60 4 2
60 89 4 0
89 33 4 0
33 40 4 2
40 0 4 0
5 10
0 30 5 2
30 36 5 1
36 25 5 2
25 2 5 0
2 26 5 0
26 44 5 0
44 41 5 0
41 59 5 1
59 96 5 0
96 0 5 0
6 9
0 93 6 2
93 20 6 2
20 51 6 2
51 19 6 1
19 53 6 1
53 24 6 1
24 12 6 2
12 58 6 1
58 0 6 0
7 11
0 8 7 4
8 97 7 4
97 62 7 4
62 78 7 4
78 21 7 3
21 77 7 3
77 69 7 3
69 76 7 4
76 79 7 3
79 42 7 4
42 0 7 0
8 9
0 6 8 5
6 45 8 5
45 39 8 5
39 92 8 3
92 63 8 3
63 70 8 3
70 85 8 3
85 75 8 5
75 0 8 0
9 9
0 37 9 4
37 7 9 5
7 91 9 3
91 78 9 5
78 77 9 4
77 32 9 4
32 99 9 5
99 98 9 5
98 0 9 0
10 10
0 88 10 3
88 82 10 3
82 95 10 5
95 52 10 3
52 17 10 5
17 84 10 5
84 73 10 5
73 80 10 3
80 29 10 3
29 0 10 0
11 7
0 49 11 4
49 86 11 4
86 90 11 3
90 100 11 3
100 85 11 5
85 75 11 4
75 0 11 0
12 8
0 82 12 5
82 55 12 4
55 9 12 4
9 71 12 3
71 28 12 5
28 72 12 4
72 14 12 3
14 0 12 0
13 8
0 48 13 4
48 11 13 4
11 74 13 4
74 89 13 3
89 84 13 4
84 73 13 4
73 87 13 5
87 0 13 0
14 11
0 54 14 3
54 35 14 5
35 27 14 4
27 93 14 5
93 65 14 3
65 74 14 5
74 46 14 4
46 94 14 3
94 80 14 4
80 38 14 5
38 0 14 0
15 6
0 34 15 5
34 71 15 5
71 72 15 5
72 76 15 5
76 79 15 5
79 0 15 0
16 7
0 50 16 3
50 56 16 5
56 83 16 3
83 68 16 5
68 10 16 5
10 96 16 3
96 0 16 0
17 3
0 57 17 3
57 81 17 5
81 0 17 0
18 3
0 83 18 4
83 81 18 4
81 0 18 0
19 1
0 0 19 0
