# Solution for ../instances-HHCRSP/InstanzCPLEX_HCSRP_75_3.txt
# Cost = 654.607 Dist = 1913.82 Tard = 31.386 TMax = 18.6141
# <vehicle> <route length>
# <origin node> <dest node> <vehicle> <service type>
0 14
0 35 0 2
35 50 0 2
50 33 0 0
33 9 0 1
9 74 0 2
74 45 0 2
45 47 0 2
47 17 0 0
17 67 0 0
67 43 0 2
43 66 0 2
66 5 0 0
5 31 0 2
31 0 0 0
1 4
0 10 1 1
10 75 1 1
75 38 1 0
38 0 1 0
2 10
0 23 2 1
23 1 2 2
1 2 2 2
2 29 2 2
29 68 2 2
68 69 2 2
69 73 2 2
73 65 2 2
65 72 2 2
72 0 2 0
3 7
0 70 3 0
70 71 3 0
71 6 3 0
6 22 3 0
22 34 3 0
34 3 3 0
3 0 3 0
4 8
0 20 4 1
20 40 4 1
40 26 4 1
26 4 4 1
4 64 4 1
64 21 4 1
21 41 4 1
41 0 4 0
5 16
0 55 5 3
55 44 5 4
44 7 5 3
7 71 5 4
71 59 5 3
59 32 5 5
32 8 5 4
8 12 5 4
12 52 5 3
52 51 5 3
51 57 5 4
57 60 5 3
60 66 5 4
66 11 5 3
11 54 5 3
54 0 5 0
6 8
0 55 6 4
55 74 6 5
74 59 6 4
59 67 6 4
67 57 6 5
57 60 6 4
60 54 6 4
54 0 6 0
7 6
0 49 7 4
49 42 7 5
42 61 7 4
61 24 7 5
24 69 7 5
69 0 7 0
8 7
0 63 8 3
63 62 8 4
62 36 8 3
36 14 8 4
14 56 8 4
56 68 8 4
68 0 8 0
9 4
0 63 9 4
63 19 9 4
19 58 9 3
58 0 9 0
10 4
0 13 10 5
13 64 10 5
64 58 10 4
58 0 10 0
11 6
0 70 11 5
70 62 11 5
62 18 11 3
18 56 11 5
56 25 11 4
25 0 11 0
12 8
0 16 12 4
16 46 12 4
46 53 12 3
53 48 12 5
48 30 12 5
30 37 12 3
37 72 12 4
72 0 12 0
13 4
0 61 13 5
61 39 13 3
39 65 13 5
65 0 13 0
14 7
0 15 14 3
15 27 14 5
27 28 14 5
28 75 14 4
75 53 14 4
53 73 14 5
73 0 14 0
