# Solution for ../instances-HHCRSP/InstanzVNS_HCSRP_200_9.txt
# Cost = 1351.18 Dist = 4047.82 Tard = 3.15802 TMax = 2.55247
# <vehicle> <route length>
# <origin node> <dest node> <vehicle> <service type>
0 6
0 192 0 0
192 177 0 0
177 26 0 0
26 190 0 0
190 188 0 0
188 0 0 0
1 10
0 11 1 2
11 36 1 2
36 95 1 2
95 196 1 2
196 173 1 2
173 139 1 2
139 77 1 2
77 72 1 2
72 45 1 2
45 0 1 0
2 13
0 54 2 1
54 50 2 1
50 27 2 0
27 4 2 1
4 178 2 0
178 79 2 0
79 8 2 0
8 200 2 0
200 193 2 1
193 137 2 1
137 191 2 1
191 21 2 1
21 0 2 0
3 12
0 179 3 1
179 30 3 1
30 1 3 1
1 186 3 1
186 122 3 1
122 105 3 1
105 125 3 1
125 20 3 0
20 138 3 1
138 74 3 1
74 69 3 0
69 0 3 0
4 10
0 97 4 1
97 82 4 1
82 189 4 0
189 197 4 0
197 10 4 1
10 198 4 1
198 181 4 1
181 135 4 1
135 53 4 0
53 0 4 0
5 11
0 64 5 2
64 116 5 2
116 87 5 2
87 195 5 2
195 58 5 2
58 123 5 0
123 182 5 0
182 61 5 0
61 28 5 2
28 55 5 0
55 0 5 0
6 3
0 180 6 0
180 32 6 0
32 0 6 0
7 16
0 59 7 2
59 73 7 0
73 43 7 0
43 71 7 0
71 194 7 0
194 33 7 0
33 90 7 0
90 80 7 0
80 187 7 2
187 44 7 2
44 140 7 0
140 31 7 0
31 183 7 2
183 171 7 0
171 172 7 0
172 0 7 0
8 21
0 117 8 1
117 42 8 2
42 89 8 1
89 47 8 2
47 81 8 0
81 35 8 2
35 9 8 1
9 124 8 2
124 56 8 0
56 175 8 2
175 83 8 0
83 84 8 2
84 78 8 1
78 134 8 1
134 86 8 1
86 18 8 2
18 176 8 2
176 112 8 2
112 57 8 2
57 111 8 2
111 0 8 0
9 15
0 101 9 1
101 185 9 2
185 98 9 1
98 16 9 2
16 23 9 2
23 96 9 1
96 199 9 2
199 184 9 2
184 85 9 1
85 127 9 2
127 174 9 2
174 126 9 2
126 93 9 2
93 60 9 2
60 0 9 0
10 9
0 192 10 5
192 177 10 5
177 52 10 4
52 179 10 4
179 173 10 5
173 15 10 5
15 129 10 5
129 51 10 4
51 0 10 0
11 14
0 146 11 3
146 161 11 3
161 68 11 4
68 150 11 3
150 168 11 4
168 155 11 3
155 178 11 5
178 196 11 5
196 119 11 3
119 75 11 5
75 70 11 5
70 92 11 4
92 176 11 3
176 0 11 0
12 16
0 146 12 4
146 161 12 5
161 150 12 5
150 168 12 5
168 155 12 5
155 12 12 4
12 132 12 3
132 62 12 3
62 158 12 3
158 160 12 3
160 200 12 5
200 193 12 5
193 131 12 5
131 24 12 4
24 167 12 3
167 0 12 0
13 6
0 165 13 3
165 151 13 3
151 99 13 4
99 7 13 5
7 149 13 3
149 0 13 0
14 5
0 165 14 4
165 151 14 4
151 25 14 5
25 100 14 5
100 0 14 0
15 9
0 154 15 3
154 145 15 4
145 2 15 4
2 163 15 3
163 186 15 3
186 169 15 3
169 159 15 3
159 157 15 3
157 0 15 0
16 11
0 154 16 4
154 145 16 5
145 113 16 3
113 48 16 5
48 163 16 4
163 103 16 5
103 109 16 3
109 184 16 4
184 102 16 3
102 169 16 4
169 0 16 0
17 4
0 143 17 5
143 180 17 5
180 108 17 5
108 0 17 0
18 4
0 143 18 4
143 120 18 4
120 114 18 4
114 0 18 0
19 7
0 91 19 3
91 39 19 3
39 142 19 3
142 198 19 4
198 14 19 4
14 149 19 4
149 0 19 0
20 12
0 22 20 4
22 147 20 3
147 166 20 3
166 162 20 3
162 6 20 3
6 63 20 4
63 110 20 3
110 148 20 4
148 190 20 3
190 152 20 3
152 118 20 3
118 0 20 0
21 17
0 130 21 4
130 104 21 4
104 147 21 4
147 166 21 5
166 162 21 5
162 67 21 5
67 175 21 4
175 144 21 4
144 38 21 3
38 17 21 5
17 13 21 4
13 141 21 3
141 183 21 3
183 65 21 5
65 171 21 4
171 172 21 4
172 0 21 0
22 12
0 170 22 4
170 49 22 5
49 164 22 4
164 106 22 3
106 88 22 4
88 19 22 5
19 158 22 5
158 160 22 5
160 191 22 3
191 136 22 3
136 167 22 4
167 0 22 0
23 10
0 170 23 5
170 185 23 5
185 142 23 4
142 46 23 5
46 194 23 5
194 3 23 4
3 181 23 5
181 94 23 4
94 141 23 4
141 0 23 0
24 9
0 164 24 5
164 115 24 3
115 195 24 3
195 144 24 3
144 37 24 5
37 187 24 3
187 29 24 3
29 152 24 5
152 0 24 0
25 10
0 156 25 4
156 66 25 3
66 107 25 5
107 76 25 3
76 5 25 5
5 182 25 5
182 148 25 5
148 40 25 5
40 188 25 5
188 0 25 0
26 8
0 156 26 5
156 34 26 4
34 128 26 5
128 199 26 5
199 41 26 4
41 174 26 3
174 159 26 4
159 0 26 0
27 5
0 133 27 3
133 189 27 5
189 121 27 4
121 153 27 4
153 0 27 0
28 3
0 197 28 5
197 153 28 5
153 0 28 0
29 2
0 157 29 5
157 0 29 0
