# Solution for ../instances-HHCRSP/InstanzVNS_HCSRP_300_6.txt
# Cost = 1771.01 Dist = 5272.16 Tard = 31.8408 TMax = 9.01936
# <vehicle> <route length>
# <origin node> <dest node> <vehicle> <service type>
0 14
0 279 0 1
279 157 0 0
157 275 0 1
275 271 0 0
271 158 0 1
158 134 0 0
134 256 0 1
256 174 0 1
174 126 0 1
126 288 0 1
288 172 0 1
172 114 0 0
114 113 0 0
113 0 0 0
1 11
0 193 1 1
193 264 1 1
264 269 1 1
269 182 1 1
182 277 1 1
277 15 1 1
15 104 1 1
104 278 1 1
278 58 1 1
58 1 1 1
1 0 1 0
2 16
0 60 2 2
60 3 2 2
3 13 2 0
13 276 2 2
276 287 2 2
287 53 2 1
53 47 2 2
47 94 2 0
94 24 2 1
24 251 2 2
251 253 2 1
253 297 2 1
297 80 2 1
80 12 2 2
12 73 2 2
73 0 2 0
3 13
0 282 3 2
282 51 3 2
51 144 3 2
144 20 3 2
20 252 3 1
252 188 3 1
188 19 3 1
19 129 3 2
129 261 3 1
261 76 3 1
76 99 3 2
99 98 3 2
98 0 3 0
4 12
0 66 4 0
66 198 4 0
198 4 4 0
4 258 4 0
258 173 4 0
173 61 4 1
61 292 4 1
292 262 4 0
262 268 4 1
268 191 4 1
191 289 4 1
289 0 4 0
5 14
0 16 5 0
16 283 5 0
283 284 5 0
284 36 5 1
36 285 5 1
285 2 5 0
2 136 5 0
136 77 5 0
77 78 5 0
78 72 5 0
72 273 5 1
273 177 5 1
177 257 5 1
257 0 5 0
6 7
0 143 6 2
143 299 6 2
299 255 6 2
255 265 6 2
265 180 6 2
180 79 6 2
79 0 6 0
7 13
0 25 7 2
25 67 7 2
67 184 7 2
184 97 7 2
97 82 7 2
82 296 7 2
296 128 7 2
128 40 7 2
40 267 7 2
267 168 7 2
168 266 7 2
266 150 7 2
150 0 7 0
8 4
0 159 8 1
159 281 8 1
281 298 8 1
298 0 8 0
9 14
0 131 9 0
131 290 9 0
290 5 9 1
5 124 9 2
124 90 9 0
90 260 9 0
260 133 9 2
133 199 9 0
199 286 9 0
286 259 9 0
259 272 9 0
272 156 9 2
156 294 9 2
294 0 9 0
10 15
0 183 10 1
183 165 10 0
165 95 10 1
95 33 10 0
33 18 10 0
18 103 10 0
103 295 10 0
295 23 10 1
23 189 10 0
189 127 10 1
127 190 10 0
190 109 10 0
109 106 10 1
106 254 10 0
254 0 10 0
11 9
0 139 11 2
139 22 11 2
22 31 11 2
31 197 11 2
197 119 11 2
119 64 11 2
64 187 11 2
187 116 11 2
116 0 11 0
12 10
0 30 12 2
30 92 12 2
92 59 12 1
59 112 12 1
112 300 12 2
300 263 12 1
263 181 12 2
181 85 12 1
85 142 12 0
142 0 12 0
13 7
0 122 13 1
122 151 13 0
151 291 13 0
291 280 13 0
280 26 13 0
26 147 13 1
147 0 13 0
14 4
0 44 14 0
44 132 14 0
132 161 14 0
161 0 14 0
15 5
0 121 15 1
121 111 15 1
111 293 15 1
293 274 15 1
274 0 15 0
16 3
0 43 16 1
43 270 16 1
270 0 16 0
17 2
0 41 17 0
41 0 17 0
18 15
0 11 18 4
11 249 18 3
249 258 18 3
258 216 18 4
216 276 18 3
276 242 18 3
242 287 18 5
287 248 18 4
248 102 18 5
102 155 18 5
155 163 18 5
163 267 18 4
267 229 18 3
229 110 18 3
110 0 18 0
19 16
0 250 19 3
250 27 19 4
27 279 19 3
279 55 19 4
55 89 19 4
89 84 19 5
84 107 19 4
107 256 19 5
256 219 19 3
219 211 19 3
211 288 19 4
288 101 19 3
101 218 19 3
218 236 19 3
236 247 19 3
247 0 19 0
20 14
0 250 20 4
250 249 20 5
249 74 20 5
74 152 20 5
152 192 20 3
192 141 20 5
141 252 20 5
252 292 20 3
292 219 20 4
219 211 20 5
211 218 20 4
218 236 20 5
236 176 20 5
176 0 20 0
21 15
0 7 21 5
7 35 21 5
35 154 21 3
154 285 21 4
285 255 21 3
255 200 21 4
200 149 21 4
149 21 21 3
21 71 21 5
71 261 21 4
261 117 21 4
117 257 21 4
257 115 21 5
115 14 21 3
14 0 21 0
22 18
0 231 22 3
231 282 22 5
282 204 22 4
204 214 22 3
214 65 22 3
65 207 22 3
207 138 22 3
138 271 22 5
271 244 22 3
244 239 22 4
239 186 22 5
186 241 22 3
241 87 22 5
87 262 22 3
262 278 22 4
278 266 22 5
266 29 22 3
29 0 22 0
23 18
0 231 23 5
231 93 23 5
93 204 23 5
204 214 23 5
214 207 23 5
207 275 23 5
275 17 23 5
17 153 23 5
153 100 23 4
100 248 23 5
248 108 23 4
108 28 23 5
28 206 23 4
206 230 23 3
230 229 23 4
229 135 23 4
135 254 23 3
254 0 23 0
24 13
0 49 24 4
49 45 24 5
45 86 24 5
86 6 24 5
6 37 24 4
37 243 24 3
243 91 24 4
91 185 24 5
185 130 24 3
130 227 24 4
227 225 24 3
225 224 24 3
224 0 24 0
25 18
0 50 25 3
50 56 25 5
56 283 25 5
283 299 25 3
299 284 25 5
284 233 25 4
233 209 25 3
209 223 25 4
223 232 25 3
232 140 25 5
140 32 25 4
32 105 25 5
105 221 25 3
221 118 25 4
118 213 25 4
213 42 25 4
42 70 25 3
70 0 25 0
26 16
0 238 26 3
238 88 26 4
88 171 26 5
171 195 26 4
195 48 26 4
48 216 26 5
216 242 26 5
242 46 26 4
46 239 26 5
239 196 26 4
196 38 26 5
38 251 26 3
251 253 26 4
253 297 26 3
297 247 26 4
247 0 26 0
27 13
0 238 27 4
238 148 27 4
148 137 27 5
137 162 27 5
162 62 27 4
62 264 27 3
264 269 27 4
269 123 27 3
123 235 27 3
235 69 27 3
69 125 27 3
125 226 27 3
226 0 27 0
28 12
0 208 28 3
208 54 28 3
54 233 28 5
233 209 28 5
209 223 28 5
223 232 28 4
232 265 28 3
265 273 28 3
273 221 28 5
221 213 28 5
213 270 28 5
270 0 28 0
29 13
0 208 29 5
208 202 29 3
202 215 29 4
215 8 29 4
8 228 29 3
228 145 29 3
145 52 29 3
52 244 29 4
244 241 29 4
241 268 29 3
268 289 29 4
289 169 29 4
169 0 29 0
30 12
0 39 30 5
39 243 30 4
243 291 30 3
291 280 30 4
280 194 30 5
194 120 30 5
120 296 30 5
296 235 30 4
235 170 30 5
170 175 30 3
175 226 30 4
226 0 30 0
31 11
0 167 31 4
167 290 31 5
290 210 31 3
210 83 31 4
83 68 31 5
68 260 31 3
260 203 31 4
203 222 31 3
222 220 31 4
220 75 31 4
75 0 31 0
32 12
0 205 32 4
205 237 32 4
237 210 32 4
210 146 32 3
146 81 32 4
81 203 32 5
203 259 32 5
259 201 32 3
201 274 32 5
274 272 32 4
272 179 32 5
179 0 32 0
33 9
0 205 33 5
205 237 33 5
237 164 33 3
164 281 33 5
281 298 33 3
298 222 33 5
222 220 33 5
220 294 33 3
294 0 33 0
34 11
0 178 34 4
178 202 34 4
202 215 34 5
215 228 34 5
228 295 34 4
295 277 34 5
277 9 34 4
9 166 34 5
166 206 34 5
206 230 34 4
230 0 34 0
35 6
0 246 35 3
246 212 35 4
212 227 35 5
227 225 35 4
225 224 35 5
224 0 35 0
36 8
0 234 36 4
234 63 36 3
63 240 36 3
240 217 36 4
217 245 36 3
245 300 36 4
300 263 36 4
263 0 36 0
37 1
0 0 37 0
38 9
0 246 38 5
246 212 38 5
212 160 38 5
160 57 38 3
57 286 38 5
286 293 38 4
293 201 38 4
201 96 38 3
96 0 38 0
39 7
0 234 39 5
234 34 39 5
34 240 39 4
240 217 39 5
217 245 39 4
245 10 39 5
10 0 39 0
