# Solution for ../instances-HHCRSP/InstanzVNS_HCSRP_300_9.txt
# Cost = 1977.37 Dist = 5889.36 Tard = 35.0394 TMax = 7.70658
# <vehicle> <route length>
# <origin node> <dest node> <vehicle> <service type>
0 17
0 89 0 1
89 9 0 1
9 56 0 0
56 281 0 1
281 255 0 1
255 264 0 0
264 83 0 0
83 286 0 0
286 134 0 1
134 78 0 1
78 80 0 0
80 187 0 0
187 69 0 0
69 74 0 1
74 148 0 1
148 138 0 1
138 0 0 0
1 8
0 274 1 1
274 294 1 1
294 122 1 1
122 85 1 1
85 105 1 1
105 152 1 1
152 292 1 1
292 0 1 0
2 7
0 81 2 0
81 287 2 0
287 297 2 0
297 27 2 0
27 79 2 0
79 267 2 0
267 0 2 0
3 13
0 97 3 1
97 117 3 1
117 54 3 1
54 275 3 0
275 265 3 1
265 295 3 0
295 33 3 0
33 252 3 1
252 184 3 0
184 251 3 0
251 55 3 0
55 293 3 1
293 0 3 0
4 10
0 268 4 0
268 177 4 0
177 123 4 0
123 195 4 0
195 257 4 0
257 283 4 0
283 291 4 0
291 258 4 0
258 261 4 0
261 0 4 0
5 14
0 280 5 2
280 36 5 2
36 147 5 0
147 11 5 2
11 166 5 0
166 95 5 2
95 77 5 2
77 139 5 2
139 8 5 0
8 158 5 2
158 176 5 0
176 260 5 2
260 57 5 2
57 0 5 0
6 7
0 71 6 0
71 298 6 0
298 284 6 0
284 151 6 0
151 53 6 0
53 140 6 0
140 0 6 0
7 6
0 289 7 1
289 82 7 1
82 96 7 1
96 194 7 0
194 31 7 0
31 0 7 0
8 3
0 73 8 0
73 32 8 0
32 0 8 0
9 15
0 116 9 2
116 272 9 2
272 262 9 2
262 50 9 1
50 84 9 2
84 182 9 2
182 58 9 2
58 1 9 1
1 186 9 2
186 125 9 1
125 127 9 2
127 296 9 2
296 285 9 2
285 290 9 2
290 0 9 0
10 16
0 185 10 2
185 59 10 2
59 101 10 1
101 142 10 1
142 23 10 2
23 98 10 1
98 277 10 1
277 143 10 1
143 180 10 1
180 266 10 2
266 271 10 2
271 135 10 1
135 256 10 2
256 157 10 2
157 126 10 2
126 0 10 0
11 15
0 35 11 2
35 150 11 2
150 146 11 2
146 161 11 1
161 4 11 1
4 178 11 2
178 300 11 2
300 18 11 2
18 72 11 2
72 86 11 1
86 193 11 2
193 191 11 2
191 21 11 1
21 137 11 1
137 0 11 0
12 3
0 273 12 0
273 43 12 0
43 0 12 0
13 14
0 269 13 1
269 162 13 0
162 299 13 0
299 144 13 0
144 30 13 1
30 90 13 0
90 20 13 0
20 254 13 1
254 141 13 0
141 278 13 0
278 183 13 0
183 174 13 0
174 172 13 1
172 0 13 0
14 12
0 42 14 2
42 16 14 2
16 288 14 2
288 87 14 2
87 28 14 2
28 61 14 0
61 279 14 2
279 188 14 2
188 26 14 0
26 169 14 2
169 44 14 2
44 0 14 0
15 9
0 64 15 2
64 47 15 2
47 124 15 2
124 259 15 2
259 112 15 2
112 45 15 2
45 276 15 2
276 111 15 2
111 0 15 0
16 4
0 282 16 2
282 60 16 2
60 93 16 2
93 0 16 0
17 6
0 263 17 1
263 10 17 1
10 197 17 2
197 270 17 2
270 253 17 2
253 0 17 0
18 19
0 227 18 4
227 280 18 4
280 231 18 3
231 22 18 4
22 155 18 4
155 168 18 3
168 19 18 5
19 75 18 5
75 132 18 3
132 300 18 5
300 175 18 3
175 259 18 4
259 15 18 5
15 233 18 3
233 247 18 5
247 190 18 4
190 237 18 5
237 40 18 5
40 0 18 0
19 15
0 227 19 5
227 106 19 3
106 231 19 5
231 281 19 4
281 255 19 5
255 12 19 4
12 264 19 4
264 210 19 3
210 221 19 3
221 245 19 3
245 212 19 4
212 160 19 4
160 200 19 3
200 136 19 3
136 0 19 0
20 13
0 228 20 3
228 164 20 4
164 2 20 4
2 163 20 4
163 206 20 4
206 265 20 3
265 295 20 3
295 13 20 4
13 252 20 5
252 296 20 4
296 251 20 5
251 94 20 4
94 0 20 0
21 15
0 228 21 5
228 239 21 5
239 66 21 3
66 109 21 3
109 294 21 3
294 128 21 5
128 203 21 3
203 249 21 5
249 17 21 5
17 254 21 3
254 236 21 3
236 292 21 5
292 102 21 3
102 293 21 5
293 0 21 0
22 9
0 274 22 5
274 203 22 4
203 249 22 4
249 103 22 5
103 159 22 5
159 278 22 4
278 171 22 5
171 65 22 5
65 0 22 0
23 14
0 49 23 5
49 239 23 4
239 5 23 5
5 288 23 5
288 211 23 3
211 209 23 3
209 76 23 3
76 48 23 5
48 248 23 4
248 205 23 3
205 279 23 4
279 230 23 3
230 235 23 3
235 0 23 0
24 17
0 234 24 3
234 217 24 5
217 298 24 5
298 133 24 3
133 156 24 3
156 154 24 5
154 91 24 3
91 39 24 3
39 277 24 3
277 189 24 3
189 215 24 3
215 198 24 5
198 266 24 3
266 244 24 3
244 240 24 5
240 241 24 3
241 0 24 0
25 13
0 234 25 4
234 217 25 4
217 34 25 4
34 275 25 3
275 206 25 5
206 3 25 4
3 199 25 3
199 215 25 5
215 271 25 5
271 244 25 5
244 240 25 4
240 241 25 5
241 0 25 0
26 16
0 272 26 5
272 192 26 3
192 6 26 3
6 216 26 5
216 226 26 5
226 229 26 5
229 225 26 3
225 232 26 3
232 257 26 3
257 283 26 4
283 38 26 3
38 291 26 5
291 258 26 4
258 118 26 3
118 261 26 5
261 0 26 0
27 13
0 243 27 5
243 165 27 5
165 100 27 5
100 7 27 5
7 224 27 3
224 284 27 5
284 218 27 3
218 153 27 5
153 181 27 3
181 46 27 5
46 285 27 3
285 290 27 3
290 0 27 0
28 9
0 243 28 4
243 99 28 4
99 25 28 5
25 120 28 4
120 224 28 5
224 218 28 5
218 270 28 3
270 253 28 3
253 0 28 0
29 13
0 268 29 4
268 223 29 3
223 68 29 4
68 262 29 5
262 67 29 5
67 63 29 4
63 208 29 4
208 110 29 3
110 129 29 5
129 220 29 4
220 29 29 3
29 236 29 4
236 0 29 0
30 11
0 130 30 4
130 52 30 4
52 216 30 3
216 226 30 3
226 229 30 3
229 225 30 4
225 232 30 4
232 233 30 4
233 247 30 3
247 237 30 3
237 0 30 0
31 12
0 223 31 5
223 287 31 5
287 297 31 3
297 242 31 4
242 201 31 3
201 196 31 5
196 119 31 3
119 210 31 4
210 131 31 5
131 213 31 3
213 260 31 4
260 0 31 0
32 15
0 145 32 4
145 179 32 5
179 242 32 5
242 201 32 4
201 62 32 3
62 70 32 5
70 221 32 4
221 245 32 4
245 212 32 5
212 24 32 4
24 92 32 4
92 267 32 5
267 167 32 4
167 276 32 3
276 0 32 0
33 7
0 238 33 3
238 289 33 5
289 273 33 3
273 202 33 5
202 204 33 3
204 250 33 3
250 0 33 0
34 6
0 238 34 4
238 108 34 5
108 41 34 4
41 121 34 4
121 256 34 3
256 0 34 0
35 15
0 170 35 3
170 214 35 3
214 269 35 3
269 113 35 3
113 107 35 5
107 211 35 5
211 209 35 4
209 115 35 3
115 248 35 5
248 205 35 4
205 37 35 5
37 51 35 4
51 230 35 5
230 235 35 4
235 0 35 0
36 10
0 214 36 5
214 104 36 4
104 173 36 4
173 299 36 3
299 208 36 5
208 88 36 4
88 286 36 5
286 220 36 5
220 213 36 5
213 0 36 0
37 8
0 246 37 4
246 282 37 4
282 222 37 3
222 263 37 3
263 14 37 4
14 219 37 3
219 207 37 3
207 0 37 0
38 7
0 246 38 5
246 222 38 5
222 114 38 4
114 149 38 4
149 219 38 5
219 207 38 4
207 0 38 0
39 4
0 202 39 4
202 204 39 5
204 250 39 5
250 0 39 0
