# Solution for ../instances-HHCRSP/InstanzVNS_HCSRP_300_3.txt
# Cost = 1547.27 Dist = 4609.13 Tard = 23.4772 TMax = 9.21653
# <vehicle> <route length>
# <origin node> <dest node> <vehicle> <service type>
0 15
0 9 0 1
9 33 0 0
33 40 0 1
40 125 0 1
125 122 0 0
122 284 0 1
284 108 0 1
108 17 0 0
17 178 0 0
178 191 0 1
191 121 0 0
121 128 0 0
128 289 0 1
289 60 0 0
60 0 0 0
1 11
0 261 1 0
261 161 1 0
161 285 1 1
285 169 1 1
169 34 1 0
34 62 1 1
62 266 1 1
266 157 1 1
157 279 1 1
279 3 1 0
3 0 1 0
2 10
0 293 2 2
293 290 2 2
290 294 2 2
294 88 2 2
88 89 2 2
89 300 2 2
300 140 2 2
140 138 2 2
138 276 2 2
276 0 2 0
3 12
0 252 3 0
252 286 3 0
286 6 3 0
6 257 3 0
257 287 3 0
287 123 3 1
123 67 3 1
67 137 3 0
137 270 3 0
270 5 3 0
5 269 3 1
269 0 3 0
4 3
0 23 4 1
23 65 4 1
65 0 4 0
5 11
0 143 5 2
143 50 5 2
50 262 5 2
262 298 5 0
298 59 5 0
59 151 5 1
151 112 5 2
112 149 5 1
149 126 5 0
126 54 5 1
54 0 5 0
6 13
0 114 6 0
114 111 6 1
111 22 6 0
22 117 6 0
117 164 6 1
164 4 6 1
4 90 6 1
90 273 6 1
273 253 6 0
253 272 6 0
272 283 6 0
283 159 6 0
159 0 6 0
7 11
0 260 7 0
260 281 7 0
281 35 7 2
35 177 7 2
177 190 7 0
190 171 7 2
171 43 7 2
43 155 7 0
155 87 7 2
87 292 7 2
292 0 7 0
8 6
0 265 8 1
265 165 8 1
165 264 8 1
264 163 8 1
163 185 8 1
185 0 8 0
9 8
0 259 9 0
259 296 9 0
296 91 9 0
91 179 9 0
179 38 9 0
38 97 9 0
97 135 9 0
135 0 9 0
10 15
0 124 10 2
124 288 10 1
288 156 10 2
156 251 10 1
251 184 10 1
184 268 10 2
268 1 10 2
1 154 10 2
154 69 10 2
69 278 10 0
278 189 10 2
189 275 10 0
275 193 10 0
193 256 10 0
256 0 10 0
11 10
0 271 11 2
271 280 11 2
280 168 11 2
168 195 11 2
195 47 11 2
47 45 11 2
45 130 11 2
130 31 11 2
31 86 11 2
86 0 11 0
12 14
0 254 12 2
254 299 12 2
299 291 12 0
291 162 12 2
162 79 12 2
79 172 12 2
172 68 12 0
68 188 12 0
188 282 12 2
282 277 12 2
277 139 12 0
139 76 12 2
76 72 12 2
72 0 12 0
13 8
0 147 13 1
147 107 13 1
107 181 13 1
181 10 13 1
10 142 13 1
142 133 13 1
133 258 13 1
258 0 13 0
14 12
0 20 14 1
20 80 14 1
80 274 14 2
274 26 14 1
26 63 14 1
63 41 14 1
41 118 14 2
118 64 14 2
64 297 14 2
297 295 14 1
295 267 14 1
267 0 14 0
15 5
0 2 15 2
2 61 15 2
61 136 15 2
136 263 15 2
263 0 15 0
16 4
0 29 16 2
29 166 16 0
166 103 16 2
103 0 16 0
17 4
0 21 17 1
21 255 17 1
255 199 17 1
199 0 17 0
18 7
0 15 18 3
15 215 18 5
215 242 18 3
242 218 18 5
218 282 18 5
282 277 18 3
277 0 18 0
19 11
0 215 19 4
215 127 19 4
127 96 19 5
96 152 19 4
152 264 19 4
264 196 19 5
196 25 19 4
25 240 19 3
240 220 19 3
220 203 19 3
203 0 19 0
20 15
0 232 20 3
232 176 20 4
176 132 20 4
132 110 20 5
110 74 20 3
74 55 20 3
55 223 20 3
223 174 20 3
174 216 20 3
216 160 20 5
160 266 20 3
266 19 20 4
19 99 20 3
99 234 20 4
234 0 20 0
21 17
0 232 21 4
232 71 21 5
71 7 21 3
7 197 21 3
197 298 21 4
298 102 21 4
102 109 21 3
109 284 21 3
284 237 21 4
237 202 21 4
202 32 21 5
32 119 21 3
119 104 21 5
104 141 21 5
141 204 21 5
204 134 21 4
134 0 21 0
22 18
0 36 22 3
36 252 22 4
252 262 22 3
262 286 22 3
286 280 22 4
280 274 22 3
274 242 22 4
242 218 22 3
218 85 22 4
85 257 22 3
257 173 22 4
173 75 22 4
75 287 22 4
287 270 22 3
270 66 22 3
66 204 22 3
204 269 22 4
269 0 22 0
23 7
0 293 23 5
293 248 23 4
248 265 23 3
265 39 23 3
39 48 23 5
48 220 23 4
220 0 23 0
24 14
0 219 24 4
219 261 24 4
261 235 24 4
235 209 24 3
209 239 24 3
239 93 24 5
93 210 24 3
210 214 24 3
214 14 24 4
14 58 24 4
58 283 24 5
283 101 24 5
101 228 24 3
228 0 24 0
25 10
0 219 25 5
219 100 25 4
100 115 25 3
115 129 25 5
129 285 25 3
285 230 25 5
230 278 25 3
278 30 25 5
30 275 25 3
275 0 25 0
26 8
0 226 26 5
226 271 26 5
271 70 26 5
70 249 26 5
249 253 26 5
253 272 26 5
272 120 26 5
120 0 26 0
27 16
0 226 27 3
226 158 27 3
158 13 27 5
13 153 27 3
153 249 27 3
249 192 27 4
192 273 27 4
273 18 27 3
18 194 27 5
194 233 27 4
233 211 27 4
211 201 27 4
201 279 27 3
279 167 27 4
167 228 27 4
228 0 27 0
28 17
0 260 28 5
260 27 28 5
27 281 28 4
281 198 28 3
198 182 28 4
182 98 28 5
98 223 28 5
223 216 28 5
216 8 28 4
8 94 28 4
94 12 28 4
12 131 28 4
131 11 28 3
11 170 28 4
170 292 28 5
292 78 28 5
78 0 28 0
29 12
0 248 29 5
248 291 29 5
291 95 29 5
95 300 29 5
300 53 29 3
53 276 29 5
276 148 29 3
148 77 29 5
77 81 29 5
81 231 29 5
231 207 29 3
207 0 29 0
30 14
0 208 30 4
208 241 30 4
241 259 30 4
259 213 30 3
213 206 30 3
206 236 30 3
236 105 30 5
105 46 30 4
46 227 30 3
227 244 30 4
244 225 30 3
225 187 30 3
187 263 30 4
263 0 30 0
31 16
0 208 31 5
208 241 31 5
241 296 31 5
296 254 31 5
254 299 31 5
299 213 31 5
213 206 31 5
206 236 31 4
236 180 31 4
180 217 31 4
217 255 31 5
255 245 31 4
245 144 31 4
144 150 31 5
150 224 31 5
224 0 31 0
32 18
0 205 32 3
205 229 32 5
229 146 32 5
146 250 32 3
250 221 32 3
221 145 32 5
145 238 32 5
238 84 32 3
84 247 32 5
247 175 32 3
175 246 32 5
246 237 32 3
237 202 32 5
202 233 32 5
233 211 32 3
211 201 32 5
201 234 32 5
234 0 32 0
33 15
0 205 33 4
205 229 33 4
229 250 33 5
250 44 33 4
44 221 33 4
221 238 33 4
238 247 33 4
247 246 33 4
246 183 33 4
183 52 33 3
52 57 33 3
57 51 33 3
51 82 33 5
82 289 33 4
289 0 33 0
34 12
0 290 34 3
290 28 34 5
28 294 34 3
294 212 34 3
212 268 34 3
268 186 34 4
186 200 34 4
200 225 34 4
225 243 34 3
243 231 34 4
231 207 34 4
207 0 34 0
35 5
0 113 35 4
113 230 35 4
230 16 35 4
16 256 35 4
256 0 35 0
36 12
0 42 36 5
42 288 36 5
288 222 36 4
222 251 36 3
251 92 36 4
92 49 36 4
49 83 36 4
83 24 36 5
24 245 36 3
245 106 36 5
106 224 36 3
224 0 36 0
37 9
0 222 37 5
222 116 37 3
116 212 37 4
212 73 37 4
73 227 37 4
227 244 37 5
244 258 37 5
258 243 37 5
243 0 37 0
38 10
0 235 38 5
235 209 38 5
209 239 38 5
239 56 38 4
56 210 38 5
210 214 38 5
214 297 38 5
297 295 38 4
295 267 38 4
267 0 38 0
39 5
0 217 39 5
217 240 39 5
240 37 39 3
37 203 39 4
203 0 39 0
