# Solution for ../instances-HHCRSP/InstanzCPLEX_HCSRP_50_7.txt
# Cost = 538.934 Dist = 1616.8 Tard = 0 TMax = 0
# <vehicle> <route length>
# <origin node> <dest node> <vehicle> <service type>
0 13
0 18 0 0
18 50 0 0
50 45 0 0
45 25 0 2
25 43 0 0
43 10 0 0
10 29 0 0
29 22 0 2
22 48 0 0
48 13 0 0
13 12 0 0
12 9 0 0
9 0 0 0
1 9
0 49 1 1
49 24 1 1
24 14 1 1
14 47 1 2
47 44 1 1
44 15 1 1
15 33 1 1
33 46 1 1
46 0 1 0
2 4
0 2 2 2
2 11 2 0
11 26 2 2
26 0 2 0
3 6
0 23 3 3
23 5 3 4
5 43 3 3
43 37 3 3
37 39 3 3
39 0 3 0
4 11
0 42 4 3
42 21 4 4
21 3 4 3
3 38 4 3
38 1 4 4
1 41 4 3
41 40 4 4
40 8 4 5
8 27 4 3
27 36 4 4
36 0 4 0
5 11
0 42 5 4
42 31 5 3
31 38 5 4
38 32 5 3
32 41 5 4
41 40 5 5
40 30 5 5
30 7 5 4
7 16 5 4
16 46 5 5
46 0 5 0
6 5
0 49 6 5
49 19 6 3
19 17 6 3
17 48 6 3
48 0 6 0
7 4
0 47 7 4
47 44 7 5
44 39 7 4
39 0 7 0
8 8
0 20 8 3
20 34 8 3
34 50 8 3
50 45 8 5
45 6 8 4
6 28 8 4
28 37 8 5
37 0 8 0
9 4
0 4 9 4
4 35 9 3
35 36 9 5
36 0 9 0
