# Solution for ../instances-HHCRSP/InstanzVNS_HCSRP_100_7.txt
# Cost = 734.29 Dist = 2188.09 Tard = 9.19922 TMax = 5.57625
# <vehicle> <route length>
# <origin node> <dest node> <vehicle> <service type>
0 17
0 50 0 0
50 65 0 2
65 95 0 2
95 11 0 0
11 38 0 0
38 90 0 0
90 24 0 1
24 64 0 1
64 51 0 0
51 91 0 0
91 68 0 1
68 26 0 2
26 96 0 0
96 94 0 1
94 46 0 1
46 57 0 0
57 0 0 0
1 13
0 99 1 2
99 100 1 1
100 53 1 0
53 25 1 2
25 98 1 1
98 10 1 0
10 89 1 2
89 54 1 2
54 39 1 0
39 36 1 2
36 13 1 0
13 63 1 0
63 0 1 0
2 11
0 18 2 0
18 45 2 1
45 93 2 0
93 59 2 0
59 29 2 0
29 15 2 1
15 33 2 1
33 12 2 0
12 9 2 0
9 86 2 1
86 0 2 0
3 3
0 97 3 2
97 67 3 2
67 0 3 0
4 7
0 2 4 2
2 42 4 2
42 40 4 2
40 88 4 2
88 14 4 1
14 87 4 2
87 0 4 0
5 2
0 92 5 2
92 0 5 0
6 2
0 22 6 2
22 0 6 0
7 16
0 81 7 4
81 3 7 3
3 21 7 4
21 31 7 3
31 95 7 3
95 70 7 5
70 62 7 3
62 91 7 4
91 80 7 3
80 16 7 4
16 85 7 4
85 96 7 5
96 94 7 5
94 30 7 5
30 71 7 3
71 0 7 0
8 13
0 81 8 5
81 90 8 3
90 32 8 3
32 77 8 3
77 78 8 5
78 79 8 3
79 41 8 5
41 80 8 4
80 85 8 5
85 55 8 4
55 7 8 4
7 71 8 4
71 0 8 0
9 10
0 99 9 3
99 100 9 4
100 43 9 3
43 73 9 3
73 5 9 4
5 66 9 3
66 83 9 3
83 37 9 4
37 47 9 4
47 0 9 0
10 9
0 72 10 3
72 34 10 3
34 82 10 3
82 97 10 5
97 28 10 4
28 93 10 3
93 6 10 4
6 86 10 3
86 0 10 0
11 6
0 72 11 4
72 82 11 4
82 20 11 3
20 89 11 3
89 76 11 3
76 0 11 0
12 8
0 75 12 4
75 1 12 4
1 77 12 4
77 78 12 4
78 79 12 4
79 52 12 3
52 88 12 4
88 0 12 0
13 5
0 75 13 5
75 69 13 5
69 8 13 5
8 74 13 3
74 0 13 0
14 5
0 23 14 3
23 58 14 3
58 73 14 5
73 83 14 5
83 0 14 0
15 5
0 84 15 3
84 92 15 3
92 60 15 3
60 44 15 3
44 0 15 0
16 2
0 27 16 3
27 0 16 0
17 8
0 49 17 4
49 4 17 4
4 35 17 3
35 56 17 4
56 87 17 5
87 61 17 4
61 76 17 4
76 0 17 0
18 2
0 84 18 4
84 0 18 0
19 6
0 98 19 4
98 17 19 3
17 19 19 3
19 48 19 3
48 74 19 4
74 0 19 0
