# Solution for ../instances-HHCRSP/InstanzVNS_HCSRP_100_3.txt
# Cost = 848.401 Dist = 2534.03 Tard = 5.89569 TMax = 5.28011
# <vehicle> <route length>
# <origin node> <dest node> <vehicle> <service type>
0 10
0 88 0 1
88 10 0 1
10 100 0 1
100 89 0 1
89 92 0 1
92 21 0 1
21 95 0 0
95 38 0 0
38 65 0 1
65 0 0 0
1 7
0 96 1 0
96 34 1 0
34 22 1 0
22 59 1 0
59 94 1 0
94 86 1 0
86 0 1 0
2 10
0 35 2 2
35 9 2 1
9 50 2 2
50 40 2 1
40 47 2 2
47 67 2 1
67 31 2 2
31 54 2 1
54 99 2 2
99 0 2 0
3 8
0 23 3 1
23 62 3 1
62 4 3 1
4 41 3 1
41 63 3 1
63 93 3 1
93 3 3 0
3 0 3 0
4 8
0 61 4 2
61 2 4 2
2 1 4 2
1 91 4 2
91 29 4 2
29 69 4 2
69 97 4 2
97 0 4 0
5 14
0 20 5 1
20 26 5 1
26 33 5 0
33 98 5 2
98 6 5 0
6 90 5 1
90 64 5 2
64 45 5 2
45 17 5 0
17 43 5 2
43 87 5 0
87 60 5 0
60 5 5 0
5 0 5 0
6 2
0 68 6 0
68 0 6 0
7 10
0 71 7 3
71 74 7 3
74 7 7 3
7 84 7 3
84 51 7 3
51 82 7 3
82 52 7 3
52 87 7 3
87 11 7 3
11 0 7 0
8 6
0 16 8 4
16 88 8 5
88 73 8 4
73 97 8 4
97 53 8 3
53 0 8 0
9 8
0 49 9 4
49 28 9 5
28 100 9 3
100 89 9 3
89 95 9 5
95 81 9 4
81 77 9 4
77 0 9 0
10 8
0 96 10 5
96 70 10 5
70 80 10 3
80 85 10 3
85 32 10 5
32 75 10 5
75 78 10 5
78 0 10 0
11 6
0 42 11 5
42 83 11 5
83 91 11 5
91 79 11 5
79 30 11 5
30 0 11 0
12 12
0 71 12 4
71 74 12 4
74 44 12 4
44 55 12 3
55 98 12 4
98 8 12 4
8 84 12 4
84 75 12 4
75 76 12 4
76 14 12 4
14 72 12 4
72 0 12 0
13 7
0 15 13 3
15 36 13 3
36 90 13 3
90 94 13 5
94 86 13 5
86 99 13 5
99 0 13 0
14 9
0 19 14 4
19 13 14 5
13 18 14 3
18 12 14 4
12 82 14 5
82 57 14 3
57 66 14 3
66 78 14 4
78 0 14 0
15 7
0 83 15 4
83 92 15 4
92 79 15 3
79 73 15 5
73 46 15 4
46 48 15 5
48 0 15 0
16 3
0 56 16 4
56 58 16 4
58 0 16 0
17 6
0 24 17 5
24 27 17 5
27 39 17 3
39 81 17 5
81 77 17 3
77 0 17 0
18 6
0 80 18 4
80 85 18 5
85 93 18 4
93 76 18 5
76 72 18 5
72 0 18 0
19 3
0 37 19 3
37 25 19 4
25 0 19 0
