# Solution for ../instances-HHCRSP/InstanzVNS_HCSRP_300_10.txt
# Cost = 1914.32 Dist = 5657.9 Tard = 66.8305 TMax = 18.2259
# <vehicle> <route length>
# <origin node> <dest node> <vehicle> <service type>
0 14
0 273 0 0
273 125 0 1
125 298 0 0
298 165 0 0
165 161 0 0
161 282 0 0
282 19 0 1
19 151 0 0
151 99 0 0
99 275 0 1
275 14 0 0
14 66 0 0
66 286 0 0
286 0 0 0
1 7
0 293 1 2
293 129 1 2
129 300 1 2
300 197 1 2
197 29 1 2
29 28 1 2
28 0 1 0
2 10
0 171 2 2
171 144 2 2
144 126 2 2
126 27 2 2
27 107 2 2
107 137 2 2
137 179 2 2
179 164 2 2
164 59 2 2
59 0 2 0
3 12
0 267 3 1
267 7 3 1
7 11 3 1
11 158 3 1
158 170 3 1
170 266 3 1
266 277 3 1
277 105 3 1
105 187 3 1
187 162 3 1
162 42 3 1
42 0 3 0
4 11
0 254 4 2
254 259 4 2
259 292 4 2
292 271 4 2
271 108 4 2
108 255 4 2
255 24 4 2
24 32 4 2
32 299 4 2
299 31 4 2
31 0 4 0
5 13
0 148 5 0
148 257 5 0
257 83 5 0
83 276 5 0
276 84 5 0
84 265 5 0
265 279 5 0
279 252 5 0
252 44 5 0
44 95 5 0
95 156 5 0
156 190 5 0
190 0 5 0
6 3
0 102 6 2
102 253 6 2
253 0 6 0
7 11
0 103 7 1
103 63 7 2
63 26 7 1
26 295 7 1
295 191 7 2
191 269 7 2
269 157 7 2
157 288 7 2
288 77 7 1
77 30 7 2
30 0 7 0
8 13
0 94 8 1
94 163 8 0
163 50 8 1
50 18 8 1
18 113 8 0
113 284 8 0
284 196 8 0
196 283 8 0
283 122 8 0
122 47 8 0
47 60 8 0
60 281 8 0
281 0 8 0
9 4
0 124 9 2
124 80 9 2
80 159 9 2
159 0 9 0
10 9
0 141 10 1
141 274 10 1
274 35 10 1
35 268 10 1
268 262 10 1
262 111 10 1
111 132 10 1
132 186 10 1
186 0 10 0
11 6
0 89 11 0
89 287 11 0
287 58 11 0
58 291 11 0
291 48 11 0
48 0 11 0
12 15
0 104 12 0
104 33 12 0
33 64 12 1
64 264 12 1
264 174 12 0
174 289 12 0
289 198 12 0
198 62 12 0
62 263 12 1
263 36 12 1
36 91 12 1
91 153 12 0
153 270 12 0
270 251 12 0
251 0 12 0
13 16
0 176 13 0
176 2 13 0
2 256 13 0
256 22 13 1
22 138 13 0
138 16 13 0
16 118 13 0
118 182 13 1
182 294 13 1
294 139 13 1
139 173 13 1
173 177 13 0
177 297 13 1
297 278 13 1
278 285 13 1
285 0 13 0
14 12
0 57 14 2
57 4 14 0
4 61 14 2
61 290 14 0
290 296 14 2
296 34 14 2
34 147 14 0
147 166 14 2
166 152 14 0
152 272 14 2
272 43 14 2
43 0 14 0
15 11
0 70 15 2
70 90 15 1
90 143 15 2
143 258 15 1
258 260 15 1
260 133 15 2
133 154 15 1
154 261 15 1
261 280 15 2
280 40 15 1
40 0 15 0
16 1
0 0 16 0
17 2
0 142 17 2
142 0 17 0
18 7
0 293 18 3
293 71 18 4
71 213 18 3
213 225 18 3
225 224 18 3
224 46 18 5
46 0 18 0
19 18
0 101 19 3
101 5 19 4
5 228 19 3
228 298 19 4
298 88 19 5
88 185 19 4
185 155 19 5
155 9 19 3
9 294 19 5
294 214 19 4
214 248 19 4
248 235 19 3
235 21 19 5
21 10 19 4
10 272 19 5
272 278 19 5
278 285 19 5
285 0 19 0
20 18
0 230 20 3
230 211 20 3
211 246 20 3
246 123 20 3
123 181 20 4
181 247 20 3
247 236 20 4
236 289 20 3
289 243 20 4
243 277 20 4
277 193 20 3
193 6 20 4
6 23 20 3
23 1 20 3
1 208 20 4
208 222 20 4
222 245 20 3
245 0 20 0
21 17
0 230 21 5
230 211 21 5
211 246 21 5
246 273 21 5
273 52 21 5
52 119 21 4
119 38 21 4
38 258 21 3
258 260 21 4
260 282 21 5
282 51 21 5
51 109 21 5
109 297 21 4
297 160 21 3
160 200 21 4
200 281 21 5
281 0 21 0
22 17
0 49 22 5
49 149 22 4
149 228 22 5
228 130 22 3
130 37 22 4
37 202 22 3
202 265 22 3
265 279 22 4
279 220 22 3
220 238 22 3
238 79 22 5
79 81 22 3
81 184 22 5
184 201 22 3
201 114 22 4
114 121 22 4
121 0 22 0
23 6
0 218 23 3
218 194 23 4
194 73 23 4
73 226 23 4
226 237 23 3
237 0 23 0
24 5
0 257 24 3
257 195 24 3
195 207 24 3
207 233 24 3
233 0 24 0
25 7
0 218 25 4
218 249 25 3
249 217 25 4
217 17 25 4
17 209 25 4
209 244 25 4
244 0 25 0
26 17
0 254 26 5
254 259 26 5
259 223 26 4
223 127 26 5
127 202 26 4
202 216 26 3
216 219 26 3
219 215 26 4
215 250 26 3
250 229 26 3
229 212 26 3
212 275 26 5
275 239 26 4
239 206 26 3
206 168 26 5
168 205 26 3
205 0 26 0
27 11
0 115 27 3
115 241 27 3
241 234 27 3
234 15 27 3
15 96 27 3
96 135 27 3
135 261 27 3
261 280 27 3
280 210 27 3
210 270 27 3
270 0 27 0
28 7
0 223 28 5
223 276 28 5
276 20 28 4
20 207 28 4
207 291 28 4
291 54 28 5
54 0 28 0
29 13
0 292 29 4
292 86 29 5
86 271 29 5
271 120 29 4
120 203 29 4
203 242 29 3
242 232 29 4
232 263 29 4
263 288 29 5
288 201 29 4
201 210 29 5
210 251 29 4
251 0 29 0
30 11
0 267 30 5
267 3 30 3
3 290 30 5
290 150 30 5
150 266 30 5
266 203 30 3
203 242 30 5
242 232 30 5
232 56 30 5
56 231 30 3
231 0 30 0
31 17
0 45 31 4
45 240 31 4
240 227 31 3
227 221 31 3
221 180 31 3
180 39 31 3
39 8 31 4
8 296 31 3
296 145 31 4
145 178 31 3
178 167 31 3
167 214 31 5
214 248 31 5
248 235 31 5
235 75 31 5
75 112 31 4
112 0 31 0
32 12
0 287 32 5
287 169 32 5
169 253 32 3
253 216 32 5
216 219 32 4
219 215 32 5
215 250 32 5
250 229 32 5
229 212 32 5
212 239 32 5
239 206 32 5
206 0 32 0
33 16
0 240 33 5
240 227 33 5
227 221 33 4
221 256 33 3
256 264 33 3
264 140 33 3
140 247 33 5
247 236 33 5
236 295 33 5
295 116 33 4
116 136 33 5
136 208 33 5
208 222 33 5
222 245 33 4
245 199 33 5
199 0 33 0
34 13
0 204 34 4
204 188 34 3
188 189 34 3
189 53 34 3
53 300 34 3
300 110 34 5
110 117 34 3
117 213 34 4
213 225 34 5
225 41 34 5
41 25 34 5
25 284 34 4
284 0 34 0
35 11
0 204 35 5
204 106 35 3
106 100 35 5
100 183 35 3
183 87 35 5
87 146 35 4
146 55 35 5
55 226 35 5
226 172 35 5
172 237 35 5
237 0 35 0
36 16
0 12 36 5
12 134 36 4
134 241 36 4
241 234 36 4
234 68 36 5
68 255 36 5
255 252 36 5
252 220 36 5
220 238 36 4
238 72 36 4
72 299 36 4
299 98 36 4
98 283 36 5
283 233 36 5
233 82 36 4
82 0 36 0
37 13
0 78 37 3
78 192 37 5
192 175 37 5
175 131 37 4
131 93 37 3
93 243 37 5
243 269 37 4
269 69 37 5
69 13 37 3
13 74 37 5
74 67 37 4
67 231 37 4
231 0 37 0
38 13
0 85 38 4
85 97 38 3
97 274 38 5
274 65 38 4
65 128 38 4
128 76 38 3
76 268 38 3
268 262 38 3
262 224 38 4
224 92 38 5
92 286 38 4
286 205 38 4
205 0 38 0
39 5
0 249 39 5
249 217 39 3
217 209 39 5
209 244 39 5
244 0 39 0
