# Solution for ../instances-HHCRSP/InstanzVNS_HCSRP_100_4.txt
# Cost = 714.311 Dist = 2132.33 Tard = 6.56875 TMax = 4.03751
# <vehicle> <route length>
# <origin node> <dest node> <vehicle> <service type>
0 7
0 13 0 2
13 90 0 0
90 20 0 0
20 89 0 0
89 93 0 2
93 91 0 0
91 0 0 0
1 5
0 97 1 0
97 94 1 0
94 33 1 0
33 18 1 0
18 0 1 0
2 2
0 9 2 0
9 0 2 0
3 9
0 15 3 2
15 69 3 0
69 92 3 2
92 39 3 0
39 50 3 0
50 44 3 0
44 16 3 0
16 63 3 0
63 0 3 0
4 13
0 40 4 1
40 55 4 1
55 88 4 1
88 1 4 2
1 96 4 1
96 62 4 0
62 56 4 2
56 41 4 0
41 100 4 1
100 64 4 0
64 11 4 2
11 17 4 1
17 0 4 0
5 5
0 24 5 1
24 98 5 1
98 86 5 1
86 65 5 1
65 0 5 0
6 14
0 47 6 2
47 14 6 2
14 51 6 2
51 7 6 1
7 54 6 0
54 25 6 1
25 87 6 2
87 34 6 2
34 99 6 1
99 12 6 2
12 36 6 1
36 95 6 2
95 10 6 1
10 0 6 0
7 12
0 71 7 4
71 74 7 3
74 32 7 3
32 23 7 4
23 88 7 3
88 83 7 3
83 85 7 4
85 73 7 3
73 99 7 4
99 61 7 4
61 100 7 4
100 0 7 0
8 13
0 30 8 5
30 92 8 5
92 77 8 3
77 59 8 4
59 27 8 3
27 80 8 3
80 98 8 3
98 19 8 4
19 29 8 5
29 53 8 5
53 21 8 5
21 86 8 5
86 0 8 0
9 12
0 71 9 5
71 74 9 4
74 66 9 3
66 45 9 3
45 83 9 4
83 85 9 5
85 73 9 5
73 89 9 3
89 35 9 3
35 72 9 5
72 78 9 5
78 0 9 0
10 9
0 38 10 5
38 77 10 5
77 84 10 3
84 80 10 4
80 28 10 3
28 81 10 4
81 26 10 3
26 57 10 4
57 0 10 0
11 8
0 48 11 5
48 82 11 4
82 84 11 5
84 75 11 4
75 2 11 4
2 22 11 5
22 79 11 4
79 0 11 0
12 4
0 97 12 3
97 94 12 5
94 8 12 4
8 0 12 0
13 3
0 37 13 4
37 76 13 4
76 0 13 0
14 10
0 90 14 3
90 49 14 4
49 31 14 4
31 68 14 3
68 60 14 4
60 96 14 4
96 3 14 3
3 72 14 3
72 78 14 4
78 0 14 0
15 10
0 52 15 5
52 42 15 4
42 82 15 3
82 58 15 3
58 43 15 5
43 46 15 4
46 5 15 3
5 75 15 5
75 79 15 5
79 0 15 0
16 6
0 6 16 3
6 87 16 5
87 81 16 5
81 95 16 3
95 67 16 3
67 0 16 0
17 5
0 76 17 3
76 70 17 5
70 93 17 4
93 91 17 5
91 0 17 0
18 1
0 0 18 0
19 2
0 4 19 4
4 0 19 0
