# Solution for ../instances-HHCRSP/InstanzVNS_HCSRP_200_4.txt
# Cost = 1159.84 Dist = 3458.51 Tard = 14.6344 TMax = 6.38516
# <vehicle> <route length>
# <origin node> <dest node> <vehicle> <service type>
0 10
0 105 0 0
105 174 0 0
174 179 0 2
179 1 0 2
1 197 0 2
197 123 0 2
123 125 0 2
125 89 0 2
89 178 0 0
178 0 0 0
1 16
0 90 1 1
90 183 1 2
183 191 1 2
191 88 1 2
88 128 1 2
128 62 1 0
62 171 1 0
171 41 1 0
41 200 1 2
200 192 1 2
192 56 1 2
56 85 1 0
85 121 1 0
121 64 1 0
64 11 1 2
11 0 1 0
2 10
0 69 2 0
69 77 2 1
77 44 2 0
44 187 2 1
187 172 2 1
172 63 2 0
63 137 2 1
137 182 2 0
182 109 2 1
109 0 2 0
3 13
0 106 3 2
106 54 3 0
54 108 3 0
108 7 3 1
7 130 3 0
130 14 3 2
14 98 3 2
98 185 3 2
185 127 3 0
127 10 3 1
10 132 3 1
132 112 3 2
112 0 3 0
4 16
0 122 4 2
122 50 4 0
50 39 4 0
39 16 4 0
16 92 4 1
92 33 4 0
33 94 4 1
94 113 4 2
113 188 4 2
188 102 4 0
102 100 4 0
100 140 4 1
140 18 4 0
18 65 4 1
65 120 4 0
120 0 4 0
5 6
0 15 5 2
15 186 5 2
186 180 5 2
180 84 5 2
84 86 5 2
86 0 5 0
6 10
0 190 6 0
190 196 6 2
196 20 6 0
20 87 6 2
87 181 6 0
181 176 6 2
176 76 6 2
76 184 6 0
184 9 6 0
9 0 6 0
7 11
0 71 7 1
71 55 7 1
55 177 7 1
177 139 7 1
139 40 7 1
40 25 7 1
25 173 7 1
173 24 7 1
24 135 7 1
135 81 7 1
81 0 7 0
8 10
0 13 8 2
13 198 8 2
198 194 8 2
194 72 8 2
72 99 8 1
99 111 8 1
111 17 8 1
17 36 8 1
36 95 8 1
95 0 8 0
9 10
0 51 9 2
51 47 9 2
47 189 9 2
189 175 9 2
175 199 9 2
199 12 9 2
12 34 9 2
34 195 9 2
195 193 9 2
193 0 9 0
10 13
0 143 10 3
143 183 10 3
183 177 10 5
177 68 10 3
68 198 10 5
198 35 10 3
35 73 10 3
73 156 10 5
156 150 10 3
150 78 10 3
78 118 10 3
118 159 10 5
159 0 10 0
11 11
0 143 11 4
143 23 11 4
23 191 11 3
191 83 11 5
83 194 11 4
194 119 11 3
119 60 11 4
60 169 11 3
169 61 11 4
61 142 11 3
142 0 11 0
12 13
0 157 12 4
157 97 12 4
97 126 12 4
126 116 12 3
116 147 12 3
147 181 12 5
181 107 12 3
107 184 12 3
184 4 12 4
4 154 12 3
154 37 12 4
37 79 12 4
79 0 12 0
13 10
0 157 13 5
157 52 13 5
52 153 13 3
153 43 13 5
43 46 13 4
46 5 13 3
5 21 13 5
21 188 13 3
188 53 13 5
53 0 13 0
14 8
0 145 14 3
145 66 14 3
66 174 14 3
174 197 14 5
197 3 14 3
3 169 14 4
169 178 14 5
178 0 14 0
15 13
0 145 15 4
145 163 15 3
163 49 15 4
49 190 15 4
190 134 15 3
134 196 15 5
196 31 15 4
31 147 15 4
147 165 15 4
165 57 15 4
57 167 15 3
167 136 15 3
136 0 15 0
16 12
0 38 16 5
38 166 16 3
166 42 16 4
42 155 16 3
155 153 16 5
153 19 16 4
19 185 16 5
185 101 16 4
101 154 16 4
154 8 16 4
8 2 16 4
2 0 16 0
17 6
0 166 17 4
166 186 17 5
186 180 17 4
180 187 17 4
187 141 17 4
141 0 17 0
18 11
0 144 18 3
144 131 18 4
131 58 18 3
58 149 18 3
149 148 18 3
148 162 18 4
162 29 18 5
29 146 18 3
146 172 18 3
172 138 18 4
138 0 18 0
19 10
0 144 19 5
144 82 19 3
82 30 19 5
30 48 19 5
48 59 19 4
59 149 19 5
149 148 19 5
148 162 19 5
162 182 19 3
182 0 19 0
20 12
0 163 20 5
163 32 20 3
32 74 20 5
74 179 20 4
179 45 20 3
45 200 20 4
200 192 20 5
192 104 20 4
104 96 20 3
96 129 20 5
129 142 20 4
142 0 20 0
21 8
0 160 21 4
160 170 21 3
170 164 21 3
164 152 21 3
152 155 21 5
155 80 21 5
80 133 21 3
133 0 21 0
22 11
0 160 22 5
160 170 22 5
170 164 22 5
164 152 22 4
152 173 22 5
173 176 22 4
176 70 22 5
70 26 22 3
26 165 22 5
165 167 22 5
167 0 22 0
23 6
0 161 23 3
161 103 23 4
103 158 23 4
158 93 23 4
93 195 23 3
195 0 23 0
24 11
0 161 24 5
161 6 24 3
6 158 24 5
158 114 24 5
114 171 24 4
171 117 24 3
117 156 24 4
156 150 24 4
150 110 24 5
110 159 24 4
159 0 24 0
25 5
0 168 25 4
168 151 25 4
151 22 25 5
22 193 25 5
193 0 25 0
26 4
0 168 26 5
168 27 26 3
27 146 26 5
146 0 26 0
27 2
0 115 27 4
115 0 27 0
28 9
0 28 28 3
28 189 28 3
189 175 28 3
175 199 28 4
199 124 28 5
124 151 28 5
151 91 28 5
91 67 28 3
67 0 28 0
29 3
0 75 29 3
75 141 29 3
141 0 29 0
