# Solution for ../instances-HHCRSP/InstanzCPLEX_HCSRP_75_9.txt
# Cost = 721.991 Dist = 2160.6 Tard = 2.68487 TMax = 2.68487
# <vehicle> <route length>
# <origin node> <dest node> <vehicle> <service type>
0 7
0 50 0 1
50 67 0 0
67 4 0 1
4 8 0 0
8 70 0 1
70 20 0 0
20 0 0 0
1 6
0 64 1 1
64 66 1 1
66 9 1 1
9 1 1 1
1 30 1 1
30 0 1 0
2 13
0 47 2 2
47 35 2 2
35 36 2 2
36 11 2 2
11 68 2 2
68 27 2 0
27 75 2 2
75 72 2 1
72 21 2 1
21 18 2 2
18 45 2 2
45 74 2 1
74 0 2 0
3 11
0 73 3 2
73 43 3 0
43 71 3 1
71 16 3 2
16 23 3 2
23 32 3 0
32 10 3 1
10 31 3 0
31 65 3 2
65 44 3 2
44 0 3 0
4 6
0 42 4 2
42 33 4 0
33 26 4 0
26 69 4 2
69 28 4 2
28 0 4 0
5 13
0 52 5 4
52 63 5 5
63 67 5 4
67 56 5 4
56 68 5 4
68 70 5 4
70 62 5 4
62 15 5 5
15 37 5 5
37 69 5 4
69 51 5 4
51 57 5 5
57 0 5 0
6 7
0 63 6 3
63 56 6 5
56 6 6 3
6 58 6 3
58 61 6 5
61 55 6 3
55 0 6 0
7 4
0 73 7 4
73 14 7 4
14 53 7 4
53 0 7 0
8 11
0 49 8 5
49 2 8 4
2 22 8 4
22 19 8 5
19 12 8 4
12 75 8 5
75 72 8 3
72 62 8 3
62 24 8 4
24 74 8 3
74 0 8 0
9 9
0 64 9 4
64 34 9 4
34 54 9 4
54 71 9 5
71 41 9 4
41 3 9 4
3 13 9 4
13 65 9 4
65 0 9 0
10 8
0 39 10 3
39 46 10 5
46 58 10 5
58 38 10 3
38 29 10 3
29 40 10 5
40 57 10 3
57 0 10 0
11 8
0 54 11 5
54 66 11 3
66 5 11 5
5 17 11 5
17 48 11 5
48 61 11 4
61 55 11 5
55 0 11 0
12 4
0 59 12 3
59 25 12 5
25 60 12 3
60 0 12 0
13 4
0 59 13 4
59 7 13 5
7 60 13 5
60 0 13 0
14 2
0 53 14 3
53 0 14 0
