# Solution for ../instances-HHCRSP/InstanzVNS_HCSRP_100_8.txt
# Cost = 772.522 Dist = 2298.41 Tard = 12.8991 TMax = 6.25941
# <vehicle> <route length>
# <origin node> <dest node> <vehicle> <service type>
0 13
0 42 0 0
42 65 0 0
65 45 0 2
45 97 0 0
97 40 0 0
40 95 0 0
95 55 0 0
55 13 0 2
13 89 0 0
89 51 0 0
51 62 0 0
62 46 0 2
46 0 0 0
1 17
0 91 1 2
91 21 1 0
21 92 1 1
92 17 1 0
17 86 1 2
86 23 1 2
23 94 1 0
94 54 1 1
54 56 1 2
56 66 1 1
66 58 1 2
58 32 1 1
32 4 1 1
4 98 1 2
98 99 1 0
99 88 1 1
88 0 1 0
2 2
0 10 2 0
10 0 2 0
3 9
0 22 3 1
22 33 3 1
33 53 3 1
53 100 3 1
100 44 3 1
44 48 3 1
48 27 3 1
27 18 3 1
18 0 3 0
4 4
0 87 4 2
87 60 4 2
60 93 4 2
93 0 4 0
5 5
0 68 5 2
68 12 5 2
12 6 5 2
6 90 5 2
90 0 5 0
6 7
0 11 6 0
11 57 6 1
57 36 6 1
36 96 6 1
96 5 6 0
5 16 6 0
16 0 6 0
7 15
0 7 7 3
7 8 7 5
8 75 7 3
75 25 7 5
25 64 7 3
64 97 7 4
97 82 7 5
82 34 7 5
34 47 7 4
47 83 7 3
83 72 7 3
72 39 7 4
39 99 7 3
99 88 7 3
88 0 7 0
8 9
0 26 8 3
26 86 8 5
86 94 8 3
94 78 8 4
78 63 8 5
63 19 8 3
19 2 8 4
2 67 8 5
67 0 8 0
9 6
0 59 9 3
59 84 9 3
84 74 9 3
74 85 9 5
85 9 9 5
9 0 9 0
10 9
0 75 10 4
75 82 10 3
82 24 10 4
24 100 10 3
100 89 10 4
89 83 10 4
83 35 10 4
35 79 10 3
79 0 10 0
11 3
0 87 11 4
87 77 11 4
77 0 11 0
12 6
0 91 12 5
91 92 12 5
92 78 12 5
78 15 12 4
15 52 12 4
52 0 12 0
13 9
0 49 13 5
49 1 13 4
1 70 13 5
70 76 13 3
76 98 13 4
98 80 13 5
80 71 13 3
71 28 13 3
28 0 13 0
14 6
0 43 14 4
43 61 14 4
61 76 14 4
76 80 14 4
80 71 14 4
71 0 14 0
15 7
0 95 15 5
95 81 15 5
81 37 15 5
37 73 15 5
73 31 15 5
31 93 15 5
93 0 15 0
16 8
0 38 16 4
38 81 16 3
81 73 16 3
73 69 16 3
69 72 16 4
72 3 16 4
3 79 16 4
79 0 16 0
17 7
0 50 17 4
50 14 17 5
14 20 17 3
20 90 17 3
90 30 17 5
30 29 17 3
29 0 17 0
18 4
0 84 18 5
84 74 18 5
74 85 18 4
85 0 18 0
19 4
0 41 19 5
41 96 19 3
96 77 19 3
77 0 19 0
