# Solution for ../instances-HHCRSP/InstanzCPLEX_HCSRP_75_5.txt
# Cost = 703.381 Dist = 2110.14 Tard = 0 TMax = 0
# <vehicle> <route length>
# <origin node> <dest node> <vehicle> <service type>
0 19
0 14 0 0
14 9 0 2
9 46 0 2
46 66 0 0
66 67 0 0
67 72 0 1
72 17 0 0
17 31 0 1
31 68 0 0
68 39 0 1
39 69 0 1
69 27 0 2
27 75 0 1
75 4 0 2
4 25 0 1
25 33 0 1
33 5 0 0
5 24 0 2
24 0 0 0
1 5
0 36 1 2
36 3 1 2
3 74 1 2
74 32 1 2
32 0 1 0
2 10
0 71 2 1
71 64 2 1
64 34 2 1
34 51 2 1
51 65 2 1
65 18 2 1
18 35 2 1
35 40 2 1
40 13 2 1
13 0 2 0
3 7
0 23 3 0
23 21 3 0
21 70 3 0
70 43 3 0
43 73 3 0
73 41 3 0
41 0 3 0
4 3
0 15 4 2
15 30 4 2
30 0 4 0
5 12
0 38 5 3
38 54 5 3
54 59 5 3
59 45 5 3
45 29 5 3
29 63 5 3
63 67 5 3
67 10 5 3
10 72 5 3
72 53 5 5
53 75 5 3
75 0 5 0
6 8
0 54 6 5
54 59 6 4
59 64 6 4
64 53 6 4
53 48 6 4
48 62 6 3
62 37 6 4
37 0 6 0
7 11
0 58 7 3
58 50 7 3
50 28 7 3
28 60 7 3
60 52 7 5
52 22 7 5
22 12 7 3
12 19 7 5
19 20 7 3
20 57 7 3
57 0 7 0
8 3
0 58 8 5
58 44 8 3
44 0 8 0
9 13
0 16 9 4
16 49 9 5
49 6 9 5
6 11 9 5
11 66 9 4
66 2 9 4
2 63 9 5
63 68 9 4
68 47 9 4
47 69 9 3
69 26 9 4
26 61 9 3
61 0 9 0
10 9
0 71 10 4
71 55 10 4
55 70 10 3
70 74 10 4
74 56 10 3
56 62 10 4
62 7 10 4
7 61 10 5
61 0 10 0
11 5
0 42 11 5
42 60 11 5
60 55 11 5
55 56 11 5
56 0 11 0
12 1
0 0 12 0
13 6
0 8 13 5
8 1 13 5
1 65 13 4
65 73 13 5
73 57 13 5
57 0 13 0
14 1
0 0 14 0
