# Solution for ../instances-HHCRSP/InstanzCPLEX_HCSRP_50_1.txt
# Cost = 987.098 Dist = 1789.02 Tard = 981.453 TMax = 190.818
# <vehicle> <route length>
# <origin node> <dest node> <vehicle> <service type>
0 16
0 47 0 1
47 49 0 1
49 33 0 0
33 50 0 1
50 45 0 0
45 3 0 1
3 12 0 1
12 18 0 0
18 31 0 1
31 13 0 1
13 46 0 0
46 19 0 0
19 44 0 1
44 15 0 0
15 11 0 1
11 0 0 0
1 6
0 43 1 2
43 5 1 2
5 48 1 2
48 30 1 2
30 25 1 2
25 0 1 0
2 5
0 17 2 2
17 7 2 2
7 22 2 2
22 21 2 2
21 0 2 0
3 14
0 43 3 3
43 14 3 3
14 49 3 4
49 50 3 3
50 6 3 4
6 23 3 4
23 41 3 4
41 1 3 3
1 2 3 4
2 34 3 4
34 4 3 3
4 40 3 3
40 46 3 5
46 0 3 0
4 8
0 47 4 5
47 27 4 4
27 37 4 4
37 45 4 4
45 39 4 4
39 48 4 4
48 36 4 4
36 0 4 0
5 5
0 42 5 4
42 8 5 4
8 32 5 4
32 38 5 4
38 0 5 0
6 8
0 42 6 5
42 20 6 5
20 24 6 5
24 39 6 5
39 16 6 4
16 29 6 3
29 36 6 5
36 0 6 0
7 4
0 37 7 5
37 41 7 5
41 28 7 5
28 0 7 0
8 5
0 26 8 5
26 10 8 4
10 35 8 5
35 44 8 4
44 0 8 0
9 4
0 9 9 4
9 40 9 5
40 38 9 3
38 0 9 0
