# Solution for ../instances-HHCRSP/InstanzVNS_HCSRP_100_2.txt
# Cost = 849.849 Dist = 2544.22 Tard = 3.52364 TMax = 1.80359
# <vehicle> <route length>
# <origin node> <dest node> <vehicle> <service type>
0 3
0 6 0 0
6 7 0 0
7 0 0 0
1 11
0 59 1 2
59 40 1 2
40 36 1 2
36 98 1 1
98 99 1 1
99 95 1 1
95 56 1 1
56 4 1 1
4 33 1 1
33 42 1 1
42 0 1 0
2 17
0 96 2 1
96 14 2 0
14 54 2 1
54 91 2 0
91 94 2 2
94 61 2 2
61 19 2 2
19 41 2 2
41 45 2 0
45 34 2 2
34 31 2 1
31 15 2 2
15 65 2 2
65 10 2 0
10 12 2 2
12 21 2 0
21 0 2 0
3 4
0 39 3 1
39 92 3 1
92 100 3 1
100 0 3 0
4 5
0 93 4 2
93 43 4 2
43 3 4 2
3 16 4 2
16 0 4 0
5 8
0 11 5 2
11 26 5 0
26 66 5 2
66 2 5 0
2 88 5 2
88 97 5 2
97 32 5 0
32 0 5 0
6 12
0 89 6 1
89 46 6 0
46 9 6 1
9 17 6 1
17 67 6 0
67 44 6 1
44 57 6 0
57 90 6 1
90 38 6 1
38 87 6 1
87 86 6 0
86 0 6 0
7 15
0 28 7 5
28 81 7 3
81 48 7 3
48 73 7 3
73 49 7 4
49 68 7 4
68 27 7 4
27 84 7 4
84 88 7 5
88 78 7 4
78 35 7 4
35 74 7 4
74 55 7 5
55 79 7 3
79 0 7 0
8 11
0 81 8 5
81 73 8 5
73 29 8 3
29 25 8 4
25 22 8 3
22 76 8 3
76 85 8 3
85 95 8 4
95 70 8 5
70 24 8 4
24 0 8 0
9 12
0 96 9 5
96 62 9 4
62 53 9 4
53 51 9 5
51 98 9 3
98 23 9 5
23 99 9 4
99 76 9 4
76 85 9 5
85 37 9 3
37 82 9 3
82 0 9 0
10 11
0 1 10 4
1 71 10 4
71 77 10 4
77 8 10 3
8 13 10 4
13 72 10 4
72 80 10 4
80 75 10 4
75 58 10 4
58 79 10 4
79 0 10 0
11 13
0 71 11 5
71 77 11 3
77 91 11 3
91 94 11 3
94 72 11 3
72 80 11 3
80 75 11 3
75 84 11 5
84 78 11 3
78 5 11 3
5 18 11 3
18 74 11 3
74 0 11 0
12 10
0 89 12 5
89 50 12 5
50 93 12 4
93 63 12 4
63 30 12 4
30 52 12 4
52 47 12 4
47 97 12 4
97 82 12 4
82 0 12 0
13 2
0 83 13 4
83 0 13 0
14 2
0 83 14 5
83 0 14 0
15 9
0 60 15 5
60 69 15 4
69 92 15 4
92 64 15 3
64 90 15 3
90 87 15 4
87 86 15 3
86 20 15 5
20 0 15 0
16 2
0 100 16 4
100 0 16 0
17 1
0 0 17 0
18 1
0 0 18 0
19 1
0 0 19 0
