# Solution for ../instances-HHCRSP/InstanzVNS_HCSRP_200_10.txt
# Cost = 1438.09 Dist = 4274.73 Tard = 33.3432 TMax = 6.20263
# <vehicle> <route length>
# <origin node> <dest node> <vehicle> <service type>
0 14
0 192 0 0
192 181 0 0
181 33 0 0
33 4 0 0
4 185 0 0
185 138 0 0
138 178 0 0
178 193 0 0
193 16 0 0
16 118 0 0
118 62 0 0
62 60 0 0
60 99 0 0
99 0 0 0
1 16
0 70 1 2
70 63 1 2
63 22 1 1
22 175 1 1
175 125 1 1
125 171 1 2
171 107 1 2
107 90 1 1
90 137 1 2
137 133 1 2
133 139 1 1
139 91 1 1
91 36 1 1
36 199 1 1
199 77 1 1
77 0 1 0
2 7
0 180 2 1
180 11 2 1
11 7 2 1
7 64 2 1
64 105 2 1
105 42 2 1
42 0 2 0
3 7
0 189 3 1
189 94 3 1
94 35 3 1
35 111 3 1
111 18 3 1
18 172 3 1
172 0 3 0
4 9
0 50 4 1
50 103 4 1
103 26 4 1
26 198 4 1
198 173 4 1
173 19 4 1
19 40 4 1
40 132 4 1
132 0 4 0
5 14
0 80 5 2
80 89 5 0
89 183 5 0
183 58 5 0
58 195 5 0
195 83 5 0
83 24 5 2
24 44 5 0
44 184 5 2
184 177 5 0
177 47 5 0
47 122 5 0
122 14 5 0
14 0 5 0
6 15
0 176 6 2
176 57 6 2
57 108 6 2
108 61 6 2
61 126 6 2
126 174 6 2
174 34 6 2
34 27 6 2
27 191 6 2
191 187 6 2
187 43 6 2
43 182 6 2
182 30 6 2
30 59 6 2
59 0 6 0
7 4
0 102 7 2
102 129 7 2
129 190 7 2
190 0 7 0
8 19
0 104 8 0
104 2 8 0
2 188 8 0
188 124 8 2
124 197 8 0
197 194 8 0
194 113 8 0
113 29 8 2
29 84 8 0
84 32 8 2
32 95 8 0
95 179 8 0
179 31 8 2
31 186 8 0
186 196 8 0
196 48 8 0
48 28 8 2
28 66 8 0
66 0 8 0
9 2
0 200 9 2
200 0 9 0
10 17
0 12 10 5
12 180 10 3
180 192 10 5
192 175 10 4
175 171 10 3
171 185 10 3
185 198 10 3
198 93 10 3
93 155 10 3
155 157 10 3
157 9 10 3
9 182 10 3
182 109 10 5
109 153 10 3
153 67 10 4
67 160 10 3
160 0 10 0
11 12
0 148 11 3
148 159 11 4
159 163 11 4
163 53 11 3
53 183 11 4
183 141 11 4
141 76 11 3
76 151 11 5
151 82 11 4
82 17 11 4
17 92 11 5
92 0 11 0
12 10
0 148 12 5
148 159 12 5
159 163 12 5
163 100 12 5
100 141 12 5
141 41 12 5
41 117 12 3
117 55 12 5
55 46 12 5
46 0 12 0
13 18
0 78 13 3
78 37 13 4
37 68 13 5
68 130 13 3
130 15 13 3
15 154 13 3
154 143 13 3
143 86 13 5
86 165 13 3
165 96 13 3
96 81 13 3
81 179 13 3
179 156 13 3
156 186 13 3
186 54 13 5
54 196 13 3
196 142 13 4
142 0 13 0
14 14
0 176 14 4
176 115 14 3
115 149 14 3
149 39 14 3
39 181 14 4
181 140 14 3
140 145 14 4
145 8 14 4
8 69 14 5
69 161 14 3
161 135 14 3
135 79 14 5
79 164 14 3
164 0 14 0
15 5
0 106 15 3
106 101 15 3
101 73 15 4
73 146 15 3
146 0 15 0
16 8
0 149 16 5
149 52 16 5
52 119 16 4
119 120 16 4
120 161 16 4
161 74 16 5
74 164 16 4
164 0 16 0
17 7
0 188 17 3
188 134 17 4
134 151 17 4
151 190 17 3
190 72 17 4
72 121 17 4
121 0 17 0
18 16
0 144 18 3
144 158 18 3
158 3 18 3
3 147 18 3
147 123 18 3
123 6 18 4
6 178 18 4
178 193 18 3
193 167 18 4
167 191 18 4
191 187 18 4
187 152 18 3
152 162 18 3
162 166 18 3
166 10 18 4
10 0 18 0
19 13
0 127 19 5
127 154 19 5
154 143 19 4
143 165 19 5
165 38 19 4
38 51 19 5
51 173 19 3
173 56 19 5
56 184 19 4
184 177 19 5
177 153 19 5
153 114 19 4
114 0 19 0
20 14
0 144 20 5
144 158 20 5
158 147 20 4
147 150 20 3
150 170 20 3
170 174 20 4
174 145 20 5
145 116 20 4
116 23 20 3
23 136 20 5
136 166 20 4
166 1 20 3
1 112 20 4
112 0 20 0
21 6
0 197 21 5
197 194 21 5
194 146 21 5
146 25 21 5
25 172 21 4
172 0 21 0
22 6
0 189 22 3
189 87 22 5
87 169 22 3
169 110 22 5
110 200 22 5
200 0 22 0
23 9
0 5 23 4
5 85 23 4
85 45 23 4
45 195 23 5
195 128 23 4
128 97 23 3
97 156 23 4
156 98 23 4
98 0 23 0
24 3
0 71 24 4
71 142 24 5
142 0 24 0
25 17
0 49 25 5
49 20 25 4
20 150 25 5
150 170 25 5
170 88 25 5
88 131 25 4
131 155 25 5
155 157 25 4
157 167 25 5
167 21 25 5
21 152 25 4
152 162 25 4
162 75 25 5
75 199 25 4
199 13 25 3
13 160 25 4
160 0 25 0
26 2
0 169 26 5
169 0 26 0
27 2
0 168 27 5
168 0 27 0
28 2
0 65 28 4
65 0 28 0
29 2
0 168 29 4
168 0 29 0
