# Solution for ../instances-HHCRSP/InstanzVNS_HCSRP_300_4.txt
# Cost = 1602.43 Dist = 4799.94 Tard = 4.96442 TMax = 2.37023
# <vehicle> <route length>
# <origin node> <dest node> <vehicle> <service type>
0 9
0 77 0 1
77 50 0 0
50 92 0 1
92 280 0 0
280 162 0 0
162 102 0 0
102 137 0 1
137 286 0 1
286 0 0 0
1 9
0 266 1 0
266 300 1 0
300 105 1 0
105 20 1 0
20 279 1 0
279 290 1 0
290 288 1 0
288 292 1 0
292 0 1 0
2 12
0 90 2 1
90 259 2 1
259 191 2 1
191 262 2 0
262 260 2 0
260 192 2 1
192 62 2 0
62 41 2 0
41 64 2 0
64 256 2 1
256 276 2 1
276 0 2 0
3 17
0 275 3 2
275 39 3 0
39 285 3 0
285 263 3 0
263 69 3 0
69 186 3 0
186 155 3 1
155 257 3 2
257 44 3 0
44 113 3 2
113 140 3 1
140 18 3 0
18 296 3 0
296 65 3 1
65 100 3 0
100 252 3 1
252 0 3 0
4 14
0 283 4 2
283 15 4 2
15 33 4 0
33 122 4 2
122 149 4 0
149 284 4 2
284 16 4 0
16 185 4 2
185 127 4 0
127 98 4 2
98 255 4 2
255 148 4 2
148 63 4 0
63 0 4 0
5 14
0 287 5 2
287 71 5 1
71 13 5 2
13 278 5 1
278 264 5 2
264 158 5 2
158 271 5 2
271 254 5 1
254 12 5 2
12 25 5 1
25 176 5 2
176 135 5 1
135 36 5 1
36 0 5 0
6 13
0 7 6 1
7 298 6 0
298 54 6 0
54 173 6 1
173 253 6 1
253 295 6 0
295 81 6 1
81 181 6 0
181 165 6 0
165 294 6 0
294 99 6 1
99 111 6 1
111 0 6 0
7 11
0 106 7 2
106 261 7 2
261 251 7 2
251 128 7 2
128 1 7 2
1 281 7 2
281 297 7 2
297 299 7 2
299 56 7 2
56 89 7 2
89 0 7 0
8 12
0 160 8 1
160 152 8 2
152 168 8 1
168 14 8 2
14 94 8 1
94 268 8 1
268 24 8 1
24 132 8 1
132 146 8 1
146 86 8 2
86 112 8 2
112 0 8 0
9 4
0 144 9 2
144 84 9 2
84 166 9 2
166 0 9 0
10 16
0 40 10 1
40 139 10 1
139 55 10 1
55 183 10 2
183 87 10 2
87 272 10 1
272 267 10 1
267 34 10 2
34 277 10 2
277 142 10 1
142 11 10 2
11 258 10 2
258 167 10 1
167 17 10 1
17 95 10 1
95 0 10 0
11 4
0 157 11 0
157 293 11 0
293 120 11 0
120 0 11 0
12 8
0 170 12 0
170 47 12 2
47 51 12 2
51 108 12 0
108 184 12 2
184 76 12 2
76 282 12 2
282 0 12 0
13 17
0 270 13 1
270 273 13 2
273 174 13 1
174 289 13 2
289 163 13 1
163 88 13 2
88 197 13 2
197 123 13 2
123 269 13 1
269 125 13 2
125 72 13 2
72 121 13 0
121 85 13 0
85 178 13 0
178 291 13 0
291 265 13 0
265 0 13 0
14 3
0 130 14 0
130 9 14 0
9 0 14 0
15 2
0 195 15 2
195 0 15 0
16 5
0 274 16 1
274 10 16 1
10 109 16 1
109 193 16 1
193 0 16 0
17 1
0 0 17 0
18 14
0 27 18 3
27 131 18 4
131 201 18 4
201 245 18 3
245 153 18 4
153 241 18 3
241 232 18 4
232 29 18 5
29 205 18 4
205 5 18 3
5 286 18 3
286 224 18 3
224 182 18 3
182 0 18 0
19 9
0 48 19 5
48 30 19 5
30 201 19 5
201 245 19 5
245 188 19 4
188 43 19 5
43 255 19 5
255 224 19 5
224 0 19 0
20 12
0 231 20 4
231 58 20 3
58 275 20 5
275 202 20 4
202 246 20 4
246 204 20 3
204 257 20 3
257 180 20 3
180 207 20 3
207 296 20 4
296 154 20 3
154 0 20 0
21 7
0 231 21 5
231 202 21 5
202 246 21 5
246 205 21 5
205 280 21 5
280 252 21 4
252 0 21 0
22 16
0 228 22 3
228 244 22 3
244 212 22 3
212 259 22 5
259 238 22 3
238 226 22 3
226 262 22 5
262 196 22 5
196 73 22 3
73 171 22 4
171 290 22 5
290 277 22 5
277 225 22 3
225 118 22 3
118 258 22 3
258 0 22 0
23 18
0 228 23 5
228 244 23 4
244 212 23 4
212 23 23 4
23 238 23 5
238 226 23 5
226 60 23 4
60 239 23 3
239 243 23 3
243 237 23 4
237 260 23 4
260 96 23 3
96 235 23 4
235 236 23 3
236 240 23 3
240 223 23 3
223 208 23 4
208 0 23 0
24 13
0 283 24 5
283 38 24 5
38 284 24 5
284 59 24 4
59 187 24 3
187 19 24 4
19 241 24 4
241 232 24 5
232 80 24 5
80 234 24 3
234 172 24 3
172 141 24 4
141 0 24 0
25 14
0 287 25 3
287 6 25 3
6 278 25 3
278 264 25 4
264 271 25 3
271 254 25 5
254 216 25 4
216 217 25 3
217 219 25 4
219 199 25 5
199 175 25 4
175 70 25 5
70 124 25 5
124 0 25 0
26 21
0 145 26 4
145 203 26 4
203 177 26 4
177 190 26 3
190 198 26 4
198 114 26 5
114 194 26 4
194 119 26 3
119 239 26 5
239 243 26 4
243 237 26 5
237 281 26 5
281 297 26 5
297 299 26 3
299 104 26 4
104 235 26 5
235 236 26 4
236 240 26 5
240 223 26 5
223 208 26 5
208 0 26 0
27 14
0 203 27 5
203 261 27 4
261 31 27 4
31 134 27 3
134 209 27 3
209 147 27 5
147 211 27 4
211 150 27 4
150 35 27 3
35 225 27 5
225 3 27 3
3 256 27 5
256 276 27 3
276 0 27 0
28 13
0 82 28 3
82 52 28 5
52 42 28 4
42 285 28 3
285 263 28 5
263 204 28 5
204 46 28 4
46 21 28 5
21 53 28 5
53 207 28 5
207 138 28 4
138 8 28 4
8 0 28 0
29 6
0 247 29 3
247 75 29 3
75 233 29 4
233 234 29 4
234 101 29 4
101 0 29 0
30 9
0 247 30 4
247 151 30 5
151 253 30 3
253 295 30 5
295 93 30 4
93 91 30 5
91 26 30 3
26 200 30 4
200 0 30 0
31 9
0 97 31 4
97 164 31 3
164 298 31 3
298 189 31 5
189 22 31 5
22 115 31 4
115 4 31 4
4 2 31 4
2 0 31 0
32 12
0 206 32 3
206 230 32 3
230 66 32 3
66 251 32 5
251 83 32 5
83 279 32 3
279 220 32 3
220 249 32 3
249 218 32 5
218 222 32 5
222 291 32 5
291 0 32 0
33 13
0 206 33 5
206 230 33 5
230 266 33 5
266 300 33 3
300 273 33 4
273 179 33 3
179 45 33 3
45 214 33 3
214 61 33 4
61 169 33 5
169 218 33 4
218 222 33 4
222 0 33 0
34 7
0 215 34 3
215 161 34 5
161 242 34 3
242 293 34 5
293 274 34 5
274 233 34 5
233 0 34 0
35 9
0 215 35 4
215 242 35 4
242 272 35 4
272 267 35 3
267 107 35 3
107 229 35 4
229 221 35 4
221 292 35 4
292 0 35 0
36 14
0 103 36 4
103 248 36 4
248 116 36 3
116 213 36 3
213 227 36 3
227 210 36 3
210 126 36 4
126 268 36 5
268 133 36 3
133 37 36 4
37 79 36 4
79 67 36 3
67 282 36 3
282 0 36 0
37 14
0 248 37 5
248 213 37 5
213 227 37 4
227 210 37 5
210 216 37 5
216 217 37 5
217 219 37 5
219 68 37 3
68 110 37 5
110 129 37 5
129 78 37 3
78 250 37 3
250 159 37 3
159 0 37 0
38 18
0 32 38 3
32 74 38 5
74 270 38 5
270 49 38 4
49 289 38 3
289 143 38 5
143 156 38 3
156 269 38 4
269 214 38 4
214 117 38 3
117 220 38 5
220 249 38 5
249 294 38 4
294 57 38 4
57 250 38 4
250 265 38 4
265 136 38 3
136 0 38 0
39 7
0 28 39 3
28 209 39 4
209 211 39 5
211 288 39 3
288 229 39 5
229 221 39 5
221 0 39 0
