# Solution for ../instances-HHCRSP/InstanzVNS_HCSRP_200_9.txt
# Cost = 1354.49 Dist = 4062.25 Tard = 0.60555 TMax = 0.60555
# <vehicle> <route length>
# <origin node> <dest node> <vehicle> <service type>
0 7
0 73 0 0
73 43 0 0
43 71 0 0
71 194 0 0
194 189 0 0
189 197 0 0
197 0 0 0
1 12
0 185 1 2
185 47 1 2
47 124 1 2
124 195 1 2
195 84 1 2
84 175 1 2
175 18 1 2
18 176 1 2
176 112 1 2
112 57 1 2
57 111 1 2
111 0 1 0
2 17
0 179 2 1
179 192 2 0
192 177 2 0
177 50 2 1
50 123 2 0
123 182 2 0
182 30 2 1
30 1 2 1
1 186 2 1
186 105 2 1
105 125 2 1
125 20 2 0
20 190 2 0
190 69 2 0
69 138 2 1
138 74 2 1
74 0 2 0
3 10
0 82 3 1
82 54 3 1
54 10 3 1
10 198 3 1
198 181 3 1
181 140 3 0
140 31 3 0
31 135 3 1
135 53 3 0
53 0 3 0
4 14
0 117 4 1
117 89 4 1
89 9 4 1
9 4 4 1
4 83 4 0
83 56 4 0
56 134 4 1
134 78 4 1
78 86 4 1
86 193 4 1
193 137 4 1
137 21 4 1
21 191 4 1
191 0 4 0
5 15
0 11 5 2
11 79 5 0
79 36 5 2
36 95 5 2
95 196 5 2
196 27 5 0
27 178 5 0
178 8 5 0
8 139 5 2
139 77 5 2
77 200 5 0
200 72 5 2
72 45 5 2
45 188 5 0
188 0 5 0
6 3
0 180 6 0
180 32 6 0
32 0 6 0
7 15
0 64 7 2
64 116 7 2
116 81 7 0
81 35 7 2
35 173 7 2
173 87 7 2
87 33 7 0
33 90 7 0
90 80 7 0
80 187 7 2
187 44 7 2
44 183 7 2
183 171 7 0
171 172 7 0
172 0 7 0
8 16
0 101 8 1
101 42 8 2
42 59 8 2
59 98 8 1
98 16 8 2
16 122 8 1
122 58 8 2
58 26 8 0
26 61 8 0
61 28 8 2
28 127 8 2
127 55 8 0
55 174 8 2
174 126 8 2
126 93 8 2
93 0 8 0
9 8
0 23 9 2
23 97 9 1
97 96 9 1
96 199 9 2
199 85 9 1
85 184 9 2
184 60 9 2
60 0 9 0
10 11
0 166 10 5
166 147 10 4
147 22 10 4
22 155 10 5
155 168 10 4
168 178 10 5
178 12 10 4
12 131 10 5
131 24 10 4
24 167 10 4
167 0 10 0
11 12
0 166 11 3
166 147 11 3
147 155 11 3
155 168 11 5
168 68 11 4
68 158 11 3
158 132 11 3
132 160 11 3
160 200 11 5
200 193 11 5
193 191 11 3
191 0 11 0
12 11
0 179 12 4
179 192 12 5
192 106 12 3
106 158 12 5
158 88 12 4
88 19 12 5
19 160 12 5
160 62 12 3
62 136 12 3
136 167 12 3
167 0 12 0
13 5
0 143 13 4
143 180 13 5
180 120 13 4
120 114 13 4
114 0 13 0
14 4
0 143 14 5
143 41 14 4
41 108 14 5
108 0 14 0
15 17
0 145 15 4
145 52 15 4
52 113 15 3
113 164 15 4
164 104 15 4
104 63 15 4
63 162 15 3
162 6 15 3
6 144 15 3
144 195 15 3
195 115 15 3
115 187 15 3
187 29 15 3
29 152 15 3
152 190 15 3
190 148 15 4
148 0 15 0
16 11
0 185 16 5
185 39 16 3
39 142 16 3
142 46 16 5
46 194 16 5
194 3 16 4
3 181 16 5
181 94 16 4
94 141 16 3
141 118 16 3
118 0 16 0
17 8
0 145 17 5
145 177 17 5
177 110 17 3
110 173 17 5
173 15 17 5
15 129 17 5
129 152 17 5
152 0 17 0
18 11
0 170 18 4
170 49 18 5
49 130 18 4
130 164 18 5
164 48 18 5
48 163 18 3
163 186 18 3
186 169 18 3
169 159 18 3
159 174 18 3
174 0 18 0
19 7
0 165 19 3
165 151 19 3
151 142 19 4
142 198 19 4
198 14 19 4
14 149 19 3
149 0 19 0
20 13
0 170 20 5
170 133 20 3
133 91 20 3
91 154 20 3
154 199 20 5
199 128 20 5
128 163 20 4
163 103 20 5
103 184 20 4
184 102 20 3
102 169 20 4
169 159 20 4
159 0 20 0
21 8
0 165 21 4
165 151 21 4
151 100 21 5
100 25 21 5
25 99 21 4
99 7 21 5
7 149 21 4
149 0 21 0
22 16
0 146 22 3
146 150 22 3
150 161 22 3
161 67 22 5
67 162 22 5
162 144 22 4
144 37 22 5
37 38 22 3
38 17 22 5
17 13 22 4
13 141 22 4
141 183 22 3
183 65 22 5
65 171 22 4
171 172 22 4
172 0 22 0
23 12
0 146 23 4
146 150 23 5
150 161 23 5
161 196 23 5
196 119 23 3
119 70 23 5
70 75 23 5
75 175 23 4
175 92 23 4
92 176 23 3
176 51 23 4
51 0 23 0
24 10
0 156 24 5
156 66 24 3
66 107 24 5
107 76 24 3
76 5 24 5
5 182 24 5
182 40 24 5
40 148 24 5
148 188 24 5
188 0 24 0
25 9
0 156 25 4
156 34 25 4
34 2 25 4
2 109 25 3
109 154 25 4
154 189 25 5
189 121 25 4
121 157 25 3
157 0 25 0
26 3
0 153 26 4
153 197 26 5
197 0 26 0
27 3
0 153 27 5
153 157 27 5
157 0 27 0
28 1
0 0 28 0
29 1
0 0 29 0
