# Solution for ../instances-HHCRSP/InstanzVNS_HCSRP_100_5.txt
# Cost = 816.334 Dist = 2427.99 Tard = 12.3483 TMax = 8.6636
# <vehicle> <route length>
# <origin node> <dest node> <vehicle> <service type>
0 16
0 93 0 0
93 14 0 0
14 99 0 0
99 17 0 0
17 91 0 0
91 9 0 2
9 87 0 0
87 39 0 1
39 25 0 1
25 31 0 1
31 97 0 0
97 92 0 1
92 4 0 2
4 33 0 1
33 5 0 0
5 0 0 0
1 6
0 15 1 2
15 3 1 2
3 36 1 2
36 64 1 2
64 24 1 2
24 0 1 0
2 6
0 46 2 2
46 100 2 2
100 27 2 2
27 69 2 2
69 89 2 2
89 0 2 0
3 11
0 21 3 0
21 23 3 0
23 34 3 1
34 18 3 1
18 51 3 1
51 86 3 0
86 56 3 0
56 88 3 0
88 35 3 1
35 95 3 1
95 0 3 0
4 5
0 98 4 1
98 13 4 1
13 96 4 1
96 40 4 1
40 0 4 0
5 8
0 70 5 0
70 94 5 2
94 41 5 0
41 43 5 0
43 32 5 2
32 90 5 0
90 30 5 2
30 0 5 0
6 1
0 0 6 0
7 8
0 81 7 5
81 20 7 3
20 8 7 5
8 19 7 5
19 94 7 3
94 76 7 3
76 82 7 5
82 0 7 0
8 4
0 81 8 4
81 90 8 5
90 57 8 5
57 0 8 0
9 15
0 6 9 5
6 93 9 4
93 77 9 5
77 78 9 4
78 80 9 4
80 72 9 5
72 87 9 4
87 7 9 4
7 83 9 4
83 48 9 4
48 61 9 5
61 97 9 5
97 26 9 4
26 92 9 5
92 0 9 0
10 11
0 59 10 3
59 77 10 3
77 78 10 5
78 80 10 5
80 67 10 3
67 72 10 3
72 100 10 5
100 10 10 3
10 53 10 4
53 85 10 3
85 0 10 0
11 14
0 54 11 5
54 42 11 5
42 45 11 3
45 99 11 4
99 11 11 5
11 2 11 4
2 91 11 5
91 63 11 3
63 66 11 3
66 47 11 4
47 68 11 5
68 83 11 5
83 85 11 5
85 0 11 0
12 12
0 49 12 5
49 28 12 3
28 16 12 4
16 60 12 5
60 29 12 3
29 52 12 5
52 22 12 5
22 62 12 3
62 86 12 4
86 88 12 3
88 89 12 5
89 0 12 0
13 10
0 38 13 3
38 50 13 3
50 71 13 3
71 12 13 3
12 74 13 3
74 76 13 4
76 82 13 4
82 37 13 4
37 95 13 4
95 0 13 0
14 5
0 98 14 4
98 71 14 4
71 55 14 5
55 74 14 4
74 0 14 0
15 2
0 73 15 3
73 0 15 0
16 2
0 73 16 4
73 0 16 0
17 9
0 58 17 4
58 84 17 3
84 79 17 3
79 75 17 3
75 65 17 4
65 1 17 5
1 96 17 5
96 44 17 3
44 0 17 0
18 4
0 84 18 4
84 79 18 4
79 75 18 4
75 0 18 0
19 1
0 0 19 0
