# Solution for ../instances-HHCRSP/InstanzVNS_HCSRP_200_3.txt
# Cost = 1291.06 Dist = 3872.7 Tard = 0.26485 TMax = 0.2273
# <vehicle> <route length>
# <origin node> <dest node> <vehicle> <service type>
0 13
0 23 0 1
23 181 0 1
181 107 0 1
107 10 0 1
10 91 0 0
91 180 0 1
180 38 0 0
38 135 0 0
135 186 0 0
186 133 0 1
133 97 0 0
97 200 0 1
200 0 0 0
1 16
0 35 1 2
35 33 1 0
33 122 1 0
122 174 1 2
174 6 1 0
6 192 1 2
192 112 1 2
112 121 1 0
121 191 1 2
191 128 1 0
128 17 1 0
17 60 1 0
60 137 1 0
137 5 1 0
5 126 1 0
126 0 1 0
2 16
0 176 2 1
176 9 2 1
9 50 2 2
50 40 2 1
40 197 2 1
197 90 2 1
90 190 2 1
190 194 2 1
194 173 2 1
173 45 2 2
45 178 2 1
178 31 2 2
31 86 2 2
86 72 2 2
72 103 2 2
103 0 2 0
3 7
0 61 3 2
61 88 3 2
88 1 3 2
1 79 3 2
79 187 3 2
187 136 3 2
136 0 3 0
4 9
0 2 4 2
2 124 4 2
124 89 4 2
89 184 4 2
184 138 4 2
138 140 4 2
140 193 4 2
193 199 4 2
199 0 4 0
5 8
0 114 5 0
114 117 5 0
117 59 5 0
59 22 5 0
22 171 5 0
171 177 5 0
177 34 5 0
34 0 5 0
6 18
0 111 6 1
111 198 6 1
198 26 6 1
26 62 6 1
62 4 6 1
4 80 6 1
80 41 6 1
41 196 6 1
196 172 6 0
172 64 6 2
64 118 6 2
118 189 6 0
189 29 6 2
29 69 6 2
69 185 6 1
185 76 6 2
76 139 6 0
139 0 6 0
7 3
0 68 7 0
68 3 7 0
3 0 7 0
8 15
0 20 8 1
20 195 8 1
195 182 8 2
182 108 8 1
108 175 8 2
175 47 8 2
47 125 8 1
125 43 8 2
43 183 8 2
183 67 8 1
67 123 8 1
123 87 8 2
87 130 8 2
130 54 8 1
54 0 8 0
9 6
0 179 9 1
179 63 9 1
63 188 9 1
188 65 9 1
65 21 9 1
21 0 9 0
10 8
0 147 10 4
147 100 10 4
100 127 10 4
127 196 10 4
196 189 10 4
189 25 10 4
25 159 10 4
159 0 10 0
11 13
0 146 11 3
146 176 11 5
176 145 11 3
145 143 11 3
143 7 11 3
7 74 11 3
74 174 11 3
174 149 11 3
149 75 11 4
75 119 11 3
119 78 11 5
78 167 11 3
167 0 11 0
12 19
0 146 12 5
146 44 12 4
44 145 12 5
145 55 12 3
55 197 12 5
197 109 12 3
109 8 12 4
8 173 12 5
173 149 12 5
149 131 12 4
131 191 12 4
191 51 12 3
51 178 12 5
178 52 12 3
52 155 12 3
155 134 12 4
134 170 12 3
170 141 12 4
141 0 12 0
13 4
0 28 13 5
28 81 13 5
81 77 13 5
77 0 13 0
14 11
0 110 14 5
110 143 14 4
143 168 14 4
168 151 14 4
151 190 14 4
190 13 14 5
13 19 14 4
19 58 14 4
58 120 14 5
120 14 14 4
14 0 14 0
15 9
0 147 15 3
147 181 15 4
181 162 15 3
162 142 15 4
142 184 15 3
184 154 15 3
154 148 15 3
148 39 15 3
39 0 15 0
16 8
0 165 16 4
165 156 16 3
156 92 16 4
92 162 16 4
162 142 16 5
142 46 16 4
46 48 16 5
48 0 16 0
17 11
0 165 17 5
165 156 17 5
156 16 17 4
16 42 17 5
42 169 17 4
169 185 17 3
185 30 17 5
30 193 17 4
193 199 17 5
199 150 17 4
150 0 17 0
18 12
0 49 18 4
49 24 18 5
24 179 18 3
179 163 18 3
163 83 18 4
83 172 18 3
172 180 18 3
180 154 18 5
154 186 18 5
186 148 18 5
148 187 18 5
187 0 18 0
19 11
0 161 19 3
161 198 19 5
198 168 19 3
168 151 19 5
151 194 19 3
194 177 19 5
177 18 19 3
18 94 19 4
94 32 19 5
32 167 19 5
167 0 19 0
20 7
0 161 20 5
161 70 20 5
70 115 20 3
115 169 20 3
169 129 20 5
129 150 20 3
150 0 20 0
21 15
0 132 21 4
132 71 21 5
71 195 21 5
195 98 21 5
98 182 21 4
182 102 21 4
102 175 21 5
175 84 21 3
84 183 21 3
183 57 21 3
57 66 21 3
66 82 21 5
82 155 21 4
155 170 21 5
170 0 21 0
22 10
0 96 22 5
96 158 22 4
158 153 22 4
153 164 22 4
164 192 22 4
192 160 22 4
160 85 22 4
85 157 22 5
157 159 22 5
159 0 22 0
23 12
0 152 23 3
152 36 23 3
36 158 23 5
158 153 23 3
153 164 23 3
164 171 23 5
171 160 23 3
160 104 23 5
104 12 23 4
12 11 23 3
11 141 23 5
141 0 23 0
24 6
0 15 24 3
15 166 24 3
166 106 24 5
106 144 24 5
144 37 24 3
37 0 24 0
25 10
0 152 25 4
152 27 25 5
27 163 25 5
163 105 25 5
105 116 25 3
116 73 25 4
73 95 25 5
95 53 25 3
53 200 25 4
200 0 25 0
26 1
0 0 26 0
27 8
0 113 27 4
113 56 27 4
56 188 27 3
188 93 27 5
93 157 27 3
157 99 27 3
99 101 27 5
101 0 27 0
28 3
0 166 28 5
166 144 28 4
144 0 28 0
29 1
0 0 29 0
