# Solution for ../instances-HHCRSP/InstanzCPLEX_HCSRP_50_9.txt
# Cost = 547.522 Dist = 1634.47 Tard = 5.66369 TMax = 2.43057
# <vehicle> <route length>
# <origin node> <dest node> <vehicle> <service type>
0 14
0 49 0 0
49 9 0 1
9 35 0 2
35 50 0 1
50 27 0 0
27 8 0 0
8 30 0 1
30 1 0 1
1 26 0 0
26 20 0 0
20 28 0 2
28 44 0 0
44 31 0 0
31 0 0 0
1 7
0 47 1 2
47 11 1 2
11 4 1 1
4 16 1 2
16 46 1 2
46 10 1 1
10 0 1 0
2 9
0 43 2 2
43 32 2 0
32 23 2 2
23 33 2 0
33 48 2 1
48 21 2 1
21 18 2 2
18 45 2 1
45 0 2 0
3 4
0 49 3 5
49 39 3 3
39 44 3 5
44 0 3 0
4 11
0 42 4 3
42 36 4 4
36 22 4 4
22 50 4 3
50 19 4 5
19 6 4 3
6 15 4 5
15 38 4 3
38 37 4 3
37 13 4 4
13 0 4 0
5 7
0 42 5 4
42 36 5 5
36 12 5 4
12 24 5 4
24 45 5 3
45 40 5 3
40 0 5 0
6 11
0 34 6 4
34 2 6 4
2 47 6 3
47 5 6 5
5 17 6 5
17 48 6 5
48 38 6 4
38 37 6 5
37 29 6 3
29 40 6 5
40 0 6 0
7 5
0 43 7 5
43 39 7 4
39 3 7 4
3 41 7 3
41 0 7 0
8 5
0 25 8 5
25 7 8 5
7 46 8 3
46 14 8 4
14 0 8 0
9 2
0 41 9 5
41 0 9 0
