# Solution for ../instances-HHCRSP/InstanzCPLEX_HCSRP_75_9.txt
# Cost = 729.853 Dist = 2173.67 Tard = 8.1125 TMax = 7.77761
# <vehicle> <route length>
# <origin node> <dest node> <vehicle> <service type>
0 8
0 4 0 1
4 67 0 0
67 50 0 1
50 30 0 1
30 33 0 0
33 20 0 0
20 26 0 0
26 0 0 0
1 6
0 64 1 1
64 66 1 1
66 9 1 1
9 1 1 1
1 74 1 1
74 0 1 0
2 10
0 73 2 2
73 43 2 0
43 71 2 1
71 23 2 2
23 32 2 0
32 10 2 1
10 31 2 0
31 65 2 2
65 44 2 2
44 0 2 0
3 12
0 36 3 2
36 11 3 2
11 27 3 0
27 68 3 2
68 8 3 0
8 75 3 2
75 72 3 1
72 70 3 1
70 45 3 2
45 18 3 2
18 21 3 1
21 0 3 0
4 7
0 42 4 2
42 16 4 2
16 47 4 2
47 35 4 2
35 69 4 2
69 28 4 2
28 0 4 0
5 4
0 73 5 4
73 14 5 4
14 53 5 4
53 0 5 0
6 8
0 63 6 3
63 56 6 5
56 6 6 3
6 58 6 3
58 48 6 5
48 61 6 5
61 55 6 3
55 0 6 0
7 7
0 22 7 4
22 68 7 4
68 56 7 4
56 62 7 4
62 70 7 4
70 24 7 4
24 0 7 0
8 15
0 64 8 4
64 52 8 4
52 63 8 5
63 67 8 4
67 19 8 5
19 12 8 4
12 75 8 5
75 72 8 3
72 62 8 3
62 15 8 5
15 37 8 5
37 57 8 3
57 51 8 4
51 74 8 3
74 0 8 0
9 14
0 54 9 4
54 34 9 4
34 49 9 5
49 2 9 4
2 5 9 5
5 66 9 3
66 17 9 5
17 58 9 5
58 38 9 3
38 29 9 3
29 40 9 5
40 69 9 4
69 57 9 5
57 0 9 0
10 4
0 54 10 5
54 71 10 5
71 25 10 5
25 0 10 0
11 10
0 59 11 3
59 39 11 3
39 46 11 5
46 3 11 4
3 61 11 4
61 13 11 4
13 41 11 4
41 65 11 4
65 55 11 5
55 0 11 0
12 3
0 7 12 5
7 60 12 3
60 0 12 0
13 3
0 59 13 4
59 60 13 5
60 0 13 0
14 2
0 53 14 3
53 0 14 0
