# Solution for ../instances-HHCRSP/InstanzCPLEX_HCSRP_50_8.txt
# Cost = 474.554 Dist = 1388.06 Tard = 26.5517 TMax = 9.05526
# <vehicle> <route length>
# <origin node> <dest node> <vehicle> <service type>
0 7
0 10 0 0
10 45 0 2
45 13 0 2
13 47 0 2
47 48 0 0
48 46 0 2
46 0 0 0
1 13
0 43 1 1
43 49 1 0
49 22 1 1
22 33 1 1
33 50 1 1
50 44 1 1
44 27 1 1
27 4 1 1
4 5 1 0
5 16 1 0
16 32 1 1
32 18 1 1
18 0 1 0
2 7
0 11 2 0
11 23 2 2
23 17 2 0
17 21 2 0
21 6 2 2
6 12 2 2
12 0 2 0
3 8
0 26 3 3
26 14 3 5
14 20 3 3
20 36 3 5
36 30 3 5
30 9 3 5
9 29 3 3
29 0 3 0
4 12
0 43 4 4
43 49 4 3
49 7 4 3
7 40 4 4
40 50 4 5
50 34 4 5
34 47 4 4
47 48 4 5
48 39 4 4
39 35 4 4
35 46 4 3
46 0 4 0
5 5
0 15 5 4
15 19 5 3
19 2 5 4
2 36 5 4
36 0 5 0
6 9
0 42 6 4
42 8 6 5
8 40 6 5
40 1 6 4
1 37 6 5
37 31 6 5
31 38 6 4
38 41 6 4
41 0 6 0
7 6
0 42 7 3
42 37 7 3
37 38 7 3
38 41 7 5
41 28 7 3
28 0 7 0
8 1
0 0 8 0
9 7
0 45 9 4
45 25 9 5
25 24 9 4
24 3 9 4
3 44 9 3
44 39 9 5
39 0 9 0
