# Solution for ../instances-HHCRSP/InstanzVNS_HCSRP_200_4.txt
# Cost = 1141.62 Dist = 3424.85 Tard = 0 TMax = 0
# <vehicle> <route length>
# <origin node> <dest node> <vehicle> <service type>
0 14
0 13 0 2
13 190 0 0
190 196 0 2
196 198 0 2
198 191 0 2
191 88 0 2
88 128 0 2
128 62 0 0
62 171 0 0
171 41 0 0
41 192 0 2
192 200 0 2
200 56 0 2
56 0 0 0
1 16
0 51 1 2
51 33 1 0
33 130 1 0
130 14 1 2
14 127 1 0
127 98 1 2
98 185 1 2
185 113 1 2
113 188 1 2
188 102 1 0
102 100 1 0
100 140 1 1
140 18 1 0
18 65 1 1
65 120 1 0
120 0 1 0
2 14
0 69 2 0
69 50 2 0
50 39 2 0
39 16 2 0
16 92 2 1
92 94 2 1
94 7 2 1
7 108 2 0
108 24 2 1
24 184 2 0
184 10 2 1
10 132 2 1
132 9 2 0
9 0 2 0
3 14
0 106 3 2
106 183 3 2
183 177 3 1
177 20 3 0
20 139 3 1
139 54 3 0
54 173 3 1
173 181 3 0
181 87 3 2
87 89 3 2
89 125 3 2
125 178 3 0
178 111 3 1
111 0 3 0
4 15
0 122 4 2
122 15 4 2
15 77 4 1
77 186 4 2
186 187 4 1
187 180 4 2
180 44 4 0
44 84 4 2
84 86 4 2
86 172 4 1
172 63 4 0
63 137 4 1
137 182 4 0
182 109 4 1
109 0 4 0
5 8
0 47 5 2
47 189 5 2
189 175 5 2
175 199 5 2
199 176 5 2
176 76 5 2
76 112 5 2
112 0 5 0
6 13
0 105 6 0
105 174 6 0
174 179 6 2
179 1 6 2
1 197 6 2
197 123 6 2
123 194 6 2
194 72 6 2
72 85 6 0
85 121 6 0
121 64 6 0
64 11 6 2
11 0 6 0
7 9
0 55 7 1
55 71 7 1
71 90 7 1
90 40 7 1
40 25 7 1
25 36 7 1
36 17 7 1
17 95 7 1
95 0 7 0
8 6
0 81 8 1
81 135 8 1
135 12 8 2
12 99 8 1
99 34 8 2
34 0 8 0
9 3
0 195 9 2
195 193 9 2
193 0 9 0
10 13
0 6 10 3
6 183 10 3
183 177 10 5
177 134 10 3
134 68 10 3
68 35 10 3
35 73 10 3
73 150 10 3
150 156 10 5
156 118 10 3
118 78 10 3
78 159 10 5
159 0 10 0
11 15
0 190 11 4
190 196 11 5
196 198 11 5
198 119 11 3
119 194 11 4
194 83 11 5
83 117 11 3
117 171 11 4
171 96 11 3
96 104 11 4
104 192 11 5
192 200 11 4
200 129 11 5
129 142 11 3
142 0 11 0
12 11
0 163 12 3
163 23 12 4
23 143 12 3
143 191 12 3
191 114 12 5
114 158 12 4
158 110 12 5
110 150 12 4
150 156 12 4
156 142 12 4
142 0 12 0
13 11
0 163 13 5
163 143 13 4
143 45 13 3
45 179 13 4
179 197 13 5
197 60 13 4
60 61 13 4
61 3 13 3
3 169 13 3
169 178 13 5
178 0 13 0
14 9
0 166 14 3
166 27 14 3
27 59 14 4
59 149 14 3
149 162 14 4
162 148 14 3
148 29 14 5
29 182 14 3
182 0 14 0
15 7
0 166 15 4
166 186 15 5
186 187 15 4
187 180 15 4
180 172 15 3
172 138 15 4
138 0 15 0
16 12
0 160 16 4
160 97 16 4
97 157 16 4
157 126 16 4
126 116 16 3
116 147 16 3
147 181 16 5
181 176 16 4
176 167 16 3
167 165 16 4
165 169 16 4
169 0 16 0
17 9
0 160 17 5
160 157 17 5
157 52 17 5
52 19 17 4
19 153 17 5
153 43 17 5
43 46 17 4
46 146 17 5
146 0 17 0
18 15
0 32 18 3
32 74 18 5
74 66 18 3
66 174 18 3
174 49 18 4
49 31 18 4
31 147 18 4
147 107 18 3
107 184 18 3
184 37 18 4
37 154 18 3
154 4 18 4
4 26 18 3
26 70 18 5
70 0 18 0
19 13
0 144 19 3
144 48 19 5
48 82 19 3
82 30 19 5
30 42 19 4
42 80 19 5
80 155 19 3
155 153 19 3
153 5 19 3
5 21 19 5
21 188 19 3
188 53 19 5
53 0 19 0
20 8
0 144 20 5
144 131 20 4
131 58 20 3
58 149 20 5
149 162 20 5
162 148 20 5
148 146 20 3
146 0 20 0
21 12
0 145 21 3
145 170 21 3
170 164 21 3
164 152 21 3
152 173 21 5
173 124 21 5
124 199 21 4
199 167 21 5
167 165 21 5
165 57 21 4
57 136 21 3
136 0 21 0
22 12
0 145 22 4
145 170 22 5
170 164 22 5
164 152 22 4
152 155 22 5
155 185 22 5
185 101 22 4
101 154 22 4
154 79 22 4
79 8 22 4
8 2 22 4
2 0 22 0
23 6
0 168 23 4
168 28 23 3
28 189 23 3
189 151 23 4
151 67 23 3
67 0 23 0
24 7
0 168 24 5
168 133 24 3
133 151 24 5
151 175 24 3
175 91 24 5
91 22 24 5
22 0 24 0
25 6
0 161 25 5
161 103 25 4
103 158 25 5
158 93 25 4
93 159 25 4
159 0 25 0
26 3
0 161 26 3
161 195 26 3
195 0 26 0
27 3
0 38 27 5
38 141 27 4
141 0 27 0
28 4
0 115 28 4
115 75 28 3
75 141 28 3
141 0 28 0
29 2
0 193 29 5
193 0 29 0
