# Solution for ../instances-HHCRSP/InstanzVNS_HCSRP_200_10.txt
# Cost = 1457.62 Dist = 4365.05 Tard = 5.16406 TMax = 2.65685
# <vehicle> <route length>
# <origin node> <dest node> <vehicle> <service type>
0 13
0 104 0 0
104 2 0 0
2 89 0 0
89 183 0 0
183 58 0 0
58 195 0 0
195 84 0 0
84 83 0 0
83 44 0 0
44 95 0 0
95 179 0 0
179 62 0 0
62 0 0 0
1 14
0 11 1 1
11 34 1 2
34 64 1 1
64 61 1 2
61 174 1 2
174 126 1 2
126 105 1 1
105 187 1 2
187 43 1 2
43 199 1 1
199 77 1 1
77 30 1 2
30 59 1 2
59 0 1 0
2 9
0 180 2 1
180 175 2 1
175 7 2 1
7 26 2 1
26 139 2 1
139 91 2 1
91 36 2 1
36 42 2 1
42 0 2 0
3 4
0 189 3 1
189 18 3 1
18 172 3 1
172 0 3 0
4 11
0 50 4 1
50 103 4 1
103 22 4 1
22 125 4 1
125 198 4 1
198 90 4 1
90 173 4 1
173 19 4 1
19 40 4 1
40 132 4 1
132 0 4 0
5 20
0 57 5 2
57 192 5 0
192 181 5 0
181 33 5 0
33 4 5 0
4 138 5 0
138 185 5 0
185 178 5 0
178 191 5 2
191 193 5 0
193 16 5 0
16 107 5 2
107 118 5 0
118 177 5 0
177 47 5 0
47 122 5 0
122 14 5 0
14 66 5 0
66 28 5 2
28 0 5 0
6 7
0 176 6 2
176 102 6 2
102 129 6 2
129 24 6 2
24 184 6 2
184 190 6 2
190 0 6 0
7 3
0 80 7 2
80 200 7 2
200 0 7 0
8 16
0 188 8 0
188 94 8 1
94 113 8 0
113 197 8 0
197 194 8 0
194 124 8 2
124 29 8 2
29 35 8 1
35 32 8 2
32 111 8 1
111 186 8 0
186 60 8 0
60 99 8 0
99 196 8 0
196 48 8 0
48 0 8 0
9 10
0 70 9 2
70 108 9 2
108 63 9 2
63 171 9 2
171 27 9 2
27 182 9 2
182 133 9 2
133 137 9 2
137 31 9 2
31 0 9 0
10 12
0 154 10 3
154 143 10 3
143 86 10 5
86 165 10 3
165 51 10 5
51 173 10 3
173 56 10 5
56 184 10 4
184 160 10 3
160 67 10 4
67 153 10 3
153 0 10 0
11 15
0 154 11 5
154 143 11 4
143 165 11 5
165 38 11 4
38 198 11 3
198 9 11 3
9 182 11 3
182 131 11 4
131 109 11 5
109 96 11 3
96 114 11 4
114 81 11 3
81 121 11 4
121 72 11 4
72 0 11 0
12 11
0 140 12 3
140 150 12 3
150 170 12 3
170 88 12 5
88 52 12 5
52 161 12 3
161 79 12 5
79 135 12 3
135 54 12 5
54 142 12 5
142 0 12 0
13 12
0 150 13 5
150 181 13 4
181 170 13 5
170 174 13 4
174 8 13 4
8 145 13 4
145 116 13 4
116 112 13 4
112 1 13 3
1 10 13 4
10 166 13 3
166 0 13 0
14 17
0 45 14 4
45 180 14 3
180 192 14 5
192 68 14 5
68 175 14 4
175 185 14 3
185 155 14 3
155 157 14 3
157 191 14 4
191 167 14 4
167 193 14 3
193 21 14 5
21 162 14 3
162 152 14 3
152 187 14 4
187 166 14 4
166 0 14 0
15 11
0 188 15 3
188 148 15 3
148 176 15 4
176 37 15 4
37 130 15 3
130 15 15 3
15 179 15 3
179 156 15 3
156 186 15 3
186 142 15 4
142 0 15 0
16 11
0 148 16 5
148 159 16 5
159 163 16 5
163 183 16 4
183 141 16 5
141 17 16 4
17 97 16 3
97 92 16 5
92 98 16 4
98 156 16 4
156 0 16 0
17 6
0 149 17 3
149 119 17 4
119 120 17 4
120 161 17 4
161 164 17 3
164 0 17 0
18 8
0 189 18 3
189 159 18 4
159 163 18 4
163 141 18 4
141 76 18 3
76 151 18 4
151 190 18 3
190 0 18 0
19 6
0 197 19 5
197 194 19 5
194 146 19 3
146 25 19 5
25 172 19 4
172 0 19 0
20 16
0 149 20 5
149 39 20 3
39 123 20 3
123 144 20 3
144 158 20 3
158 147 20 3
147 3 20 3
3 178 20 4
178 6 20 4
6 136 20 5
136 23 20 3
23 145 20 5
145 69 20 5
69 74 20 5
74 164 20 4
164 0 20 0
21 12
0 5 21 4
5 12 21 5
12 144 21 5
144 158 21 5
158 147 21 4
147 167 21 5
167 162 21 4
162 152 21 4
152 75 21 5
75 199 21 4
199 13 21 3
13 0 21 0
22 4
0 106 22 3
106 101 22 3
101 146 22 5
146 0 22 0
23 8
0 85 23 4
85 127 23 5
127 134 23 4
134 195 23 5
195 128 23 4
128 151 23 5
151 82 23 4
82 0 23 0
24 5
0 49 24 5
49 20 24 4
20 65 24 4
65 168 24 4
168 0 24 0
25 10
0 115 25 3
115 78 25 3
78 171 25 3
171 93 25 3
93 155 25 5
155 157 25 4
157 177 25 5
177 160 25 4
160 153 25 5
153 0 25 0
26 8
0 73 26 4
73 53 26 3
53 100 26 5
100 41 26 5
41 117 26 3
117 55 26 5
55 46 26 5
46 0 26 0
27 4
0 169 27 3
169 110 27 5
110 200 27 5
200 0 27 0
28 3
0 169 28 5
169 87 28 5
87 0 28 0
29 4
0 71 29 4
71 196 29 3
196 168 29 5
168 0 29 0
