# Solution for ../instances-HHCRSP/InstanzVNS_HCSRP_100_1.txt
# Cost = 1368.23 Dist = 2853.35 Tard = 1027.45 TMax = 223.883
# <vehicle> <route length>
# <origin node> <dest node> <vehicle> <service type>
0 17
0 47 0 0
47 33 0 0
33 86 0 0
86 94 0 0
94 15 0 0
15 48 0 0
48 100 0 0
100 90 0 0
90 66 0 0
66 61 0 0
61 18 0 0
18 38 0 0
38 92 0 0
92 19 0 0
19 46 0 0
46 55 0 0
55 0 0 0
1 10
0 12 1 1
12 91 1 2
91 62 1 1
62 60 1 2
60 97 1 1
97 11 1 1
11 53 1 2
53 99 1 2
99 30 1 2
30 0 1 0
2 12
0 42 2 2
42 31 2 1
31 98 2 2
98 70 2 2
70 95 2 2
95 13 2 1
13 87 2 2
87 67 2 2
67 89 2 2
89 58 2 1
58 21 2 2
21 0 2 0
3 9
0 88 3 2
88 17 3 2
17 5 3 2
5 22 3 2
22 59 3 2
59 25 3 2
25 57 3 2
57 7 3 2
7 0 3 0
4 2
0 40 4 2
40 0 4 0
5 7
0 43 5 1
43 56 5 1
56 41 5 1
41 3 5 1
3 93 5 1
93 96 5 1
96 0 5 0
6 1
0 0 6 0
7 4
0 49 7 4
49 86 7 4
86 90 7 4
90 0 7 0
8 12
0 8 8 4
8 83 8 4
83 98 8 4
98 84 8 5
84 85 8 4
85 26 8 5
26 73 8 5
73 74 8 5
74 32 8 4
32 75 8 5
75 51 8 4
51 0 8 0
9 6
0 83 9 5
83 95 9 4
95 82 9 4
82 87 9 5
87 92 9 4
92 0 9 0
10 12
0 91 10 3
91 37 10 3
37 65 10 4
65 63 10 4
63 23 10 4
23 77 10 4
77 100 10 3
100 76 10 4
76 1 10 3
1 80 10 4
80 72 10 3
72 0 10 0
11 11
0 24 11 5
24 94 11 4
94 16 11 4
16 79 11 3
79 39 11 3
39 97 11 4
97 71 11 3
71 36 11 3
36 93 11 5
93 96 11 4
96 0 11 0
12 8
0 50 12 5
50 88 12 3
88 78 12 5
78 2 12 4
2 35 12 5
35 68 12 4
68 34 12 4
34 0 12 0
13 10
0 52 13 3
52 84 13 4
84 85 13 3
85 82 13 3
82 4 13 3
4 73 13 3
73 74 13 3
74 89 13 4
89 75 13 3
75 0 13 0
14 9
0 81 14 3
81 20 14 5
20 77 14 5
77 76 14 3
76 64 14 3
64 80 14 3
80 72 14 5
72 28 14 5
28 0 14 0
15 12
0 81 15 4
81 14 15 3
14 27 15 4
27 45 15 3
45 54 15 3
54 6 15 4
6 79 15 4
79 71 15 4
71 69 15 5
69 99 15 5
99 29 15 3
29 0 15 0
16 1
0 0 16 0
17 1
0 0 17 0
18 4
0 10 18 4
10 78 18 3
78 44 18 3
44 0 18 0
19 2
0 9 19 4
9 0 19 0
