# Solution for ../instances-HHCRSP/InstanzVNS_HCSRP_200_3.txt
# Cost = 1279.87 Dist = 3825.28 Tard = 8.11375 TMax = 6.20294
# <vehicle> <route length>
# <origin node> <dest node> <vehicle> <service type>
0 13
0 181 0 1
181 107 0 1
107 10 0 1
10 91 0 0
91 172 0 0
172 196 0 1
196 189 0 0
189 180 0 1
180 135 0 0
135 133 0 1
133 97 0 0
97 200 0 1
200 0 0 0
1 11
0 22 1 0
22 182 1 2
182 171 1 0
171 117 1 0
117 59 1 0
59 47 1 2
47 86 1 2
86 112 1 2
112 139 1 0
139 76 1 2
76 0 1 0
2 14
0 9 2 1
9 50 2 2
50 40 2 1
40 176 2 1
176 108 2 1
108 175 2 2
175 125 2 1
125 43 2 2
43 183 2 2
183 123 2 1
123 87 2 2
87 130 2 2
130 54 2 1
54 0 2 0
3 10
0 61 3 2
61 1 3 2
1 88 3 2
88 184 3 2
184 38 3 0
38 89 3 2
89 140 3 2
140 186 3 0
186 138 3 2
138 0 3 0
4 7
0 2 4 2
2 124 4 2
124 69 4 2
69 79 4 2
79 187 4 2
187 136 4 2
136 0 4 0
5 10
0 114 5 0
114 34 5 0
34 177 5 0
177 6 5 0
6 128 5 0
128 17 5 0
17 137 5 0
137 5 5 0
5 126 5 0
126 0 5 0
6 17
0 20 6 1
20 26 6 1
26 33 6 0
33 197 6 1
197 174 6 2
174 122 6 0
122 45 6 2
45 194 6 1
194 190 6 1
190 173 6 1
173 191 6 2
191 178 6 1
178 121 6 0
121 67 6 1
67 60 6 0
60 31 6 2
31 0 6 0
7 3
0 68 7 0
68 3 7 0
3 0 7 0
8 19
0 198 8 1
198 111 8 1
111 195 8 1
195 35 8 2
35 90 8 1
90 80 8 1
80 4 8 1
4 192 8 2
192 62 8 1
62 64 8 2
64 118 8 2
118 41 8 1
41 29 8 2
29 185 8 1
185 193 8 2
193 199 8 2
199 72 8 2
72 103 8 2
103 0 8 0
9 7
0 179 9 1
179 23 9 1
23 63 9 1
63 188 9 1
188 65 9 1
65 21 9 1
21 0 9 0
10 7
0 181 10 4
181 162 10 4
162 142 10 4
142 46 10 4
46 169 10 4
169 150 10 4
150 0 10 0
11 20
0 145 11 3
145 146 11 3
146 74 11 3
74 7 11 3
7 55 11 3
55 197 11 5
197 174 11 3
174 75 11 4
75 119 11 3
119 149 11 3
149 131 11 4
131 191 11 4
191 51 11 3
51 52 11 3
52 178 11 5
178 155 11 3
155 134 11 4
134 170 11 3
170 11 11 3
11 0 11 0
12 13
0 145 12 5
145 146 12 5
146 176 12 5
176 102 12 4
102 160 12 3
160 192 12 4
192 13 12 5
13 19 12 4
19 58 12 4
58 120 12 5
120 14 12 4
14 159 12 4
159 0 12 0
13 7
0 28 13 5
28 105 13 5
105 163 13 5
163 187 13 5
187 81 13 5
81 77 13 5
77 0 13 0
14 8
0 161 14 5
161 198 14 5
198 160 14 4
160 171 14 5
171 104 14 5
104 12 14 4
12 141 14 4
141 0 14 0
15 8
0 161 15 3
161 158 15 4
158 153 15 4
153 164 15 4
164 85 15 4
85 99 15 3
99 157 15 3
157 0 15 0
16 7
0 165 16 4
165 156 16 3
156 16 16 4
16 92 16 4
92 48 16 5
48 180 16 3
180 0 16 0
17 10
0 165 17 5
165 156 17 5
156 162 17 3
162 142 17 5
142 184 17 3
184 154 17 3
154 186 17 5
186 148 17 3
148 39 17 3
39 0 17 0
18 12
0 152 18 3
152 147 18 3
147 115 18 3
115 100 18 4
100 42 18 5
42 169 18 3
169 185 18 3
185 193 18 4
193 199 18 5
199 30 18 5
30 150 18 3
150 0 18 0
19 11
0 152 19 4
152 147 19 4
147 70 19 5
70 129 19 5
129 127 19 4
127 196 19 4
196 189 19 4
189 25 19 4
25 144 19 4
144 37 19 3
37 0 19 0
20 10
0 15 20 3
15 96 20 5
96 158 20 5
158 153 20 3
153 164 20 3
164 93 20 5
93 188 20 3
188 106 20 5
106 144 20 5
144 0 20 0
21 14
0 195 21 5
195 71 21 5
71 98 21 5
98 182 21 4
182 175 21 5
175 84 21 3
84 183 21 3
183 57 21 3
57 66 21 3
66 82 21 5
82 155 21 4
155 170 21 5
170 141 21 5
141 0 21 0
22 14
0 132 22 4
132 44 22 4
44 110 22 5
110 143 22 4
143 168 22 4
168 151 22 4
151 32 22 5
32 8 22 4
8 149 22 5
149 173 22 5
173 78 22 5
78 94 22 4
94 167 22 5
167 0 22 0
23 7
0 27 23 5
27 172 23 3
172 83 23 4
83 163 23 3
163 154 23 5
154 148 23 5
148 0 23 0
24 2
0 166 24 3
166 0 24 0
25 9
0 49 25 4
49 24 25 5
24 179 25 3
179 116 25 3
116 73 25 4
73 95 25 5
95 53 25 3
53 200 25 4
200 0 25 0
26 1
0 0 26 0
27 12
0 113 27 4
113 36 27 3
36 143 27 3
143 109 27 3
109 168 27 3
168 151 27 5
151 194 27 3
194 177 27 5
177 190 27 4
190 18 27 3
18 167 27 3
167 0 27 0
28 6
0 166 28 5
166 56 28 4
56 101 28 5
101 157 28 5
157 159 28 5
159 0 28 0
29 1
0 0 29 0
