# Solution for ../instances-HHCRSP/InstanzVNS_HCSRP_300_8.txt
# Cost = 1573.52 Dist = 4692.87 Tard = 20.0933 TMax = 7.60147
# <vehicle> <route length>
# <origin node> <dest node> <vehicle> <service type>
0 13
0 261 0 1
261 110 0 1
110 268 0 0
268 74 0 0
74 297 0 0
297 173 0 0
173 94 0 0
94 295 0 1
295 78 0 0
78 270 0 0
270 90 0 0
90 129 0 0
129 0 0 0
1 17
0 125 1 0
125 195 1 1
195 33 1 1
33 53 1 1
53 185 1 1
185 298 1 2
298 285 1 2
285 119 1 0
119 266 1 2
266 254 1 1
254 262 1 1
262 107 1 1
107 290 1 1
290 288 1 2
288 300 1 1
300 174 1 0
174 0 1 0
2 14
0 10 2 0
10 135 2 0
135 188 2 0
188 117 2 2
117 62 2 0
62 291 2 0
291 296 2 2
296 167 2 2
167 51 2 0
51 280 2 0
280 120 2 0
120 72 2 0
72 46 2 2
46 0 2 0
3 7
0 293 3 2
293 272 3 2
272 91 3 2
91 192 3 2
192 253 3 2
253 264 3 2
264 0 3 0
4 18
0 197 4 1
197 57 4 1
57 161 4 1
161 68 4 2
68 126 4 1
126 282 4 2
282 151 4 2
151 58 4 2
58 178 4 1
178 32 4 1
32 279 4 2
279 252 4 1
252 4 4 1
4 77 4 2
77 276 4 1
276 257 4 1
257 113 4 2
113 0 4 0
5 10
0 92 5 1
92 102 5 2
102 179 5 2
179 23 5 2
23 36 5 1
36 159 5 2
159 6 5 2
6 12 5 2
12 287 5 2
287 0 5 0
6 7
0 11 6 0
11 284 6 0
284 100 6 0
100 5 6 0
5 16 6 0
16 160 6 0
160 0 6 0
7 9
0 60 7 2
60 278 7 2
278 170 7 2
170 275 7 2
275 277 7 2
277 93 7 2
93 283 7 2
283 258 7 2
258 0 7 0
8 18
0 112 8 0
112 168 8 1
168 286 8 1
286 45 8 2
45 164 8 2
164 75 8 1
75 132 8 0
132 294 8 2
294 44 8 1
44 166 8 1
166 267 8 1
267 13 8 2
13 196 8 2
196 149 8 0
149 187 8 2
187 48 8 1
48 105 8 2
105 0 8 0
9 13
0 299 9 1
299 54 9 1
54 260 9 2
260 66 9 1
66 156 9 1
156 289 9 2
289 27 9 1
27 273 9 1
273 103 9 2
103 71 9 1
71 265 9 1
265 181 9 1
181 0 9 0
10 12
0 281 10 0
281 130 10 0
130 65 10 0
65 134 10 0
134 40 10 0
40 145 10 0
145 76 10 0
76 73 10 0
73 269 10 0
269 263 10 0
263 109 10 0
109 0 10 0
11 3
0 256 11 2
256 56 11 2
56 0 11 0
12 1
0 0 12 0
13 14
0 42 13 0
42 104 13 2
104 55 13 0
55 22 13 1
22 274 13 1
274 186 13 2
186 95 13 0
95 98 13 0
98 259 13 1
259 127 13 2
127 18 13 1
18 158 13 0
158 150 13 2
150 0 13 0
14 8
0 271 14 0
271 17 14 0
17 21 14 0
21 139 14 0
139 172 14 1
172 115 14 1
115 251 14 0
251 0 14 0
15 3
0 292 15 0
292 81 15 0
81 0 15 0
16 5
0 87 16 1
87 138 16 1
138 131 16 1
131 255 16 1
255 0 16 0
17 1
0 0 17 0
18 20
0 231 18 3
231 207 18 3
207 204 18 3
204 211 18 3
211 193 18 3
193 25 18 5
25 137 18 4
137 250 18 3
250 70 18 5
70 37 18 5
37 275 18 5
275 215 18 4
215 31 18 5
31 242 18 4
242 277 18 3
277 269 18 4
269 176 18 5
176 210 18 4
210 255 18 5
255 0 18 0
19 16
0 231 19 4
231 207 19 5
207 204 19 4
204 211 19 5
211 194 19 4
194 250 19 4
250 114 19 5
114 291 19 5
291 296 19 3
296 238 19 3
238 69 19 3
69 180 19 4
180 234 19 3
234 228 19 4
228 246 19 3
246 0 19 0
20 12
0 261 20 4
261 272 20 5
272 221 20 3
221 101 20 4
101 206 20 3
206 214 20 4
214 29 20 3
29 144 20 5
144 253 20 5
253 264 20 3
264 154 20 5
154 0 20 0
21 18
0 49 21 5
49 189 21 3
189 8 21 5
8 230 21 4
230 216 21 4
216 184 21 5
184 298 21 3
298 205 21 3
205 285 21 4
285 217 21 4
217 266 21 5
266 254 21 4
254 290 21 4
290 288 21 5
288 300 21 4
300 39 21 4
39 35 21 4
35 0 21 0
22 14
0 245 22 3
245 233 22 4
233 268 22 5
268 155 22 3
155 297 22 3
297 2 22 4
2 282 22 5
282 223 22 3
223 279 22 5
279 203 22 3
203 133 22 4
133 28 22 3
28 263 22 3
263 0 22 0
23 17
0 245 23 5
245 233 23 5
233 59 23 3
59 86 23 4
86 50 23 4
50 106 23 4
106 136 23 3
136 239 23 5
239 295 23 3
295 175 23 5
175 206 23 4
206 214 23 5
214 142 23 4
142 283 23 3
283 30 23 5
30 146 23 3
146 0 23 0
24 10
0 209 24 4
209 26 24 3
26 208 24 3
208 148 24 4
148 85 24 3
85 224 24 4
224 287 24 3
287 226 24 3
226 169 24 4
169 0 24 0
25 7
0 209 25 5
209 116 25 5
116 14 25 5
14 20 25 3
20 147 25 4
147 226 25 5
226 0 25 0
26 16
0 222 26 3
222 247 26 5
247 108 26 3
108 43 26 4
43 61 26 4
61 182 26 5
182 177 26 3
177 143 26 3
143 223 26 4
223 242 26 5
242 38 26 4
38 252 26 3
252 203 26 5
203 67 26 5
67 257 26 4
257 0 26 0
27 10
0 222 27 4
222 247 27 3
247 19 27 3
19 183 27 4
183 190 27 3
190 239 27 3
239 141 27 4
141 270 27 4
270 258 27 4
258 0 27 0
28 18
0 199 28 5
199 121 28 3
121 7 28 3
7 230 28 5
230 216 28 3
216 232 28 3
232 237 28 3
237 274 28 5
274 219 28 5
219 227 28 3
227 220 28 5
220 262 28 3
262 99 28 5
99 157 28 5
157 88 28 5
88 162 28 3
162 191 28 3
191 0 28 0
29 8
0 293 29 4
293 249 29 4
249 284 29 5
284 15 29 4
15 244 29 5
244 276 29 5
276 123 29 4
123 0 29 0
30 6
0 249 30 3
249 240 30 5
240 236 30 5
236 244 30 3
244 243 30 3
243 0 30 0
31 14
0 281 31 4
281 97 31 4
97 82 31 4
82 205 31 5
205 217 31 5
217 118 31 5
118 47 31 4
47 225 31 5
225 89 31 4
89 280 31 4
280 234 31 5
234 228 31 5
228 246 31 4
246 0 31 0
32 13
0 241 32 4
241 218 32 3
218 202 32 4
202 212 32 3
212 201 32 3
201 128 32 4
128 215 32 5
215 165 32 5
165 122 32 5
122 229 32 3
229 153 32 5
153 213 32 4
213 0 32 0
33 17
0 241 33 5
241 218 33 4
218 202 33 5
202 212 33 4
212 201 33 5
201 64 33 3
64 219 33 4
219 227 33 4
227 220 33 4
220 171 33 5
171 3 33 4
3 259 33 5
259 111 33 5
111 273 33 4
273 79 33 3
79 213 33 5
213 0 33 0
34 2
0 198 34 4
198 0 34 0
35 14
0 299 35 5
299 163 35 5
163 248 35 3
248 235 35 3
235 140 35 5
140 124 35 3
124 260 35 5
260 292 35 5
292 41 35 5
41 96 35 5
96 289 35 3
289 80 35 5
80 210 35 3
210 0 35 0
36 15
0 286 36 3
286 1 36 4
1 232 36 4
232 237 36 4
237 83 36 3
83 294 36 3
294 24 36 4
24 34 36 5
34 225 36 3
225 267 36 3
267 238 36 4
238 152 36 4
152 229 36 4
229 265 36 3
265 0 36 0
37 9
0 271 37 5
271 84 37 4
84 208 37 5
208 63 37 5
63 224 37 5
224 9 37 5
9 251 37 4
251 52 37 4
52 0 37 0
38 8
0 200 38 3
200 248 38 4
248 235 38 4
235 278 38 4
278 240 38 4
240 236 38 4
236 243 38 5
243 0 38 0
39 3
0 221 39 5
221 256 39 5
256 0 39 0
