# Solution for ../instances-HHCRSP/InstanzVNS_HCSRP_300_8.txt
# Cost = 1590.01 Dist = 4753.8 Tard = 13.4988 TMax = 2.72005
# <vehicle> <route length>
# <origin node> <dest node> <vehicle> <service type>
0 13
0 281 0 0
281 134 0 0
134 274 0 1
274 22 0 1
22 55 0 0
55 262 0 1
262 107 0 1
107 259 0 1
259 98 0 0
98 81 0 0
81 16 0 0
16 5 0 0
5 0 0 0
1 11
0 271 1 0
271 17 1 0
17 21 1 0
21 139 1 0
139 295 1 1
295 78 1 0
78 90 1 0
90 283 1 2
283 270 1 0
270 258 1 2
258 0 1 0
2 17
0 284 2 0
284 112 2 0
112 145 2 0
145 135 2 0
135 275 2 2
275 188 2 0
188 117 2 2
117 291 2 0
291 62 2 0
62 296 2 2
296 277 2 2
277 269 2 0
269 93 2 2
93 263 2 0
263 109 2 0
109 113 2 2
113 0 2 0
3 7
0 293 3 2
293 272 3 2
272 91 3 2
91 192 3 2
192 264 3 2
264 287 3 2
287 0 3 0
4 13
0 87 4 1
87 179 4 2
179 92 4 1
92 102 4 2
102 23 4 2
23 36 4 1
36 159 4 2
159 6 4 2
6 12 4 2
12 172 4 1
172 253 4 2
253 115 4 1
115 0 4 0
5 13
0 286 5 1
286 45 5 2
45 168 5 1
168 75 5 1
75 164 5 2
164 44 5 1
44 166 5 1
166 167 5 2
167 267 5 1
267 105 5 2
105 13 5 2
13 187 5 2
187 0 5 0
6 8
0 11 6 0
11 268 6 0
268 74 6 0
74 297 6 0
297 94 6 0
94 173 6 0
173 129 6 0
129 0 6 0
7 9
0 60 7 2
60 260 7 2
260 278 7 2
278 170 7 2
170 289 7 2
289 150 7 2
150 127 7 2
127 103 7 2
103 0 7 0
8 18
0 65 8 0
65 40 8 0
40 125 8 0
125 195 8 1
195 33 8 1
33 53 8 1
53 298 8 2
298 285 8 2
285 254 8 1
254 266 8 2
266 149 8 0
149 119 8 0
119 196 8 2
196 290 8 1
290 288 8 2
288 300 8 1
300 174 8 0
174 0 8 0
9 17
0 197 9 1
197 57 9 1
57 161 9 1
161 68 9 2
68 126 9 1
126 282 9 2
282 58 9 2
58 151 9 2
151 178 9 1
178 279 9 2
279 32 9 1
32 252 9 1
252 257 9 1
257 77 9 2
77 276 9 1
276 255 9 1
255 0 9 0
10 5
0 10 10 0
10 100 10 0
100 251 10 0
251 160 10 0
160 0 10 0
11 3
0 256 11 2
256 56 11 2
56 0 11 0
12 1
0 0 12 0
13 14
0 42 13 0
42 104 13 2
104 130 13 0
130 186 13 2
186 185 13 1
185 294 13 2
294 132 13 0
132 120 13 0
120 280 13 0
280 72 13 0
72 51 13 0
51 48 13 1
48 46 13 2
46 0 13 0
14 11
0 299 14 1
299 54 14 1
54 66 14 1
66 292 14 0
292 156 14 1
156 95 14 0
95 27 14 1
27 273 14 1
273 18 14 1
18 158 14 0
158 0 14 0
15 11
0 110 15 1
110 261 15 1
261 138 15 1
138 131 15 1
131 4 15 1
4 71 15 1
71 76 15 0
76 265 15 1
265 73 15 0
73 181 15 1
181 0 15 0
16 1
0 0 16 0
17 1
0 0 17 0
18 18
0 233 18 4
233 50 18 4
50 86 18 4
86 136 18 3
136 106 18 4
106 239 18 3
239 190 18 3
190 63 18 5
63 183 18 4
183 19 18 3
19 214 18 4
214 206 18 3
206 144 18 5
144 253 18 5
253 224 18 4
224 85 18 3
85 287 18 3
287 0 18 0
19 16
0 233 19 5
233 59 19 3
59 297 19 3
297 2 19 4
2 282 19 5
282 279 19 5
279 223 19 3
223 133 19 4
133 203 19 3
203 142 19 4
142 283 19 3
283 30 19 5
30 270 19 4
270 141 19 4
141 258 19 4
258 0 19 0
20 19
0 207 20 3
207 231 20 3
231 211 20 3
211 25 20 5
25 204 20 3
204 70 20 5
70 250 20 3
250 194 20 4
194 37 20 5
37 215 20 4
215 242 20 4
242 177 20 3
177 223 20 4
223 28 20 3
28 203 20 5
203 67 20 5
67 257 20 4
257 276 20 5
276 0 20 0
21 20
0 207 21 5
207 231 21 4
231 211 21 5
211 204 21 4
204 137 21 4
137 193 21 3
193 34 21 5
34 24 21 4
24 291 21 5
291 114 21 5
114 296 21 3
296 180 21 4
180 234 21 3
234 69 21 3
69 228 21 4
228 238 21 4
238 152 21 4
152 265 21 3
265 229 21 3
229 0 21 0
22 16
0 281 22 4
281 97 22 4
97 274 22 5
274 82 22 4
82 219 22 4
219 171 22 5
171 64 22 3
64 212 22 3
212 201 22 5
201 122 22 5
122 165 22 5
165 273 22 4
273 111 22 5
111 213 22 5
213 79 22 3
79 0 22 0
23 9
0 271 23 5
271 84 23 4
84 208 23 3
208 9 23 5
9 224 23 5
224 154 23 5
154 264 23 3
264 101 23 4
101 0 23 0
24 11
0 222 24 3
222 108 24 3
108 286 24 3
286 1 24 4
1 250 24 4
250 128 24 4
128 202 24 4
202 212 24 4
212 201 24 3
201 213 24 4
213 0 24 0
25 15
0 222 25 4
222 284 25 5
284 43 25 4
43 143 25 3
143 182 25 5
182 61 25 4
61 38 25 4
38 242 25 5
242 277 25 3
277 269 25 4
269 252 25 3
252 263 25 3
263 123 25 4
123 255 25 5
255 0 25 0
26 13
0 249 26 3
249 247 26 5
247 245 26 5
245 268 26 5
268 155 26 3
155 239 26 5
239 295 26 3
295 175 26 5
175 214 26 5
214 206 26 4
206 146 26 3
146 29 26 3
29 0 26 0
27 8
0 249 27 4
249 247 27 3
247 245 27 3
245 209 27 4
209 26 27 3
26 226 27 3
226 169 27 4
169 0 27 0
28 18
0 241 28 5
241 49 28 5
49 121 28 3
121 230 28 5
230 216 28 3
216 184 28 5
184 232 28 3
232 237 28 3
237 298 28 3
298 83 28 3
83 294 28 3
294 225 28 3
225 267 28 3
267 234 28 5
234 228 28 5
228 238 28 3
238 246 28 3
246 0 28 0
29 17
0 241 29 4
241 230 29 4
230 216 29 4
216 232 29 4
232 237 29 4
237 217 29 4
217 205 29 5
205 285 29 4
285 254 29 4
254 266 29 5
266 118 29 5
118 47 29 4
47 225 29 5
225 89 29 4
89 280 29 4
280 246 29 4
246 0 29 0
30 8
0 240 30 5
240 275 30 5
275 215 30 5
215 31 30 5
31 176 30 5
176 210 30 3
210 243 30 3
243 0 30 0
31 11
0 293 31 4
293 240 31 4
240 236 31 4
236 244 31 5
244 15 31 4
15 221 31 5
221 148 31 4
148 208 31 5
208 251 31 4
251 52 31 4
52 0 31 0
32 7
0 209 32 5
209 116 32 5
116 14 32 5
14 20 32 3
20 147 32 4
147 226 32 5
226 0 32 0
33 10
0 199 33 5
199 189 33 3
189 8 33 5
8 217 33 5
217 205 33 3
205 290 33 4
290 288 33 5
288 300 33 4
300 39 33 4
39 0 33 0
34 2
0 198 34 4
198 0 34 0
35 10
0 200 35 3
200 7 35 3
7 219 35 5
219 262 35 3
262 227 35 3
227 220 35 5
220 99 35 5
99 157 35 5
157 88 35 5
88 0 35 0
36 7
0 272 36 5
272 261 36 4
261 236 36 5
236 244 36 3
244 221 36 3
221 256 36 5
256 0 36 0
37 11
0 163 37 5
163 218 37 4
218 202 37 5
202 259 37 5
259 3 37 4
3 227 37 4
227 220 37 4
220 35 37 4
35 153 37 5
153 229 37 4
229 0 37 0
38 12
0 299 38 5
299 124 38 3
124 218 38 3
218 278 38 4
278 235 38 3
235 248 38 3
248 96 38 5
96 140 38 5
140 162 38 3
162 191 38 3
191 41 38 5
41 0 38 0
39 9
0 292 39 5
292 260 39 5
260 235 39 4
235 248 39 4
248 289 39 3
289 80 39 5
80 210 39 4
210 243 39 5
243 0 39 0
