# Solution for ../instances-HHCRSP/InstanzVNS_HCSRP_300_3.txt
# Cost = 1546.99 Dist = 4607.11 Tard = 27.4878 TMax = 6.36749
# <vehicle> <route length>
# <origin node> <dest node> <vehicle> <service type>
0 7
0 41 0 1
41 63 0 1
63 188 0 0
188 68 0 0
68 283 0 0
283 159 0 0
159 0 0 0
1 9
0 260 1 0
260 281 1 0
281 285 1 1
285 169 1 1
169 62 1 1
62 266 1 1
266 34 1 0
34 3 1 0
3 0 1 0
2 8
0 293 2 2
293 88 2 2
88 254 2 2
254 299 2 2
299 79 2 2
79 172 2 2
172 72 2 2
72 0 2 0
3 12
0 107 3 1
107 181 3 1
181 179 3 0
179 288 3 1
288 251 3 1
251 184 3 1
184 10 3 1
10 142 3 1
142 133 3 1
133 38 3 0
38 258 3 1
258 0 3 0
4 7
0 147 4 1
147 265 4 1
265 264 4 1
264 165 4 1
165 163 4 1
163 185 4 1
185 0 4 0
5 18
0 271 5 2
271 26 5 1
26 252 5 0
252 59 5 0
59 22 5 0
22 151 5 1
151 171 5 2
171 177 5 2
177 190 5 0
190 112 5 2
112 43 5 2
43 149 5 1
149 155 5 0
155 87 5 2
87 292 5 2
292 126 5 0
126 54 5 1
54 0 5 0
6 18
0 114 6 0
114 111 6 1
111 298 6 0
298 9 6 1
9 33 6 0
33 40 6 1
40 125 6 1
125 122 6 0
122 284 6 1
284 108 6 1
108 191 6 1
191 128 6 0
128 121 6 0
121 178 6 0
178 17 6 0
17 289 6 1
289 60 6 0
60 0 6 0
7 13
0 35 7 2
35 50 7 2
50 143 7 2
143 117 7 0
117 274 7 2
274 282 7 2
282 253 7 0
253 272 7 0
272 277 7 2
277 86 7 2
86 139 7 0
139 76 7 2
76 0 7 0
8 3
0 23 8 1
23 65 8 1
65 0 8 0
9 7
0 296 9 0
296 259 9 0
259 291 9 0
291 91 9 0
91 135 9 0
135 97 9 0
97 0 9 0
10 19
0 280 10 2
280 195 10 2
195 262 10 2
262 286 10 0
286 168 10 2
168 257 10 0
257 6 10 0
6 287 10 0
287 45 10 2
45 47 10 2
47 123 10 1
123 67 10 1
67 137 10 0
137 5 10 0
5 270 10 0
270 130 10 2
130 31 10 2
31 269 10 1
269 0 10 0
11 10
0 290 11 2
290 61 11 2
61 294 11 2
294 89 11 2
89 162 11 2
162 300 11 2
300 140 11 2
140 138 11 2
138 276 11 2
276 0 11 0
12 14
0 2 12 2
2 124 12 2
124 156 12 2
156 1 12 2
1 268 12 2
268 154 12 2
154 69 12 2
69 278 12 0
278 275 12 0
275 193 12 0
193 136 12 2
136 263 12 2
263 256 12 0
256 0 12 0
13 9
0 20 13 1
20 80 13 1
80 164 13 1
164 4 13 1
4 90 13 1
90 273 13 1
273 279 13 1
279 157 13 1
157 0 13 0
14 6
0 118 14 2
118 64 14 2
64 297 14 2
297 295 14 1
295 267 14 1
267 0 14 0
15 2
0 29 15 2
29 0 15 0
16 6
0 261 16 0
261 161 16 0
161 189 16 2
189 166 16 0
166 103 16 2
103 0 16 0
17 4
0 21 17 1
21 255 17 1
255 199 17 1
199 0 17 0
18 13
0 27 18 5
27 222 18 5
222 116 18 3
116 28 18 5
28 294 18 3
294 212 18 3
212 300 18 5
300 95 18 5
95 53 18 3
53 276 18 5
276 148 18 3
148 77 18 5
77 0 18 0
19 15
0 232 19 3
232 221 19 3
221 145 19 5
145 238 19 4
238 216 19 3
216 223 19 3
223 174 19 3
174 51 19 3
51 82 19 5
82 57 19 3
57 52 19 3
52 289 19 4
289 11 19 3
11 170 19 4
170 0 19 0
20 13
0 232 20 4
232 221 20 4
221 44 20 4
44 238 20 5
238 250 20 3
250 247 20 4
247 84 20 3
84 287 20 4
287 270 20 3
270 134 20 4
134 66 20 3
66 204 20 3
204 0 20 0
21 12
0 293 21 5
293 222 21 4
222 288 21 5
288 251 21 3
251 186 21 4
186 268 21 3
268 46 21 4
46 227 21 3
227 244 21 4
244 200 21 4
200 225 21 3
225 0 21 0
22 17
0 198 22 3
198 74 22 3
74 176 22 4
176 132 22 4
132 55 22 3
55 197 22 3
197 7 22 3
7 102 22 4
102 109 22 3
109 284 22 3
284 12 22 4
12 131 22 4
131 8 22 4
8 94 22 4
94 99 22 3
99 234 22 4
234 0 22 0
23 16
0 271 23 5
271 70 23 5
70 252 23 4
252 280 23 4
280 286 23 3
286 257 23 3
257 274 23 3
274 218 23 3
218 249 23 3
249 153 23 3
153 101 23 5
101 228 23 3
228 210 23 3
210 214 23 3
214 224 23 3
224 0 23 0
24 13
0 100 24 4
100 219 24 4
219 42 24 5
42 16 24 4
16 259 24 4
259 217 24 4
217 240 24 3
240 25 24 4
25 220 24 3
220 48 24 5
48 39 24 3
39 203 24 3
203 0 24 0
25 10
0 219 25 5
219 49 25 4
49 24 25 5
24 83 25 4
83 92 25 4
92 187 25 3
187 243 25 3
243 263 25 4
263 256 25 4
256 0 25 0
26 4
0 260 26 5
260 230 26 5
230 30 26 5
30 0 26 0
27 17
0 15 27 3
15 196 27 5
196 127 27 4
127 215 27 4
215 242 27 3
242 282 27 5
282 85 27 4
85 173 27 4
173 75 27 4
75 119 27 3
119 32 27 5
32 273 27 4
273 269 27 4
269 104 27 5
104 141 27 5
141 204 27 5
204 0 27 0
28 12
0 241 28 4
241 208 28 4
208 248 28 4
248 265 28 3
265 213 28 3
213 206 28 3
206 236 28 4
236 180 28 4
180 243 28 5
243 231 28 4
231 207 28 4
207 0 28 0
29 12
0 241 29 5
241 208 29 5
208 254 29 5
254 299 29 5
299 213 29 5
213 206 29 5
206 236 29 3
236 105 29 5
105 81 29 5
81 231 29 5
231 207 29 3
207 0 29 0
30 10
0 281 30 4
281 113 30 4
113 285 30 3
285 129 30 5
129 115 30 3
115 230 30 4
230 278 30 3
278 275 30 3
275 245 30 3
245 0 30 0
31 18
0 205 31 4
205 229 31 4
229 298 31 4
298 110 31 5
110 71 31 5
71 98 31 5
98 182 31 4
182 216 31 5
216 223 31 5
223 183 31 4
183 246 31 4
246 237 31 4
237 202 31 4
202 233 31 4
233 78 31 5
78 292 31 5
292 167 31 4
167 0 31 0
32 15
0 205 32 3
205 229 32 5
229 262 32 3
262 146 32 5
146 250 32 5
250 247 32 5
247 175 32 3
175 246 32 5
246 237 32 3
237 202 32 5
202 233 32 5
233 211 32 3
211 201 32 5
201 279 32 3
279 0 32 0
33 17
0 226 33 3
226 36 33 3
36 96 33 5
96 152 33 4
152 264 33 4
264 215 33 5
215 242 33 4
242 218 33 5
218 249 33 5
249 192 33 4
192 253 33 5
253 272 33 5
272 277 33 3
277 120 33 5
120 106 33 5
106 224 33 5
224 0 33 0
34 12
0 226 34 5
226 158 34 3
158 13 34 5
13 19 34 4
19 266 34 3
266 160 34 5
160 18 34 3
18 194 34 5
194 211 34 4
211 201 34 4
201 234 34 5
234 0 34 0
35 4
0 261 35 4
261 144 35 4
144 245 35 4
245 0 35 0
36 11
0 290 36 3
290 296 36 5
296 248 36 5
248 291 36 5
291 212 36 4
212 73 36 4
73 227 36 4
227 244 36 5
244 258 36 5
258 225 36 4
225 0 36 0
37 9
0 209 37 3
209 235 37 4
235 239 37 3
239 93 37 5
93 297 37 5
297 295 37 4
295 267 37 4
267 150 37 5
150 0 37 0
38 11
0 209 38 5
209 235 38 5
235 239 38 5
239 56 38 4
56 14 38 4
14 58 38 4
58 283 38 5
283 228 38 4
228 210 38 5
210 214 38 5
214 0 38 0
39 7
0 255 39 5
255 217 39 5
217 240 39 5
240 220 39 4
220 37 39 3
37 203 39 4
203 0 39 0
