# Solution for ../instances-HHCRSP/InstanzVNS_HCSRP_100_4.txt
# Cost = 748.592 Dist = 2237.45 Tard = 4.68768 TMax = 3.63885
# <vehicle> <route length>
# <origin node> <dest node> <vehicle> <service type>
0 9
0 15 0 2
15 69 0 0
69 92 0 2
92 39 0 0
39 50 0 0
50 44 0 0
44 16 0 0
16 18 0 0
18 0 0 0
1 4
0 97 1 0
97 94 1 0
94 33 1 0
33 0 1 0
2 3
0 91 2 0
91 9 2 0
9 0 2 0
3 10
0 13 3 2
13 90 3 0
90 20 3 0
20 1 3 2
1 62 3 0
62 41 3 0
41 56 3 2
56 64 3 0
64 11 3 2
11 0 3 0
4 11
0 40 4 1
40 55 4 1
55 88 4 1
88 99 4 1
99 12 4 2
12 10 4 1
10 63 4 0
63 95 4 2
95 36 4 1
36 17 4 1
17 0 4 0
5 5
0 24 5 1
24 98 5 1
98 86 5 1
86 65 5 1
65 0 5 0
6 13
0 47 6 2
47 14 6 2
14 51 6 2
51 7 6 1
7 54 6 0
54 87 6 2
87 25 6 1
25 93 6 2
93 34 6 2
34 89 6 0
89 96 6 1
96 100 6 1
100 0 6 0
7 10
0 90 7 3
90 49 7 4
49 31 7 4
31 68 7 3
68 60 7 4
60 72 7 3
72 78 7 4
78 35 7 3
35 89 7 3
89 0 7 0
8 13
0 48 8 5
48 58 8 3
58 82 8 3
82 77 8 3
77 59 8 4
59 84 8 3
84 43 8 5
43 46 8 4
46 5 8 3
5 75 8 5
75 2 8 4
2 79 8 5
79 0 8 0
9 10
0 38 9 5
38 82 9 4
82 77 9 5
77 84 9 5
84 27 9 3
27 80 9 3
80 98 9 3
98 19 9 4
19 86 9 5
86 0 9 0
10 6
0 30 10 5
30 92 10 5
92 21 10 5
21 53 10 5
53 29 10 5
29 0 10 0
11 4
0 37 11 4
37 76 11 4
76 91 11 5
91 0 11 0
12 12
0 71 12 4
71 74 12 3
74 32 12 3
32 23 12 4
23 88 12 3
88 83 12 3
83 73 12 3
73 85 12 4
85 61 12 4
61 99 12 4
99 100 12 4
100 0 12 0
13 3
0 4 13 4
4 8 13 4
8 0 13 0
14 6
0 6 14 3
6 28 14 3
28 81 14 4
81 75 14 4
75 79 14 4
79 0 14 0
15 12
0 71 15 5
71 74 15 4
74 66 15 3
66 45 15 3
45 83 15 4
83 73 15 5
73 85 15 5
85 72 15 5
72 78 15 5
78 96 15 4
96 3 15 3
3 0 15 0
16 3
0 97 16 3
97 94 16 5
94 0 16 0
17 11
0 52 17 5
52 42 17 4
42 80 17 4
80 22 17 5
22 81 17 5
81 87 17 5
87 57 17 4
57 26 17 3
26 95 17 3
95 67 17 3
67 0 17 0
18 1
0 0 18 0
19 4
0 76 19 3
76 93 19 4
93 70 19 5
70 0 19 0
