# Solution for ../instances-HHCRSP/InstanzVNS_HCSRP_300_7.txt
# Cost = 1659.29 Dist = 4966.36 Tard = 9.45295 TMax = 2.06659
# <vehicle> <route length>
# <origin node> <dest node> <vehicle> <service type>
0 12
0 53 0 0
53 82 0 0
82 124 0 1
124 261 0 1
261 102 0 0
102 165 0 0
165 170 0 0
170 15 0 1
15 151 0 1
151 29 0 0
29 106 0 1
106 0 0 0
1 10
0 114 1 0
114 90 1 2
90 150 1 2
150 10 1 0
10 36 1 2
36 285 1 2
285 291 1 0
291 269 1 2
269 86 1 2
86 0 1 0
2 19
0 258 2 1
258 38 2 0
38 189 2 0
189 145 2 1
145 275 2 0
275 51 2 0
51 108 2 0
108 80 2 2
80 296 2 1
296 14 2 1
14 68 2 1
68 155 2 1
155 79 2 1
79 253 2 0
253 26 2 2
26 85 2 1
85 298 2 1
298 134 2 2
134 0 2 0
3 7
0 260 3 2
260 191 3 2
191 188 3 2
188 288 3 2
288 130 3 2
130 152 3 2
152 0 3 0
4 7
0 100 4 1
100 113 4 1
113 129 4 1
129 164 4 1
164 287 4 1
287 175 4 1
175 0 4 0
5 8
0 254 5 2
254 279 5 2
279 284 5 1
284 172 5 1
172 78 5 1
78 272 5 1
272 264 5 2
264 0 5 0
6 13
0 72 6 0
72 266 6 1
266 268 6 1
268 101 6 0
101 259 6 0
259 158 6 1
158 197 6 1
197 186 6 0
186 63 6 0
63 156 6 0
156 13 6 0
13 76 6 0
76 0 6 0
7 13
0 18 7 0
18 141 7 1
141 99 7 1
99 97 7 0
97 93 7 1
93 45 7 1
45 257 7 0
257 185 7 0
185 274 7 0
274 33 7 1
33 190 7 1
190 39 7 0
39 0 7 0
8 15
0 278 8 2
278 270 8 0
270 290 8 2
290 286 8 0
286 25 8 2
25 59 8 0
59 293 8 0
293 67 8 2
67 127 8 0
127 169 8 2
169 161 8 0
161 9 8 0
9 163 8 2
163 12 8 0
12 0 8 0
9 17
0 65 9 2
65 11 9 0
11 42 9 2
42 252 9 2
252 143 9 0
143 2 9 2
2 262 9 1
262 105 9 1
105 193 9 2
193 281 9 2
281 40 9 2
40 297 9 1
297 295 9 0
295 57 9 0
57 294 9 2
294 251 9 2
251 0 9 0
10 4
0 265 10 2
265 136 10 2
136 300 10 2
300 0 10 0
11 20
0 50 11 0
50 282 11 1
282 24 11 1
24 280 11 1
280 196 11 1
196 289 11 2
289 77 11 0
77 256 11 2
256 273 11 2
273 148 11 0
148 147 11 0
147 255 11 1
255 115 11 2
115 277 11 0
277 149 11 2
149 182 11 0
182 174 11 1
174 46 11 1
46 271 11 0
271 0 11 0
12 1
0 0 12 0
13 4
0 183 13 1
183 263 13 1
263 176 13 1
176 0 13 0
14 13
0 192 14 0
192 131 14 2
131 267 14 1
267 64 14 1
64 75 14 2
75 283 14 1
283 140 14 0
140 276 14 2
276 187 14 0
187 22 14 2
22 299 14 2
299 54 14 2
54 0 14 0
15 3
0 146 15 1
146 292 15 0
292 0 15 0
16 1
0 0 16 0
17 1
0 0 17 0
18 18
0 237 18 3
237 202 18 3
202 222 18 3
222 31 18 3
31 210 18 3
210 275 18 4
275 217 18 3
217 203 18 3
203 52 18 3
52 116 18 5
116 242 18 3
242 55 18 4
55 277 18 3
277 230 18 3
230 125 18 5
125 107 18 5
107 243 18 4
243 0 18 0
19 9
0 23 19 3
23 73 19 3
73 58 19 3
58 43 19 3
43 213 19 3
213 241 19 3
241 66 19 3
66 257 19 3
257 0 19 0
20 14
0 237 20 4
237 202 20 4
202 222 20 5
222 210 20 4
210 217 20 5
217 203 20 5
203 91 20 4
91 256 20 4
256 273 20 4
273 242 20 4
242 249 20 5
249 218 20 5
218 271 20 4
271 0 20 0
21 20
0 211 21 4
211 208 21 3
208 258 21 3
258 240 21 4
240 95 21 4
95 233 21 3
233 207 21 3
207 119 21 5
119 32 21 3
32 118 21 4
118 120 21 3
120 128 21 3
128 272 21 4
272 117 21 5
117 16 21 4
16 230 21 4
230 30 21 5
30 264 21 4
264 112 21 5
112 0 21 0
22 21
0 211 22 5
211 208 22 4
208 240 22 5
240 233 22 5
233 207 22 4
207 280 22 3
280 289 22 3
289 166 22 3
166 194 22 5
194 41 22 5
41 205 22 5
205 234 22 3
234 228 22 3
228 247 22 3
247 255 22 5
255 244 22 4
244 253 22 4
253 236 22 4
236 294 22 4
294 251 22 5
251 0 22 0
23 15
0 139 23 5
139 265 23 5
265 216 23 4
216 213 23 4
213 300 23 5
300 138 23 4
138 241 23 5
241 181 23 4
181 6 23 4
6 37 23 4
37 184 23 4
184 220 23 5
220 214 23 5
214 287 23 4
287 0 23 0
24 15
0 260 24 5
260 34 24 3
34 206 24 3
206 235 24 3
235 84 24 4
84 89 24 5
89 288 24 5
288 225 24 4
225 239 24 4
239 144 24 3
144 215 24 3
215 224 24 4
224 226 24 4
226 199 24 5
199 0 24 0
25 4
0 254 25 3
254 223 25 3
223 19 25 3
19 0 25 0
26 16
0 206 26 4
206 235 26 4
235 49 26 4
49 35 26 3
35 104 26 4
104 248 26 4
248 74 26 4
74 225 26 5
225 239 26 5
239 159 26 5
159 259 26 3
259 61 26 4
61 122 26 3
122 179 26 3
179 173 26 5
173 0 26 0
27 18
0 81 27 4
81 133 27 3
133 278 27 3
278 20 27 3
20 231 27 4
231 137 27 4
137 290 27 3
290 286 27 3
286 28 27 4
28 142 27 4
142 221 27 4
221 245 27 4
245 274 27 4
274 285 27 5
285 132 27 3
132 220 27 3
220 214 27 3
214 0 27 0
28 12
0 232 28 3
232 200 28 4
200 135 28 5
135 198 28 3
198 246 28 4
246 238 28 3
238 180 28 5
180 83 28 3
83 291 28 3
291 269 28 4
269 201 28 3
201 0 28 0
29 13
0 56 29 4
56 219 29 4
219 252 29 4
252 1 29 4
1 205 29 4
205 234 29 4
234 228 29 4
228 247 29 4
247 71 29 4
71 7 29 4
7 249 29 4
249 218 29 3
218 0 29 0
30 12
0 232 30 5
232 157 30 3
157 270 30 5
270 231 30 3
231 162 30 5
162 293 30 3
293 221 30 3
221 245 30 5
245 103 30 3
103 44 30 3
44 204 30 3
204 0 30 0
31 14
0 266 31 5
266 178 31 5
178 219 31 5
219 262 31 5
262 70 31 5
70 281 31 5
281 62 31 3
62 296 31 3
296 88 31 3
88 96 31 5
96 209 31 3
209 111 31 4
111 236 31 5
236 0 31 0
32 11
0 98 32 3
98 123 32 3
123 261 32 4
261 154 32 3
154 92 32 4
92 212 32 4
212 60 32 3
60 250 32 3
250 292 32 3
292 48 32 3
48 0 32 0
33 7
0 121 33 3
121 160 33 3
160 5 33 4
5 246 33 5
246 238 33 5
238 201 33 4
201 0 33 0
34 18
0 282 34 3
282 168 34 5
168 3 34 3
3 21 34 4
21 109 34 4
109 268 34 5
268 248 34 5
248 69 34 5
69 8 34 5
8 297 34 5
297 295 34 4
295 209 34 5
209 126 34 3
126 244 34 5
244 177 34 3
177 94 34 3
94 298 34 4
298 0 34 0
35 8
0 223 35 4
223 4 35 4
4 267 35 4
267 229 35 4
229 283 35 5
283 87 35 4
87 243 35 5
243 0 35 0
36 12
0 279 36 5
279 284 36 4
284 229 36 5
229 276 36 3
276 167 36 5
167 263 36 4
263 27 36 3
27 215 36 4
215 224 36 5
224 226 36 5
226 47 36 4
47 0 36 0
37 9
0 216 37 5
216 171 37 5
171 195 37 3
195 110 37 3
110 212 37 3
212 17 37 3
17 299 37 5
299 204 37 5
204 0 37 0
38 3
0 153 38 4
153 227 38 4
227 0 38 0
39 3
0 250 39 5
250 227 39 5
227 0 39 0
