# Solution for ../instances-HHCRSP/InstanzCPLEX_HCSRP_75_6.txt
# Cost = 751.72 Dist = 2251.38 Tard = 1.88914 TMax = 1.88914
# <vehicle> <route length>
# <origin node> <dest node> <vehicle> <service type>
0 14
0 67 0 1
67 65 0 1
65 13 0 0
13 74 0 0
74 20 0 2
20 33 0 0
33 19 0 1
19 40 0 2
40 15 0 1
15 23 0 1
23 24 0 1
24 73 0 1
73 1 0 1
1 0 0 0
1 3
0 22 1 2
22 30 1 2
30 0 1 0
2 9
0 16 2 0
16 4 2 0
4 18 2 0
18 2 2 0
2 44 2 0
44 41 2 0
41 68 2 2
68 70 2 0
70 0 2 0
3 7
0 25 3 2
25 66 3 2
66 51 3 2
51 3 3 2
3 47 3 2
47 12 3 2
12 0 3 0
4 11
0 5 4 1
5 36 4 1
36 43 4 1
43 31 4 2
31 64 4 1
64 26 4 0
26 71 4 0
71 72 4 2
72 69 4 2
69 75 4 1
75 0 4 0
5 5
0 67 5 3
67 66 5 3
66 62 5 5
62 34 5 5
34 0 5 0
6 12
0 60 6 4
60 65 6 5
65 27 6 4
27 55 6 3
55 52 6 3
52 46 6 4
46 53 6 3
53 61 6 4
61 73 6 4
73 38 6 5
38 29 6 3
29 0 6 0
7 9
0 60 7 5
60 48 7 4
48 11 7 4
11 74 7 3
74 17 7 5
17 53 7 4
53 61 7 5
61 58 7 3
58 0 7 0
8 8
0 7 8 5
7 8 8 4
8 55 8 4
55 9 8 4
9 21 8 3
21 28 8 5
28 58 8 5
58 0 8 0
9 8
0 45 9 5
45 39 9 5
39 6 9 5
6 64 9 3
64 32 9 4
32 10 9 5
10 57 9 5
57 0 9 0
10 6
0 54 10 4
54 50 10 3
50 63 10 4
63 59 10 4
59 57 10 3
57 0 10 0
11 4
0 49 11 4
49 37 11 4
37 42 11 4
42 0 11 0
12 8
0 54 12 5
54 35 12 5
35 62 12 4
62 71 12 4
71 72 12 4
72 69 12 4
69 14 12 3
14 0 12 0
13 6
0 56 13 4
56 63 13 5
63 59 13 5
59 68 13 5
68 70 13 5
70 0 13 0
14 3
0 56 14 5
56 75 14 4
75 0 14 0
