# Solution for ../instances-HHCRSP/InstanzVNS_HCSRP_300_6.txt
# Cost = 1787.19 Dist = 5359.43 Tard = 1.19574 TMax = 0.9531
# <vehicle> <route length>
# <origin node> <dest node> <vehicle> <service type>
0 15
0 66 0 0
66 33 0 0
33 271 0 0
271 158 0 1
158 256 0 1
256 292 0 1
292 61 0 1
61 288 0 1
288 174 0 1
174 126 0 1
126 80 0 1
80 297 0 1
297 253 0 1
253 109 0 0
109 0 0 0
1 7
0 122 1 1
122 193 1 1
193 269 1 1
269 182 1 1
182 264 1 1
264 147 1 1
147 0 1 0
2 17
0 60 2 2
60 144 2 2
144 134 2 0
134 3 2 2
3 276 2 2
276 287 2 2
287 53 2 1
53 47 2 2
47 94 2 0
94 24 2 1
24 251 2 2
251 73 2 2
73 12 2 2
12 172 2 1
172 114 2 0
114 113 2 0
113 0 2 0
3 16
0 282 3 2
282 67 3 2
67 97 3 2
97 255 3 2
255 285 3 1
285 265 3 2
265 177 3 1
177 129 3 2
129 104 3 1
104 19 3 1
19 289 3 1
289 261 3 1
261 180 3 2
180 257 3 1
257 79 3 2
79 0 3 0
4 9
0 290 4 0
290 5 4 1
5 151 4 0
151 291 4 0
291 26 4 0
26 280 4 0
280 199 4 0
199 286 4 0
286 0 4 0
5 12
0 283 5 0
283 16 5 0
16 284 5 0
284 36 5 1
36 2 5 0
2 136 5 0
136 77 5 0
77 78 5 0
78 72 5 0
72 273 5 1
273 76 5 1
76 0 5 0
6 8
0 30 6 2
30 143 6 2
143 299 6 2
299 92 6 2
92 300 6 2
300 116 6 2
116 181 6 2
181 0 6 0
7 11
0 139 7 2
139 22 7 2
22 124 7 2
124 133 7 2
133 119 7 2
119 64 7 2
64 197 7 2
197 187 7 2
187 156 7 2
156 294 7 2
294 0 7 0
8 4
0 159 8 1
159 111 8 1
111 121 8 1
121 0 8 0
9 17
0 165 9 0
165 279 9 1
279 20 9 2
20 258 9 0
258 173 9 0
173 252 9 1
252 188 9 1
188 262 9 0
262 268 9 1
268 278 9 1
278 1 9 1
1 168 9 2
168 58 9 1
58 266 9 2
266 150 9 2
150 191 9 1
191 0 9 0
10 11
0 198 10 0
198 4 10 0
4 13 10 0
13 157 10 0
157 275 10 1
275 127 10 1
127 190 10 0
190 23 10 1
23 106 10 1
106 254 10 0
254 0 10 0
11 9
0 31 11 2
31 25 11 2
25 82 11 2
82 184 11 2
184 128 11 2
128 296 11 2
296 98 11 2
98 99 11 2
99 0 11 0
12 13
0 43 12 1
43 183 12 1
183 95 12 1
95 51 12 2
51 18 12 0
18 103 12 0
103 295 12 0
295 277 12 1
277 40 12 2
40 189 12 0
189 267 12 2
267 15 12 1
15 0 12 0
13 10
0 131 13 0
131 281 13 1
281 90 13 0
90 260 13 0
260 298 13 1
298 259 13 0
259 293 13 1
293 274 13 1
274 272 13 0
272 0 13 0
14 4
0 44 14 0
44 132 14 0
132 161 14 0
161 0 14 0
15 2
0 85 15 1
85 0 15 0
16 5
0 59 16 1
59 112 16 1
112 263 16 1
263 270 16 1
270 0 16 0
17 3
0 41 17 0
41 142 17 0
142 0 17 0
18 14
0 50 18 3
50 56 18 5
56 283 18 5
283 54 18 3
54 284 18 5
284 233 18 5
233 299 18 3
299 34 18 5
34 240 18 3
240 217 18 5
217 245 18 3
245 300 18 4
300 263 18 4
263 0 18 0
19 16
0 195 19 4
195 207 19 3
207 216 19 4
216 276 19 3
276 242 19 3
242 46 19 4
46 244 19 3
244 155 19 5
155 239 19 4
239 196 19 4
196 38 19 5
38 251 19 3
251 176 19 5
176 267 19 4
267 110 19 3
110 0 19 0
20 12
0 207 20 5
207 216 20 5
216 48 20 4
48 242 20 5
242 287 20 5
287 248 20 4
248 108 20 4
108 28 20 5
28 206 20 4
206 229 20 3
229 102 20 5
102 0 20 0
21 16
0 231 21 3
231 204 21 4
204 214 21 3
214 228 21 3
228 145 21 3
145 52 21 3
52 271 21 5
271 244 21 4
244 241 21 3
241 87 21 5
87 262 21 3
262 268 21 3
268 29 21 3
29 278 21 4
278 266 21 5
266 0 21 0
22 17
0 231 22 5
231 204 22 5
204 214 22 5
214 228 22 5
228 269 22 4
269 62 22 4
62 264 22 3
264 9 22 4
9 235 22 3
235 185 22 5
185 69 22 3
69 125 22 3
125 117 22 4
117 169 22 4
169 115 22 5
115 14 22 3
14 0 22 0
23 13
0 290 23 5
290 86 23 5
86 6 23 5
6 37 23 4
37 243 23 3
243 291 23 3
291 162 23 5
162 296 23 5
296 235 23 4
235 170 23 5
170 175 23 3
175 226 23 3
226 0 23 0
24 11
0 238 24 3
238 55 24 4
55 27 24 4
27 279 24 3
279 200 24 4
200 241 24 4
241 149 24 4
149 289 24 4
289 261 24 4
261 257 24 4
257 0 24 0
25 17
0 238 25 4
238 282 25 5
282 88 25 4
88 93 25 5
93 65 25 3
65 17 25 5
17 153 25 5
153 100 25 4
100 275 25 5
275 248 25 5
248 239 25 5
239 163 25 5
163 229 25 4
229 230 25 3
230 135 25 4
135 254 25 3
254 0 25 0
26 13
0 178 26 4
178 202 26 3
202 154 26 3
154 215 26 4
215 8 26 4
8 21 26 3
21 265 26 3
265 221 26 3
221 118 26 4
118 213 26 4
213 42 26 4
42 70 26 3
70 0 26 0
27 10
0 202 27 4
202 215 27 5
215 71 27 5
71 295 27 4
295 277 27 5
277 206 27 5
206 230 27 4
230 166 27 5
166 123 27 3
123 0 27 0
28 19
0 171 28 5
171 249 28 3
249 152 28 5
152 192 28 3
192 258 28 3
258 89 28 4
89 138 28 3
138 186 28 5
186 252 28 5
252 292 28 3
292 219 28 3
219 211 28 3
211 288 28 4
288 101 28 3
101 218 28 3
218 236 28 3
236 247 28 3
247 297 28 3
297 0 28 0
29 14
0 249 29 5
249 11 29 4
11 74 29 5
74 141 29 5
141 84 29 5
84 107 29 4
107 256 29 5
256 219 29 4
219 211 29 5
211 218 29 4
218 236 29 5
236 247 29 4
247 253 29 4
253 0 29 0
30 11
0 35 30 5
35 7 30 5
7 148 30 4
148 137 30 5
137 91 30 4
91 194 30 5
194 243 30 4
243 280 30 4
280 120 30 5
120 226 30 4
226 0 30 0
31 14
0 208 31 3
208 209 31 3
209 250 31 3
250 255 31 3
255 285 31 4
285 232 31 3
232 223 31 4
223 105 31 5
105 32 31 4
32 130 31 3
130 227 31 4
227 225 31 3
225 224 31 3
224 0 31 0
32 11
0 208 32 5
208 209 32 5
209 250 32 4
250 140 32 5
140 232 32 4
232 223 32 5
223 221 32 5
221 273 32 3
273 213 32 5
213 270 32 5
270 0 32 0
33 16
0 39 33 5
39 49 33 4
49 45 33 5
45 210 33 3
210 83 33 4
83 146 33 3
146 203 33 4
203 298 33 3
298 222 33 3
222 220 33 4
220 81 33 4
81 179 33 5
179 272 33 4
272 201 33 3
201 96 33 3
96 0 33 0
34 12
0 246 34 3
246 281 34 5
281 210 34 4
210 68 34 5
68 260 34 3
260 203 34 5
203 259 34 5
259 293 34 4
293 274 34 5
274 286 34 5
286 201 34 4
201 0 34 0
35 7
0 246 35 5
246 167 35 4
167 205 35 4
205 237 35 4
237 164 35 3
164 10 35 5
10 0 35 0
36 7
0 234 36 4
234 63 36 3
63 233 36 4
233 240 36 4
240 217 36 4
217 245 36 4
245 0 36 0
37 2
0 212 37 4
212 0 37 0
38 8
0 234 38 5
234 205 38 5
205 237 38 5
237 222 38 5
222 220 38 5
220 75 38 4
75 294 38 3
294 0 38 0
39 7
0 212 39 5
212 160 39 5
160 57 39 3
57 227 39 5
227 225 39 4
225 224 39 5
224 0 39 0
