# Solution for ../instances-HHCRSP/InstanzCPLEX_HCSRP_75_8.txt
# Cost = 688.544 Dist = 2058.58 Tard = 4.593 TMax = 2.4583
# <vehicle> <route length>
# <origin node> <dest node> <vehicle> <service type>
0 11
0 42 0 0
42 40 0 0
40 65 0 0
65 45 0 2
45 70 0 2
70 64 0 0
64 13 0 2
13 51 0 0
51 73 0 2
73 16 0 0
16 0 0 0
1 13
0 68 1 1
68 17 1 0
17 21 1 0
21 36 1 1
36 74 1 1
74 4 1 1
4 32 1 1
32 67 1 1
67 5 1 0
5 71 1 0
71 27 1 1
27 18 1 1
18 0 1 0
2 4
0 10 2 0
10 11 2 0
11 66 2 0
66 0 2 0
3 9
0 33 3 1
33 22 3 1
22 75 3 2
75 44 3 1
44 48 3 1
48 72 3 1
72 46 3 2
46 69 3 2
69 0 3 0
4 4
0 23 4 2
23 6 4 2
6 12 4 2
12 0 4 0
5 12
0 60 5 3
60 61 5 3
61 55 5 3
55 24 5 4
24 64 5 4
64 53 5 3
53 47 5 4
47 39 5 4
39 72 5 3
72 69 5 4
69 35 5 4
35 0 5 0
6 13
0 49 6 5
49 8 6 5
8 25 6 5
25 65 6 4
65 1 6 4
1 54 6 4
54 56 6 3
56 58 6 3
58 37 6 5
37 62 6 3
62 3 6 4
3 73 6 3
73 0 6 0
7 8
0 60 7 4
60 61 7 4
61 70 7 3
70 38 7 4
38 58 7 4
58 41 7 5
41 31 7 5
31 0 7 0
8 12
0 57 8 3
57 59 8 3
59 68 8 3
68 50 8 4
50 14 8 5
14 63 8 3
63 26 8 3
26 20 8 3
20 19 8 3
19 30 8 5
30 9 8 5
9 0 8 0
9 6
0 57 9 5
57 59 9 5
59 63 9 5
63 74 9 5
74 29 9 3
29 0 9 0
10 8
0 7 10 3
7 55 10 5
55 75 10 5
75 53 10 5
53 34 10 5
34 62 10 5
62 71 10 5
71 0 10 0
11 7
0 43 11 4
43 54 11 5
54 56 11 4
56 67 11 5
67 2 11 4
2 52 11 4
52 0 11 0
12 2
0 15 12 4
15 0 12 0
13 3
0 66 13 4
66 28 13 3
28 0 13 0
14 1
0 0 14 0
