# Solution for ../instances-HHCRSP/InstanzVNS_HCSRP_300_9.txt
# Cost = 1982.8 Dist = 5929.79 Tard = 13.3067 TMax = 5.3211
# <vehicle> <route length>
# <origin node> <dest node> <vehicle> <service type>
0 13
0 82 0 1
82 274 0 1
274 294 0 1
294 85 0 1
85 61 0 0
61 254 0 1
254 26 0 0
26 152 0 1
152 105 0 1
105 292 0 1
292 141 0 0
141 278 0 0
278 0 0 0
1 7
0 97 1 1
97 98 1 1
98 277 1 1
277 180 1 1
180 143 1 1
143 135 1 1
135 0 1 0
2 7
0 287 2 0
287 56 2 0
56 283 2 0
283 257 2 0
257 69 2 0
69 187 2 0
187 0 2 0
3 14
0 4 3 1
4 297 3 0
297 79 3 0
79 27 3 0
27 9 3 1
9 195 3 0
195 30 3 1
30 20 3 0
20 122 3 1
122 183 3 0
183 293 3 1
293 174 3 0
174 172 3 1
172 0 3 0
4 6
0 298 4 0
298 284 4 0
284 151 4 0
151 53 4 0
53 140 4 0
140 0 4 0
5 13
0 272 5 2
272 166 5 0
166 262 5 2
262 162 5 0
162 299 5 0
299 84 5 2
84 139 5 2
139 8 5 0
8 77 5 2
77 191 5 2
191 45 5 2
45 267 5 0
267 0 5 0
6 4
0 268 6 0
268 194 6 0
194 31 6 0
31 0 6 0
7 12
0 269 7 1
269 177 7 0
177 275 7 0
275 295 7 0
295 33 7 0
33 265 7 1
265 252 7 1
252 125 7 1
125 291 7 0
291 258 7 0
258 261 7 0
261 0 7 0
8 3
0 43 8 0
43 273 8 0
273 0 8 0
9 15
0 280 9 2
280 36 9 2
36 281 9 1
281 11 9 2
11 255 9 1
255 178 9 2
178 300 9 2
300 18 9 2
18 72 9 2
72 193 9 2
193 86 9 1
86 137 9 1
137 276 9 2
276 112 9 2
112 0 9 0
10 12
0 64 10 2
64 54 10 1
54 117 10 1
117 47 10 2
47 1 10 1
1 124 10 2
124 259 10 2
259 111 10 2
111 74 10 1
74 148 10 1
148 138 10 1
138 0 10 0
11 12
0 185 11 2
185 59 11 2
59 101 11 1
101 23 11 2
23 142 11 1
142 96 11 1
96 256 11 2
256 126 11 2
126 285 11 2
285 290 11 2
290 157 11 2
157 0 11 0
12 4
0 71 12 0
71 73 12 0
73 32 12 0
32 0 12 0
13 13
0 89 13 1
89 50 13 1
50 161 13 1
161 147 13 0
147 264 13 0
264 83 13 0
83 286 13 0
286 134 13 1
134 144 13 0
144 78 13 1
78 21 13 1
21 176 13 0
176 0 13 0
14 15
0 116 14 2
116 81 14 0
81 87 14 2
87 90 14 0
90 123 14 0
123 80 14 0
80 182 14 2
182 58 14 2
58 186 14 2
186 127 14 2
127 184 14 0
184 296 14 2
296 251 14 0
251 55 14 0
55 0 14 0
15 9
0 35 15 2
35 146 15 2
146 95 15 2
95 150 15 2
150 158 15 2
158 260 15 2
260 188 15 2
188 57 15 2
57 0 15 0
16 8
0 42 16 2
42 16 16 2
16 288 16 2
288 279 16 2
279 28 16 2
28 169 16 2
169 44 16 2
44 0 16 0
17 12
0 289 17 1
289 282 17 2
282 263 17 1
263 10 17 1
10 266 17 2
266 271 17 2
271 270 17 2
270 197 17 2
197 253 17 2
253 60 17 2
60 93 17 2
93 0 17 0
18 14
0 274 18 5
274 128 18 5
128 294 18 3
294 109 18 3
109 103 18 5
103 203 18 4
203 249 18 4
249 254 18 3
254 29 18 3
29 236 18 3
236 292 18 5
292 293 18 5
293 278 18 4
278 0 18 0
19 15
0 272 19 5
272 231 19 3
231 22 19 4
22 281 19 4
281 242 19 4
242 255 19 5
255 264 19 4
264 210 19 3
210 221 19 3
221 212 19 4
212 245 19 3
245 167 19 4
167 233 19 3
233 276 19 3
276 0 19 0
20 14
0 231 20 5
231 155 20 4
155 297 20 3
297 106 20 3
106 75 20 5
75 132 20 3
132 168 20 3
168 175 20 3
175 19 20 5
19 62 20 3
62 300 20 5
300 245 20 4
245 267 20 5
267 0 20 0
21 14
0 223 21 3
223 262 21 5
262 67 21 5
67 220 21 5
220 208 21 5
208 225 21 3
225 232 21 3
232 257 21 3
257 237 21 3
237 247 21 3
247 40 21 5
40 230 21 3
230 235 21 3
235 0 21 0
22 13
0 223 22 5
223 287 22 5
287 280 22 4
280 12 22 4
12 242 22 5
242 201 22 4
201 70 22 5
70 221 22 4
221 212 22 5
212 24 22 4
24 92 22 4
92 233 22 4
233 0 22 0
23 18
0 269 23 3
269 52 23 4
52 113 23 3
113 107 23 5
107 76 23 3
76 206 23 4
206 248 23 4
248 205 23 3
205 38 23 3
38 283 23 4
283 259 23 4
259 15 23 5
15 247 23 5
247 291 23 5
291 118 23 3
118 258 23 4
258 261 23 5
261 0 23 0
24 12
0 49 24 5
49 239 24 5
239 228 24 3
228 5 24 5
5 288 24 5
288 17 24 5
17 203 24 3
203 249 24 5
249 65 24 5
65 171 24 5
171 159 24 5
159 0 24 0
25 14
0 217 25 4
217 298 25 5
298 91 25 3
91 154 25 5
154 275 25 3
275 206 25 5
206 295 25 3
295 265 25 3
265 252 25 5
252 102 25 3
102 94 25 4
94 285 25 3
285 290 25 3
290 0 25 0
26 16
0 217 26 5
217 192 26 3
192 227 26 4
227 226 26 3
226 216 26 3
216 229 26 3
229 6 26 3
6 201 26 3
201 286 26 5
286 160 26 4
160 200 26 3
200 88 26 4
88 136 26 3
136 213 26 3
213 260 26 4
260 0 26 0
27 8
0 243 27 5
243 165 27 5
165 234 27 3
234 100 27 5
100 7 27 5
7 263 27 3
263 219 27 3
219 0 27 0
28 17
0 268 28 4
268 239 28 4
239 228 28 5
228 164 28 4
164 66 28 3
66 211 28 3
211 48 28 5
48 248 28 5
248 205 28 4
205 115 28 3
115 209 28 3
209 129 28 5
129 37 28 5
37 230 28 5
230 235 28 4
235 51 28 4
51 0 28 0
29 17
0 243 29 4
243 234 29 4
234 99 29 4
99 25 29 5
25 120 29 4
120 224 29 3
224 284 29 5
284 218 29 3
218 153 29 5
153 46 29 5
46 181 29 3
181 215 29 3
215 270 29 3
270 253 29 3
253 14 29 4
14 219 29 5
219 0 29 0
30 7
0 246 30 4
246 282 30 4
282 222 30 3
222 114 30 4
114 149 30 4
149 207 30 3
207 0 30 0
31 16
0 227 31 5
227 226 31 5
226 216 31 5
216 229 31 5
229 173 31 4
173 299 31 3
299 220 31 4
220 208 31 4
208 225 31 4
225 232 31 4
232 190 31 4
190 237 31 5
237 13 31 4
13 296 31 4
296 251 31 5
251 0 31 0
32 4
0 246 32 5
246 222 32 5
222 207 32 4
207 0 32 0
33 12
0 170 33 3
170 214 33 3
214 156 33 3
156 133 33 3
133 224 33 5
224 218 33 5
218 266 33 3
266 271 33 5
271 244 33 3
244 240 33 5
240 241 33 3
241 0 33 0
34 8
0 130 34 4
130 2 34 4
2 163 34 4
163 211 34 5
211 209 34 4
209 279 34 4
279 236 34 4
236 0 34 0
35 12
0 145 35 4
145 104 35 4
104 179 35 5
179 110 35 3
110 63 35 4
63 68 35 4
68 196 35 5
196 119 35 3
119 210 35 4
210 131 35 5
131 213 35 5
213 0 35 0
36 13
0 214 36 5
214 34 36 4
34 189 36 3
189 39 36 3
39 277 36 3
277 3 36 4
3 199 36 3
199 215 36 5
215 198 36 5
198 244 36 5
244 240 36 4
240 241 36 5
241 0 36 0
37 9
0 238 37 3
238 289 37 5
289 273 37 3
273 202 37 4
202 204 37 3
204 41 37 4
41 121 37 4
121 256 37 3
256 0 37 0
38 4
0 238 38 4
238 108 38 5
108 250 38 5
250 0 38 0
39 4
0 202 39 5
202 204 39 5
204 250 39 3
250 0 39 0
