# Solution for ../instances-HHCRSP/InstanzVNS_HCSRP_200_2.txt
# Cost = 1396.94 Dist = 4178 Tard = 8.81272 TMax = 4
# <vehicle> <route length>
# <origin node> <dest node> <vehicle> <service type>
0 14
0 198 0 0
198 26 0 0
26 172 0 1
172 182 0 0
182 91 0 0
91 181 0 1
181 171 0 1
171 196 0 0
196 2 0 0
2 45 0 0
45 113 0 1
113 56 0 1
56 195 0 1
195 0 0 0
1 5
0 40 1 2
40 193 1 2
193 36 1 2
36 178 1 2
178 0 1 0
2 10
0 46 2 0
46 121 2 2
121 199 2 0
199 83 2 0
83 61 2 2
61 19 2 2
19 180 2 2
180 184 2 2
184 21 2 0
21 0 2 0
3 17
0 120 3 1
120 189 3 2
189 72 3 2
72 54 3 1
54 103 3 2
103 80 3 1
80 41 3 2
41 140 3 1
140 138 3 1
138 34 3 2
34 66 3 2
66 129 3 1
129 187 3 2
187 15 3 2
15 176 3 2
176 179 3 2
179 0 3 0
4 7
0 59 4 2
59 3 4 2
3 175 4 2
175 100 4 2
100 90 4 2
90 16 4 2
16 0 4 0
5 19
0 96 5 1
96 9 5 1
9 71 5 1
71 173 5 1
173 108 5 1
108 14 5 0
14 183 5 1
183 131 5 1
131 197 5 0
197 17 5 1
17 194 5 1
194 44 5 1
44 191 5 0
191 57 5 0
57 6 5 0
6 33 5 1
33 32 5 0
32 82 5 1
82 0 5 0
6 10
0 190 6 0
190 177 6 1
177 186 6 1
186 67 6 0
67 117 6 1
117 115 6 0
115 123 6 1
123 128 6 1
128 7 6 0
7 0 6 0
7 2
0 43 7 2
43 0 7 0
8 8
0 39 8 1
39 200 8 1
200 92 8 1
92 38 8 1
38 116 8 0
116 185 8 1
185 192 8 0
192 0 8 0
9 17
0 132 9 1
132 11 9 2
11 174 9 2
174 136 9 2
136 133 9 1
133 105 9 0
105 188 9 1
188 31 9 1
31 114 9 0
114 65 9 2
65 10 9 0
10 106 9 0
106 12 9 2
12 4 9 1
4 97 9 2
97 42 9 1
42 0 9 0
10 14
0 146 10 4
146 168 10 4
168 151 10 4
151 49 10 4
49 170 10 4
170 27 10 4
27 124 10 4
124 84 10 4
84 156 10 5
156 188 10 4
188 68 10 4
68 149 10 4
149 35 10 4
35 0 10 0
11 16
0 198 11 3
198 146 11 5
146 168 11 3
168 151 11 3
151 182 11 3
182 171 11 5
171 28 11 5
28 75 11 5
75 158 11 4
158 134 11 4
134 153 11 4
153 18 11 3
18 149 11 5
149 74 11 4
74 179 11 3
179 0 11 0
12 15
0 126 12 5
126 162 12 4
162 161 12 3
161 135 12 5
135 25 12 4
25 81 12 3
81 167 12 4
167 122 12 3
122 159 12 3
159 160 12 3
160 155 12 4
155 111 12 4
111 150 12 3
150 184 12 4
184 0 12 0
13 12
0 8 13 3
8 172 13 5
172 170 13 5
170 94 13 5
94 29 13 3
29 48 13 3
48 158 13 5
158 130 13 3
130 165 13 3
165 148 13 3
148 76 13 3
76 0 13 0
14 13
0 162 14 5
162 161 14 4
161 193 14 4
193 22 14 3
22 101 14 3
101 125 14 4
125 180 14 4
180 165 14 4
165 148 14 5
148 139 14 3
139 47 14 4
47 24 14 4
24 0 14 0
15 11
0 1 15 4
1 118 15 4
118 77 15 4
77 181 15 4
181 13 15 4
13 183 15 4
183 159 15 4
159 58 15 4
58 195 15 4
195 178 15 4
178 0 15 0
16 10
0 51 16 5
51 186 16 3
186 98 16 4
98 119 16 5
119 197 16 4
197 37 16 3
37 194 16 3
194 70 16 5
70 30 16 4
30 0 16 0
17 17
0 93 17 3
93 50 17 5
50 199 17 5
199 53 17 4
53 104 17 3
104 99 17 4
99 85 17 4
85 23 17 5
23 191 17 5
191 95 17 3
95 169 17 3
169 164 17 3
164 143 17 3
143 166 17 4
166 86 17 3
86 185 17 5
185 0 17 0
18 2
0 63 18 4
63 0 18 0
19 19
0 190 19 3
190 177 19 5
177 189 19 3
189 154 19 3
154 62 19 4
62 107 19 4
107 163 19 3
163 141 19 4
141 102 19 3
102 157 19 4
157 175 19 3
175 112 19 5
112 152 19 4
152 52 19 4
52 164 19 5
164 143 19 5
143 64 19 3
64 142 19 3
142 0 19 0
20 13
0 173 20 3
173 145 20 4
145 147 20 3
147 144 20 4
144 156 20 3
156 196 20 4
196 153 20 5
153 5 20 3
5 78 20 3
78 187 20 3
187 109 20 5
109 176 20 3
176 0 20 0
21 9
0 89 21 5
89 127 21 5
127 154 21 5
154 110 21 5
110 163 21 4
163 141 21 5
141 152 21 5
152 169 21 4
169 0 21 0
22 6
0 200 22 3
200 60 22 5
60 69 22 4
69 20 22 5
20 192 22 3
192 0 22 0
23 13
0 174 23 5
174 145 23 5
145 147 23 5
147 144 23 5
144 73 23 3
73 167 23 5
167 88 23 3
88 160 23 5
160 155 23 3
155 150 23 5
150 55 23 5
55 79 23 3
79 0 23 0
24 6
0 137 24 3
137 157 24 5
157 87 24 4
87 166 24 5
166 142 24 4
142 0 24 0
25 1
0 0 25 0
26 1
0 0 26 0
27 1
0 0 27 0
28 1
0 0 28 0
29 1
0 0 29 0
