# Solution for ../instances-HHCRSP/InstanzVNS_HCSRP_200_1.txt
# Cost = 1410.88 Dist = 4191.18 Tard = 29.1497 TMax = 12.2982
# <vehicle> <route length>
# <origin node> <dest node> <vehicle> <service type>
0 12
0 189 0 0
189 139 0 0
139 84 0 0
84 19 0 0
19 101 0 0
101 82 0 0
82 105 0 0
105 100 0 0
100 38 0 0
38 92 0 0
92 75 0 0
75 0 0 0
1 14
0 81 1 2
81 182 1 2
182 17 1 2
17 123 1 2
123 186 1 2
186 178 1 2
178 193 1 2
193 194 1 2
194 137 1 2
137 25 1 2
25 191 1 2
191 7 1 2
7 21 1 2
21 0 1 0
2 8
0 134 2 1
134 177 2 1
177 98 2 1
98 31 2 1
31 12 2 1
12 111 2 1
111 58 2 1
58 0 2 0
3 8
0 70 3 2
70 67 3 2
67 22 3 2
22 173 3 2
173 129 3 2
129 133 3 2
133 40 3 2
40 0 3 0
4 3
0 13 4 1
13 89 4 1
89 0 4 0
5 8
0 43 5 1
43 180 5 1
180 78 5 1
78 128 5 1
128 176 5 1
176 192 5 1
192 73 5 1
73 0 5 0
6 11
0 181 6 2
181 190 6 1
190 172 6 1
172 104 6 1
104 188 6 2
188 93 6 2
93 11 6 1
11 184 6 2
184 53 6 2
53 171 6 1
171 0 6 0
7 17
0 125 7 0
125 33 7 0
33 198 7 2
198 175 7 0
175 60 7 2
60 62 7 1
62 71 7 1
71 15 7 0
15 179 7 0
179 97 7 1
97 77 7 0
77 48 7 0
48 30 7 2
30 200 7 2
200 99 7 2
99 196 7 0
196 0 7 0
8 14
0 47 8 0
47 56 8 1
56 120 8 1
120 3 8 1
3 187 8 0
187 90 8 0
90 41 8 1
41 195 8 0
195 110 8 1
110 103 8 0
103 106 8 0
106 66 8 0
66 55 8 0
55 0 8 0
9 15
0 42 9 2
42 18 9 0
18 61 9 0
61 174 9 0
174 183 9 0
183 5 9 2
5 185 9 0
185 131 9 2
131 57 9 2
57 59 9 2
59 199 9 0
199 197 9 0
197 107 9 0
107 46 9 0
46 0 9 0
10 14
0 169 10 3
169 170 10 4
170 138 10 3
138 175 10 5
175 39 10 3
39 16 10 4
16 165 10 5
165 126 10 4
126 184 10 5
184 153 10 3
153 171 10 5
171 156 10 3
156 196 10 5
196 0 10 0
11 10
0 52 11 3
52 189 11 3
189 85 11 3
85 109 11 3
109 152 11 3
152 163 11 3
163 168 11 3
168 176 11 3
176 44 11 3
44 0 11 0
12 4
0 177 12 5
177 161 12 5
161 155 12 5
155 0 12 0
13 14
0 169 13 4
169 170 13 5
170 24 13 5
24 102 13 4
102 135 13 3
135 79 13 3
79 179 13 3
179 188 13 3
188 69 13 5
69 36 13 3
36 167 13 3
167 29 13 3
29 158 13 3
158 0 13 0
14 7
0 10 14 4
10 162 14 4
162 180 14 4
180 34 14 4
34 157 14 4
157 141 14 4
141 0 14 0
15 11
0 154 15 3
154 159 15 3
159 45 15 3
45 140 15 4
140 160 15 4
160 142 15 3
142 54 15 3
54 94 15 4
94 165 15 4
165 200 15 3
200 0 15 0
16 13
0 154 16 5
154 159 16 5
159 198 16 5
198 23 16 4
23 49 16 4
49 86 16 5
86 144 16 4
144 112 16 4
112 195 16 4
195 199 16 4
199 116 16 4
116 80 16 5
80 0 16 0
17 11
0 162 17 3
162 130 17 5
130 68 17 4
68 152 17 5
152 163 17 4
163 168 17 5
168 183 17 4
183 124 17 4
124 4 17 3
4 143 17 4
143 0 17 0
18 13
0 108 18 3
108 148 18 3
148 149 18 3
149 146 18 5
146 166 18 3
166 35 18 5
35 132 18 3
132 1 18 3
1 144 18 5
144 147 18 5
147 167 18 5
167 158 18 5
158 0 18 0
19 5
0 122 19 5
122 151 19 3
151 87 19 5
87 150 19 3
150 0 19 0
20 10
0 182 20 4
182 149 20 5
149 146 20 4
146 166 20 4
166 26 20 5
26 185 20 4
185 72 20 4
72 197 20 5
197 143 20 5
143 0 20 0
21 8
0 50 21 5
50 88 21 5
88 174 21 3
174 157 21 5
157 141 21 5
141 28 21 5
28 164 21 3
164 0 21 0
22 11
0 148 22 4
148 115 22 3
115 186 22 4
186 178 22 5
178 2 22 4
2 193 22 5
193 194 22 3
194 187 22 4
187 147 22 4
147 96 22 5
96 0 22 0
23 9
0 8 23 4
8 83 23 5
83 151 23 4
151 161 23 4
161 74 23 4
74 32 23 4
32 155 23 4
155 51 23 4
51 0 23 0
24 16
0 181 24 4
181 117 24 5
117 65 24 4
65 190 24 5
190 37 24 3
37 136 24 4
136 6 24 4
6 63 24 4
63 119 24 4
119 114 24 5
114 145 24 4
145 64 24 3
64 76 24 3
76 153 24 5
153 156 24 4
156 0 24 0
25 14
0 127 25 3
127 14 25 3
14 91 25 3
91 20 25 5
20 172 25 4
172 160 25 5
160 142 25 4
142 27 25 4
27 118 25 5
118 145 25 5
145 113 25 5
113 191 25 3
191 164 25 4
164 0 25 0
26 5
0 95 26 5
95 9 26 4
9 150 26 5
150 173 26 4
173 0 26 0
27 3
0 121 27 4
121 192 27 3
192 0 27 0
28 1
0 0 28 0
29 1
0 0 29 0
