# Solution for ../instances-HHCRSP/InstanzVNS_HCSRP_200_3.txt
# Cost = 1282.99 Dist = 3838.89 Tard = 5.22353 TMax = 4.84886
# <vehicle> <route length>
# <origin node> <dest node> <vehicle> <service type>
0 16
0 181 0 1
181 107 0 1
107 10 0 1
10 91 0 0
91 172 0 0
172 196 0 1
196 41 0 1
41 34 0 0
34 180 0 1
180 186 0 0
186 135 0 0
135 38 0 0
38 133 0 1
133 97 0 0
97 200 0 1
200 0 0 0
1 7
0 50 1 2
50 175 1 2
175 47 1 2
47 59 1 0
59 112 1 2
112 86 1 2
86 0 1 0
2 16
0 111 2 1
111 26 2 1
26 198 2 1
198 35 2 2
35 90 2 1
90 80 2 1
80 4 2 1
4 192 2 2
192 62 2 1
62 64 2 2
64 118 2 2
118 76 2 2
76 185 2 1
185 193 2 2
193 199 2 2
199 0 2 0
3 10
0 61 3 2
61 88 3 2
88 1 3 2
1 79 3 2
79 69 3 2
69 29 3 2
29 189 3 0
189 72 3 2
72 103 3 2
103 0 3 0
4 9
0 2 4 2
2 124 4 2
124 89 4 2
89 184 4 2
184 140 4 2
140 138 4 2
138 187 4 2
187 136 4 2
136 0 4 0
5 12
0 114 5 0
114 117 5 0
117 22 5 0
22 171 5 0
171 6 5 0
6 122 5 0
122 128 5 0
128 17 5 0
17 137 5 0
137 5 5 0
5 126 5 0
126 0 5 0
6 18
0 176 6 1
176 40 6 1
40 33 6 0
33 174 6 2
174 197 6 1
197 177 6 0
177 190 6 1
190 194 6 1
194 173 6 1
173 45 6 2
45 178 6 1
178 191 6 2
191 121 6 0
121 67 6 1
67 60 6 0
60 31 6 2
31 139 6 0
139 0 6 0
7 3
0 68 7 0
68 3 7 0
3 0 7 0
8 13
0 20 8 1
20 195 8 1
195 9 8 1
9 182 8 2
182 108 8 1
108 125 8 1
125 43 8 2
43 183 8 2
183 123 8 1
123 87 8 2
87 130 8 2
130 54 8 1
54 0 8 0
9 7
0 179 9 1
179 23 9 1
23 63 9 1
63 188 9 1
188 65 9 1
65 21 9 1
21 0 9 0
10 7
0 181 10 4
181 162 10 4
162 142 10 4
142 92 10 4
92 169 10 4
169 150 10 4
150 0 10 0
11 18
0 74 11 3
74 145 11 3
145 143 11 3
143 55 11 3
55 174 11 3
174 109 11 3
109 149 11 3
149 8 11 4
8 173 11 5
173 119 11 3
119 75 11 4
75 178 11 5
178 52 11 3
52 155 11 3
155 51 11 3
51 170 11 3
170 167 11 3
167 0 11 0
12 9
0 49 12 4
49 179 12 3
179 28 12 5
28 116 12 3
116 73 12 4
73 95 12 5
95 53 12 3
53 200 12 4
200 0 12 0
13 3
0 93 13 5
93 159 13 5
159 0 13 0
14 11
0 145 14 5
145 44 14 4
44 146 14 5
146 182 14 4
182 102 14 4
102 160 14 4
160 171 14 5
171 104 14 5
104 12 14 4
12 141 14 4
141 0 14 0
15 11
0 161 15 3
161 36 15 3
36 158 15 4
158 153 15 4
153 164 15 4
164 192 15 4
192 160 15 3
160 85 15 4
85 157 15 3
157 99 15 3
99 0 15 0
16 12
0 70 16 5
70 198 16 5
198 168 16 3
168 151 16 4
151 177 16 5
177 13 16 5
13 19 16 4
19 58 16 4
58 120 16 5
120 14 16 4
14 159 16 4
159 0 16 0
17 7
0 161 17 5
161 127 17 4
127 196 17 4
196 189 17 4
189 25 17 4
25 144 17 4
144 0 17 0
18 13
0 132 18 4
132 176 18 5
176 143 18 4
143 7 18 3
7 168 18 4
168 151 18 5
151 190 18 4
190 194 18 3
194 18 18 3
18 94 18 4
94 32 18 5
32 167 18 5
167 0 18 0
19 14
0 147 19 3
147 156 19 3
156 16 19 4
16 42 19 5
42 100 19 4
100 115 19 3
115 129 19 5
129 169 19 3
169 185 19 3
185 30 19 5
30 193 19 4
193 199 19 5
199 150 19 3
150 0 19 0
20 13
0 195 20 5
195 71 20 5
71 98 20 5
98 146 20 3
146 175 20 5
175 84 20 3
84 183 20 3
183 57 20 3
57 66 20 3
66 82 20 5
82 11 20 3
11 141 20 5
141 0 20 0
21 8
0 147 21 4
147 156 21 5
156 162 21 3
162 142 21 5
142 46 21 4
46 184 21 3
184 48 21 5
48 0 21 0
22 11
0 113 22 4
113 110 22 5
110 197 22 5
197 149 22 5
149 131 22 4
131 191 22 4
191 155 22 4
155 134 22 4
134 170 22 5
170 78 22 5
78 0 22 0
23 8
0 152 23 3
152 27 23 5
27 165 23 4
165 172 23 3
172 180 23 3
180 154 23 3
154 148 23 3
148 0 23 0
24 7
0 158 24 5
158 153 24 3
153 164 24 3
164 157 24 5
157 101 24 5
101 166 24 5
166 0 24 0
25 9
0 152 25 4
152 165 25 5
165 83 25 4
83 163 25 3
163 105 25 5
105 186 25 5
186 154 25 5
154 148 25 5
148 0 25 0
26 3
0 15 26 3
15 166 26 3
166 0 26 0
27 6
0 96 27 5
96 56 27 4
56 188 27 3
188 106 27 5
106 144 27 5
144 0 27 0
28 2
0 37 28 3
37 0 28 0
29 7
0 24 29 5
24 163 29 5
163 39 29 3
39 187 29 5
187 81 29 5
81 77 29 5
77 0 29 0
