# Solution for ../instances-HHCRSP/InstanzCPLEX_HCSRP_75_1.txt
# Cost = 1186.2 Dist = 2256.7 Tard = 1051.24 TMax = 250.652
# <vehicle> <route length>
# <origin node> <dest node> <vehicle> <service type>
0 15
0 33 0 0
33 47 0 0
47 19 0 0
19 73 0 0
73 18 0 0
18 67 0 0
67 38 0 0
38 74 0 0
74 46 0 0
46 72 0 0
72 64 0 0
64 15 0 0
15 48 0 0
48 75 0 0
75 0 0 0
1 3
0 22 1 2
22 40 1 2
40 0 1 0
2 12
0 31 2 1
31 42 2 2
42 43 2 1
43 12 2 1
12 5 2 2
5 68 2 2
68 41 2 1
41 66 2 1
66 25 2 2
25 7 2 2
7 21 2 2
21 0 2 0
3 3
0 70 3 1
70 13 3 1
13 0 3 0
4 8
0 17 4 2
17 65 4 2
65 3 4 1
3 71 4 2
71 69 4 2
69 11 4 1
11 30 4 2
30 0 4 0
5 14
0 14 5 3
14 20 5 5
20 24 5 5
24 60 5 3
60 62 5 3
62 45 5 3
45 54 5 3
54 63 5 5
63 36 5 3
36 53 5 5
53 69 5 5
69 29 5 3
29 75 5 3
75 0 5 0
6 10
0 8 6 4
8 9 6 4
9 51 6 4
51 74 6 3
74 4 6 3
4 57 6 3
57 72 6 4
72 55 6 4
55 58 6 3
58 0 6 0
7 10
0 50 7 5
50 60 7 4
60 62 7 5
62 23 7 4
23 65 7 5
65 27 7 4
27 1 7 3
1 59 7 4
59 64 7 5
64 0 7 0
8 11
0 56 8 3
56 49 8 4
49 37 8 3
37 54 8 4
54 6 8 4
6 63 8 3
63 71 8 3
71 16 8 4
16 39 8 3
39 53 8 3
53 0 8 0
9 10
0 56 9 4
56 2 9 4
2 26 9 5
26 68 9 4
68 44 9 3
44 66 9 3
66 57 9 4
57 55 9 5
55 58 9 4
58 0 9 0
10 6
0 10 10 4
10 34 10 4
34 35 10 5
35 59 10 5
59 28 10 5
28 0 10 0
11 5
0 70 11 4
70 52 11 3
52 67 11 3
67 32 11 4
32 0 11 0
12 2
0 73 12 4
73 0 12 0
13 2
0 61 13 3
61 0 13 0
14 2
0 61 14 5
61 0 14 0
