# Solution for ../instances-HHCRSP/InstanzVNS_HCSRP_300_9.txt
# Cost = 1970.06 Dist = 5890.84 Tard = 15.6794 TMax = 3.67392
# <vehicle> <route length>
# <origin node> <dest node> <vehicle> <service type>
0 16
0 101 0 1
101 97 0 1
97 269 0 1
269 90 0 0
90 123 0 0
123 30 0 1
30 20 0 0
20 122 0 1
122 85 0 1
85 292 0 1
292 105 0 1
105 293 0 1
293 183 0 0
183 174 0 0
174 172 0 1
172 0 0 0
1 5
0 82 1 1
82 274 1 1
274 294 1 1
294 142 1 1
142 0 1 0
2 9
0 73 2 0
73 298 2 0
298 284 2 0
284 151 2 0
151 53 2 0
53 140 2 0
140 251 2 0
251 55 2 0
55 0 2 0
3 16
0 117 3 1
117 54 3 1
54 275 3 0
275 277 3 1
277 265 3 1
265 33 3 0
33 295 3 0
295 252 3 1
252 184 3 0
184 291 3 0
291 258 3 0
258 261 3 0
261 74 3 1
74 148 3 1
148 138 3 1
138 0 3 0
4 6
0 81 4 0
81 287 4 0
287 297 4 0
297 79 4 0
79 267 4 0
267 0 4 0
5 17
0 64 5 2
64 177 5 0
177 47 5 2
47 124 5 2
124 27 5 0
27 56 5 0
56 84 5 2
84 195 5 0
195 257 5 0
257 283 5 0
283 187 5 0
187 80 5 0
80 57 5 2
57 112 5 2
112 45 5 2
45 276 5 2
276 0 5 0
6 3
0 43 6 0
43 273 6 0
273 0 6 0
7 16
0 268 7 0
268 89 7 1
89 50 7 1
50 161 7 1
161 162 7 0
162 299 7 0
299 134 7 1
134 144 7 0
144 26 7 0
26 61 7 0
61 254 7 1
254 152 7 1
152 78 7 1
78 21 7 1
21 176 7 0
176 0 7 0
8 3
0 71 8 0
71 32 8 0
32 0 8 0
9 13
0 146 9 2
146 280 9 2
280 4 9 1
4 281 9 1
281 11 9 2
11 255 9 1
255 178 9 2
178 300 9 2
300 137 9 1
137 86 9 1
86 193 9 2
193 191 9 2
191 0 9 0
10 11
0 185 10 2
185 59 10 2
59 23 10 2
23 98 10 1
98 143 10 1
143 266 10 2
266 180 10 1
180 271 10 2
271 135 10 1
135 253 10 2
253 0 10 0
11 12
0 42 11 2
42 16 11 2
16 272 11 2
272 9 11 1
9 182 11 2
182 58 11 2
58 1 11 1
1 186 11 2
186 125 11 1
125 127 11 2
127 296 11 2
296 0 11 0
12 1
0 0 12 0
13 7
0 289 13 1
289 96 13 1
96 194 13 0
194 31 13 0
31 141 13 0
141 278 13 0
278 0 13 0
14 16
0 36 14 2
36 147 14 0
147 166 14 0
166 95 14 2
95 264 14 0
264 286 14 0
286 83 14 0
83 139 14 2
139 8 14 0
8 77 14 2
77 72 14 2
72 18 14 2
18 259 14 2
259 111 14 2
111 69 14 0
69 0 14 0
15 11
0 288 15 2
288 87 15 2
87 279 15 2
279 28 15 2
28 256 15 2
256 126 15 2
126 285 15 2
285 290 15 2
290 44 15 2
44 157 15 2
157 0 15 0
16 9
0 116 16 2
116 35 16 2
35 150 16 2
150 262 16 2
262 158 16 2
158 260 16 2
260 188 16 2
188 169 16 2
169 0 16 0
17 8
0 282 17 2
282 263 17 1
263 10 17 1
10 197 17 2
197 270 17 2
270 60 17 2
60 93 17 2
93 0 17 0
18 16
0 104 18 4
104 242 18 4
242 231 18 3
231 155 18 4
155 168 18 3
168 175 18 3
175 19 18 5
19 132 18 3
132 300 18 5
300 245 18 3
245 24 18 4
24 160 18 4
160 92 18 4
92 233 18 3
233 276 18 3
276 0 18 0
19 15
0 156 19 3
156 39 19 3
39 34 19 4
34 275 19 3
275 206 19 4
206 277 19 3
277 3 19 4
3 189 19 3
189 215 19 3
215 198 19 5
198 266 19 3
266 244 19 3
244 240 19 4
240 241 19 3
241 0 19 0
20 14
0 242 20 5
242 231 20 5
231 22 20 4
22 297 20 3
297 75 20 5
75 264 20 4
264 212 20 4
212 221 20 3
221 70 20 5
70 62 20 3
62 15 20 5
15 259 20 4
259 233 20 4
233 0 20 0
21 13
0 49 21 5
49 228 21 3
228 239 21 5
239 269 21 3
269 211 21 3
211 17 21 5
17 203 21 3
203 249 21 5
249 254 21 3
254 292 21 5
292 293 21 5
293 159 21 5
159 0 21 0
22 11
0 228 22 5
228 239 22 4
239 164 22 4
164 288 22 5
288 5 22 5
5 129 22 5
129 208 22 4
208 220 22 4
220 213 22 5
213 260 22 4
260 0 22 0
23 14
0 246 23 4
246 234 23 4
234 217 23 4
217 99 23 4
99 224 23 3
224 284 23 5
284 218 23 3
218 153 23 5
153 181 23 3
181 46 23 5
46 121 23 4
121 256 23 3
256 250 23 3
250 0 23 0
24 13
0 246 24 5
246 234 24 3
234 217 24 5
217 133 24 3
133 154 24 5
154 199 24 3
199 91 24 3
91 215 24 5
215 271 24 5
271 244 24 5
244 240 24 5
240 241 24 5
241 0 24 0
25 14
0 145 25 4
145 107 25 5
107 223 25 3
223 280 25 4
280 281 25 4
281 12 25 4
12 255 25 5
255 210 25 3
210 212 25 5
212 221 25 4
221 245 25 4
245 267 25 5
267 167 25 4
167 0 25 0
26 11
0 274 26 5
274 128 26 5
128 294 26 3
294 109 26 3
109 203 26 4
203 249 26 4
249 103 26 5
103 278 26 4
278 171 26 5
171 65 26 5
65 0 26 0
27 14
0 223 27 5
223 287 27 5
287 106 27 3
106 6 27 3
6 229 27 5
229 225 27 3
225 232 27 3
232 205 27 3
205 209 27 3
209 37 27 5
37 230 27 5
230 235 27 3
235 40 27 5
40 0 27 0
28 14
0 214 28 3
214 66 28 3
66 113 28 3
113 130 28 4
130 206 28 5
206 265 28 3
265 13 28 4
13 252 28 5
252 102 28 3
102 285 28 3
285 290 28 3
290 94 28 4
94 251 28 5
251 0 28 0
29 9
0 214 29 5
214 298 29 5
298 120 29 4
120 25 29 5
25 224 29 5
224 218 29 5
218 270 29 3
270 253 29 3
253 0 29 0
30 19
0 192 30 3
192 52 30 4
52 227 30 4
227 226 30 3
226 216 30 3
216 248 30 4
248 115 30 3
115 229 30 3
229 225 30 4
225 232 30 4
232 257 30 3
257 283 30 4
283 247 30 3
247 237 30 3
237 190 30 4
190 230 30 3
230 235 30 4
235 51 30 4
51 0 30 0
31 11
0 272 31 5
272 68 31 4
68 196 31 5
196 210 31 4
210 119 31 3
119 201 31 3
201 208 31 5
208 220 31 5
220 29 31 3
29 236 31 3
236 0 31 0
32 8
0 243 32 4
243 165 32 5
165 100 32 5
100 7 32 5
7 14 32 4
14 219 32 3
219 207 32 4
207 0 32 0
33 6
0 243 33 5
243 222 33 3
222 263 33 3
263 219 33 5
219 207 33 3
207 0 33 0
34 10
0 227 34 5
227 226 34 5
226 216 34 5
216 248 34 5
248 76 34 3
76 205 34 4
205 209 34 4
209 279 34 4
279 236 34 4
236 0 34 0
35 7
0 238 35 3
238 273 35 3
273 202 35 4
202 204 35 3
204 41 35 4
41 108 35 5
108 0 35 0
36 6
0 238 36 4
238 289 36 5
289 202 36 5
202 204 36 5
204 250 36 5
250 0 36 0
37 16
0 268 37 4
268 179 37 5
179 262 37 5
262 67 37 5
67 63 37 4
63 110 37 3
110 173 37 4
173 299 37 3
299 201 37 4
201 286 37 5
286 88 37 4
88 200 37 3
200 131 37 5
131 213 37 3
213 136 37 3
136 0 37 0
38 5
0 282 38 4
282 222 38 5
222 114 38 4
114 149 38 4
149 0 38 0
39 15
0 170 39 3
170 2 39 4
2 163 39 4
163 211 39 5
211 48 39 5
48 295 39 3
295 38 39 3
38 247 39 5
247 237 39 5
237 291 39 5
291 258 39 4
258 118 39 3
118 261 39 5
261 296 39 4
296 0 39 0
