# Solution for ../instances-HHCRSP/InstanzVNS_HCSRP_200_2.txt
# Cost = 1409.51 Dist = 4191.83 Tard = 28.8311 TMax = 7.85992
# <vehicle> <route length>
# <origin node> <dest node> <vehicle> <service type>
0 12
0 198 0 0
198 108 0 1
108 132 0 1
132 172 0 1
172 182 0 0
182 129 0 1
129 138 0 1
138 10 0 0
10 140 0 1
140 106 0 0
106 21 0 0
21 0 0 0
1 5
0 59 1 2
59 175 1 2
175 3 1 2
3 43 1 2
43 0 1 0
2 16
0 61 2 2
61 91 2 0
91 11 2 2
11 26 2 0
26 136 2 2
136 196 2 0
196 2 2 0
2 45 2 0
45 66 2 2
66 34 2 2
34 187 2 2
187 15 2 2
15 65 2 2
65 176 2 2
176 179 2 2
179 0 2 0
3 17
0 177 3 1
177 173 3 1
173 174 3 2
174 181 3 1
181 171 3 1
171 41 3 2
41 103 3 2
103 80 3 1
80 19 3 2
19 180 3 2
180 56 3 1
56 113 3 1
113 12 3 2
12 184 3 2
184 4 3 1
4 42 3 1
42 0 3 0
4 6
0 189 4 2
189 121 4 2
121 90 4 2
90 16 4 2
16 100 4 2
100 0 4 0
5 13
0 46 5 0
46 123 5 1
123 199 5 0
199 83 5 0
83 115 5 0
115 117 5 1
117 191 5 0
191 6 5 0
6 57 5 0
57 128 5 1
128 7 5 0
7 185 5 1
185 0 5 0
6 8
0 39 6 1
39 200 6 1
200 92 6 1
92 38 6 1
38 194 6 1
194 116 6 0
116 192 6 0
192 0 6 0
7 5
0 193 7 2
193 72 7 2
72 97 7 2
97 178 7 2
178 0 7 0
8 13
0 190 8 0
190 96 8 1
96 9 8 1
9 71 8 1
71 14 8 0
14 54 8 1
54 183 8 1
183 133 8 1
133 114 8 0
114 31 8 1
31 188 8 1
188 105 8 0
105 0 8 0
9 14
0 120 9 1
120 17 9 1
17 186 9 1
186 40 9 2
40 67 9 0
67 44 9 1
44 131 9 1
131 197 9 0
197 195 9 1
195 36 9 2
36 33 9 1
33 32 9 0
32 82 9 1
82 0 9 0
10 14
0 161 10 4
161 172 10 5
172 49 10 4
49 147 10 5
147 145 10 4
145 144 10 4
144 167 10 4
167 156 10 5
156 84 10 4
84 124 10 4
124 188 10 4
188 74 10 4
74 155 10 4
155 0 10 0
11 16
0 198 11 3
198 122 11 3
122 81 11 3
81 135 11 5
135 22 11 3
22 101 11 3
101 183 11 4
183 125 11 4
125 180 11 4
180 130 11 3
130 165 11 3
165 148 11 3
148 76 11 3
76 139 11 3
139 47 11 4
47 0 11 0
12 18
0 161 12 3
161 146 12 4
146 13 12 4
13 182 12 3
182 151 12 3
151 170 12 4
170 196 12 4
196 27 12 4
27 68 12 4
68 153 12 4
153 5 12 3
5 134 12 4
134 78 12 3
78 187 12 3
187 109 12 5
109 176 12 3
176 149 12 4
149 0 12 0
13 8
0 51 13 5
51 119 13 5
119 186 13 3
186 37 13 3
37 95 13 3
95 194 13 3
194 70 13 5
70 0 13 0
14 18
0 177 14 5
177 146 14 5
146 173 14 3
173 174 14 5
174 147 14 3
147 145 14 5
145 144 14 5
144 73 14 3
73 167 14 5
167 156 14 3
156 88 14 3
88 160 14 3
160 159 14 3
159 111 14 4
111 150 14 3
150 55 14 5
55 79 14 3
79 0 14 0
15 5
0 157 15 4
157 166 15 4
166 142 15 4
142 87 15 4
87 0 15 0
16 5
0 200 16 3
200 20 16 5
20 69 16 4
69 192 16 3
192 0 16 0
17 11
0 137 17 3
137 157 17 5
157 175 17 3
175 112 17 5
112 164 17 3
164 102 17 3
102 143 17 3
143 166 17 5
166 86 17 3
86 185 17 5
185 0 17 0
18 7
0 162 18 4
162 193 18 4
193 197 18 4
197 195 18 4
195 98 18 4
98 178 18 4
178 0 18 0
19 11
0 190 19 3
190 89 19 5
89 110 19 5
110 162 19 5
162 107 19 4
107 191 19 5
191 99 19 4
99 24 19 4
24 85 19 4
85 23 19 5
23 0 19 0
20 17
0 53 20 4
53 104 20 3
104 28 20 5
28 118 20 4
118 168 20 3
168 94 20 5
94 158 20 4
158 48 20 3
48 29 20 3
29 25 20 4
25 58 20 4
58 160 20 5
160 159 20 4
159 150 20 5
150 155 20 3
155 179 20 3
179 0 20 0
21 10
0 126 21 5
126 154 21 5
154 62 21 4
62 168 21 4
168 75 21 5
75 158 21 5
158 165 21 4
165 148 21 5
148 184 21 4
184 0 21 0
22 12
0 1 22 4
1 8 22 3
8 77 22 4
77 181 22 4
181 171 22 5
171 151 22 4
151 170 22 5
170 153 22 5
153 18 22 3
18 35 22 4
35 149 22 5
149 0 22 0
23 12
0 189 23 3
189 154 23 3
154 199 23 5
199 141 23 5
141 163 23 3
163 152 23 5
152 169 23 3
169 164 23 5
164 143 23 5
143 64 23 3
64 142 23 3
142 0 23 0
24 9
0 60 24 5
60 93 24 3
93 50 24 5
50 141 24 4
141 52 24 4
52 163 24 4
163 152 24 4
152 169 24 4
169 0 24 0
25 3
0 127 25 5
127 30 25 4
30 0 25 0
26 2
0 63 26 4
63 0 26 0
27 1
0 0 27 0
28 1
0 0 28 0
29 1
0 0 29 0
