# Solution for ../instances-HHCRSP/InstanzCPLEX_HCSRP_75_2.txt
# Cost = 693.277 Dist = 2073.47 Tard = 3.18268 TMax = 3.18268
# <vehicle> <route length>
# <origin node> <dest node> <vehicle> <service type>
0 19
0 71 0 0
71 14 0 0
14 11 0 2
11 26 0 0
26 72 0 2
72 41 0 2
41 19 0 2
19 2 0 0
2 45 0 0
45 68 0 2
68 34 0 2
34 15 0 2
15 10 0 0
10 65 0 0
65 74 0 0
74 12 0 2
12 4 0 1
4 42 0 1
42 0 0 0
1 5
0 9 1 1
9 73 1 1
73 66 1 1
66 31 1 1
31 0 1 0
2 9
0 46 2 0
46 69 2 0
69 70 2 0
70 64 2 0
64 7 2 0
7 6 2 0
6 21 2 0
21 32 2 0
32 0 2 0
3 9
0 39 3 1
39 3 3 2
3 75 3 2
75 40 3 2
40 17 3 1
17 36 3 2
36 43 3 2
43 16 3 2
16 0 3 0
4 5
0 67 4 1
67 44 4 1
44 33 4 1
33 38 4 1
38 0 4 0
5 15
0 71 5 4
71 54 5 3
54 61 5 3
61 8 5 3
8 49 5 4
49 73 5 5
73 27 5 4
27 66 5 3
66 68 5 5
68 18 5 3
18 5 5 3
5 35 5 4
35 65 5 4
65 74 5 3
74 0 5 0
6 3
0 60 6 3
60 63 6 3
63 0 6 0
7 10
0 54 7 4
54 61 7 5
61 28 7 5
28 72 7 4
72 25 7 4
25 56 7 4
56 58 7 4
58 55 7 4
55 47 7 4
47 0 7 0
8 6
0 62 8 3
62 22 8 3
22 56 8 3
56 37 8 3
37 57 8 3
57 0 8 0
9 6
0 60 9 4
60 59 9 4
59 52 9 4
52 64 9 4
64 63 9 4
63 0 9 0
10 5
0 53 10 5
53 51 10 5
51 59 10 5
59 20 10 5
20 0 10 0
11 7
0 53 11 4
53 62 11 4
62 70 11 5
70 57 11 4
57 23 11 5
23 24 11 4
24 0 11 0
12 4
0 50 12 5
50 75 12 3
75 30 12 4
30 0 12 0
13 2
0 69 13 4
69 0 13 0
14 8
0 1 14 4
1 67 14 3
67 13 14 4
13 48 14 3
48 29 14 3
29 58 14 5
58 55 14 5
55 0 14 0
