# Solution for ../instances-HHCRSP/InstanzCPLEX_HCSRP_75_1.txt
# Cost = 1235.16 Dist = 2403.55 Tard = 1051.28 TMax = 250.652
# <vehicle> <route length>
# <origin node> <dest node> <vehicle> <service type>
0 15
0 33 0 0
33 47 0 0
47 19 0 0
19 73 0 0
73 18 0 0
18 67 0 0
67 38 0 0
38 74 0 0
74 46 0 0
46 72 0 0
72 64 0 0
64 15 0 0
15 48 0 0
48 75 0 0
75 0 0 0
1 5
0 42 1 2
42 5 1 2
5 22 1 2
22 40 1 2
40 0 1 0
2 9
0 43 2 1
43 12 2 1
12 68 2 2
68 41 2 1
41 66 2 1
66 25 2 2
25 7 2 2
7 21 2 2
21 0 2 0
3 4
0 31 3 1
31 70 3 1
70 13 3 1
13 0 3 0
4 8
0 17 4 2
17 65 4 2
65 3 4 1
3 71 4 2
71 69 4 2
69 11 4 1
11 30 4 2
30 0 4 0
5 7
0 54 5 3
54 37 5 3
37 63 5 3
63 71 5 3
71 36 5 3
36 53 5 3
53 0 5 0
6 12
0 54 6 4
54 6 6 4
6 49 6 4
49 2 6 4
2 68 6 4
68 44 6 3
44 66 6 3
66 57 6 3
57 72 6 4
72 55 6 4
55 58 6 3
58 0 6 0
7 12
0 50 7 5
50 56 7 3
56 27 7 4
27 65 7 5
65 23 7 4
23 62 7 3
62 60 7 3
60 63 7 5
63 69 7 5
69 29 7 3
29 75 7 3
75 0 7 0
8 5
0 52 8 3
52 8 8 4
8 67 8 3
67 32 8 4
32 0 8 0
9 5
0 56 9 4
56 1 9 3
1 59 9 4
59 28 9 5
28 0 9 0
10 6
0 10 10 4
10 34 10 4
34 35 10 5
35 59 10 5
59 64 10 5
64 0 10 0
11 2
0 73 11 4
73 0 11 0
12 11
0 70 12 4
70 61 12 3
61 26 12 5
26 9 12 4
9 51 12 4
51 74 12 3
74 4 12 3
4 57 12 4
57 55 12 5
55 58 12 4
58 0 12 0
13 2
0 61 13 5
61 0 13 0
14 10
0 14 14 3
14 45 14 3
45 20 14 5
20 24 14 5
24 62 14 5
62 60 14 4
60 39 14 3
39 16 14 4
16 53 14 5
53 0 14 0
