# Solution for ../instances-HHCRSP/InstanzVNS_HCSRP_300_7.txt
# Cost = 1665.36 Dist = 4986.41 Tard = 7.12512 TMax = 2.544
# <vehicle> <route length>
# <origin node> <dest node> <vehicle> <service type>
0 17
0 282 0 1
282 24 0 1
24 266 0 1
266 268 0 1
268 262 0 1
262 143 0 0
143 68 0 1
68 295 0 0
295 297 0 1
297 197 0 1
197 259 0 0
259 158 0 1
158 186 0 0
186 63 0 0
63 190 0 1
190 33 0 1
33 0 0 0
1 12
0 288 1 2
288 150 1 2
150 101 1 0
101 10 1 0
10 130 1 2
130 76 1 0
76 36 1 2
36 39 1 0
39 13 1 0
13 156 1 0
156 152 1 2
152 0 1 0
2 15
0 188 2 2
188 72 2 0
72 183 2 1
183 278 2 2
278 82 2 0
82 165 2 0
165 170 2 0
170 261 2 1
261 176 2 1
176 263 2 1
263 102 2 0
102 22 2 2
22 299 2 2
299 54 2 2
54 0 2 0
3 3
0 265 3 2
265 300 3 2
300 0 3 0
4 2
0 146 4 1
146 0 4 0
5 15
0 258 5 1
258 252 5 2
252 2 5 2
2 42 5 2
42 40 5 2
40 193 5 2
193 105 5 1
105 281 5 2
281 80 5 2
80 296 5 1
296 14 5 1
14 85 5 1
85 298 5 1
298 134 5 2
134 0 5 0
6 9
0 53 6 0
53 97 6 0
97 93 6 1
93 274 6 0
274 151 6 1
151 15 6 1
15 29 6 0
29 106 6 1
106 0 6 0
7 11
0 100 7 1
100 113 7 1
113 129 7 1
129 99 7 1
99 141 7 1
141 185 7 0
185 45 7 1
45 164 7 1
164 257 7 0
257 12 7 0
12 0 7 0
8 15
0 260 8 2
260 270 8 0
270 290 8 2
290 59 8 0
59 293 8 0
293 25 8 2
25 286 8 0
286 67 8 2
67 127 8 0
127 291 8 0
291 269 8 2
269 161 8 0
161 9 8 0
9 169 8 2
169 0 8 0
9 22
0 65 9 2
65 11 9 0
11 108 9 0
108 275 9 0
275 51 9 0
51 189 9 0
189 145 9 1
145 196 9 1
196 280 9 1
280 289 9 2
289 148 9 0
148 147 9 0
147 115 9 2
115 255 9 1
255 79 9 1
79 155 9 1
155 26 9 2
26 253 9 0
253 57 9 0
57 251 9 2
251 294 9 2
294 0 9 0
10 3
0 254 10 2
254 279 10 2
279 0 10 0
11 16
0 267 11 1
267 38 11 0
38 172 11 1
172 77 11 0
77 273 11 2
273 256 11 2
256 78 11 1
78 272 11 1
272 264 11 2
264 277 11 0
277 149 11 2
149 182 11 0
182 174 11 1
174 46 11 1
46 271 11 0
271 0 11 0
12 1
0 0 12 0
13 1
0 0 13 0
14 11
0 192 14 0
192 131 14 2
131 114 14 0
114 75 14 2
75 64 14 1
64 90 14 2
90 283 14 1
283 140 14 0
140 276 14 2
276 187 14 0
187 0 14 0
15 4
0 50 15 0
50 284 15 1
284 292 15 0
292 0 15 0
16 1
0 0 16 0
17 10
0 18 17 0
18 136 17 2
136 124 17 1
124 191 17 2
191 285 17 2
285 86 17 2
86 163 17 2
163 287 17 1
287 175 17 1
175 0 17 0
18 19
0 282 18 3
282 202 18 3
202 210 18 3
210 222 18 3
222 31 18 3
31 273 18 4
273 217 18 3
217 116 18 5
116 203 18 3
203 242 18 3
242 256 18 4
256 91 18 4
91 55 18 4
55 230 18 3
230 249 18 4
249 218 18 3
218 117 18 5
117 271 18 4
271 0 18 0
19 6
0 73 19 3
73 58 19 3
58 66 19 3
66 241 19 3
241 257 19 3
257 0 19 0
20 12
0 288 20 5
288 49 20 4
49 89 20 5
89 235 20 4
235 245 20 4
245 221 20 4
221 274 20 4
274 285 20 5
285 220 20 5
220 214 20 5
214 287 20 4
287 0 20 0
21 15
0 202 21 4
202 210 21 4
210 222 21 5
222 275 21 4
275 120 21 3
120 217 21 5
217 203 21 5
203 242 21 4
242 52 21 3
52 249 21 5
249 218 21 5
218 16 21 4
16 107 21 5
107 243 21 4
243 0 21 0
22 11
0 139 22 5
139 216 22 4
216 213 22 3
213 43 22 3
43 300 22 5
300 138 22 4
138 241 22 5
241 181 22 4
181 6 22 4
6 184 22 4
184 0 22 0
23 15
0 178 23 5
178 219 23 4
219 266 23 5
266 248 23 4
248 104 23 4
104 69 23 5
69 8 23 5
8 74 23 4
74 159 23 5
159 225 23 4
225 224 23 5
224 226 23 5
226 47 23 4
47 199 23 5
199 0 23 0
24 22
0 208 24 3
208 240 24 4
240 95 24 4
95 207 24 3
207 258 24 3
258 233 24 3
233 168 24 5
168 267 24 4
267 4 24 4
4 229 24 4
229 283 24 5
283 109 24 4
109 62 24 3
62 296 24 3
296 295 24 4
295 209 24 3
209 297 24 5
297 111 24 4
111 236 24 4
236 259 24 3
259 61 24 4
61 0 24 0
25 9
0 206 25 3
206 123 25 3
123 98 25 3
98 17 25 3
17 212 25 3
212 250 25 3
250 292 25 3
292 48 25 3
48 0 25 0
26 13
0 208 26 4
208 240 26 5
240 207 26 4
207 233 26 5
233 128 26 3
128 272 26 4
272 230 26 4
230 277 26 3
277 7 26 4
7 71 26 4
71 125 26 5
125 243 26 5
243 0 26 0
27 7
0 206 27 4
206 92 27 4
92 261 27 4
261 263 27 4
263 167 27 5
167 19 27 3
19 0 27 0
28 13
0 216 28 5
216 213 28 4
213 5 28 4
5 246 28 4
246 198 28 3
198 135 28 5
135 238 28 5
238 180 28 5
180 83 28 3
83 291 28 3
291 269 28 4
269 201 28 3
201 0 28 0
29 13
0 232 29 3
232 200 29 4
200 231 29 4
231 278 29 3
278 137 29 4
137 290 29 3
290 157 29 3
157 142 29 4
142 286 29 3
286 28 29 4
28 238 29 3
238 201 29 4
201 0 29 0
30 13
0 232 30 5
232 20 30 3
20 231 30 3
231 270 30 5
270 162 30 5
162 293 30 3
293 215 30 3
215 144 30 3
144 239 30 5
239 225 30 5
225 27 30 3
27 122 30 3
122 0 30 0
31 14
0 265 31 5
265 23 31 3
23 121 31 3
121 160 31 3
160 246 31 5
246 37 31 4
37 195 31 3
195 171 31 5
171 154 31 3
154 212 31 4
212 299 31 5
299 60 31 3
60 227 31 4
227 0 31 0
32 12
0 223 32 3
223 211 32 4
211 81 32 4
81 133 32 3
133 84 32 4
84 215 32 4
215 239 32 4
239 224 32 4
224 226 32 4
226 103 32 3
103 204 32 3
204 0 32 0
33 11
0 223 33 4
223 219 33 5
219 268 33 5
268 248 33 5
248 35 33 3
35 229 33 5
229 87 33 4
87 276 33 3
276 179 33 3
179 173 33 5
173 0 33 0
34 9
0 237 34 3
237 252 34 4
252 1 34 4
1 70 34 5
70 126 34 3
126 205 34 4
205 209 34 5
209 236 34 5
236 0 34 0
35 13
0 237 35 4
237 262 35 5
262 281 35 5
281 194 35 5
194 205 35 5
205 234 35 4
234 228 35 4
228 255 35 5
255 247 35 4
247 244 35 4
244 253 35 4
253 298 35 4
298 0 35 0
36 22
0 211 36 5
211 56 36 4
56 3 36 3
3 32 36 3
32 21 36 4
21 119 36 5
119 118 36 4
118 280 36 3
280 289 36 3
289 166 36 3
166 88 36 3
88 96 36 5
96 41 36 5
41 234 36 3
234 228 36 3
228 247 36 3
247 244 36 5
244 177 36 3
177 94 36 3
94 251 36 5
251 294 36 4
294 0 36 0
37 12
0 260 37 5
260 34 37 3
34 235 37 3
235 245 37 5
245 221 37 3
221 132 37 3
132 220 37 3
220 214 37 3
214 110 37 3
110 44 37 3
44 204 37 5
204 0 37 0
38 7
0 254 38 3
254 279 38 5
279 284 38 4
284 112 38 5
112 264 38 4
264 30 38 5
30 0 38 0
39 4
0 250 39 5
250 153 39 4
153 227 39 5
227 0 39 0
