# Solution for ../instances-HHCRSP/InstanzVNS_HCSRP_200_6.txt
# Cost = 1386.71 Dist = 4139.43 Tard = 15.0525 TMax = 5.65858
# <vehicle> <route length>
# <origin node> <dest node> <vehicle> <service type>
0 14
0 195 0 1
195 198 0 2
198 60 0 2
60 13 0 0
13 173 0 2
173 134 0 0
134 61 0 1
61 24 0 1
24 94 0 0
94 80 0 1
80 172 0 0
172 114 0 0
114 113 0 0
113 0 0 0
1 12
0 67 1 2
67 97 1 2
97 20 1 2
20 3 1 2
3 186 1 2
186 188 1 2
188 189 1 2
189 129 1 2
129 40 1 2
40 176 1 2
176 191 1 2
191 0 1 0
2 15
0 16 2 0
16 25 2 2
25 2 2 0
2 193 2 0
193 194 2 2
194 26 2 0
26 185 2 1
185 136 2 0
136 72 2 0
72 128 2 2
128 177 2 1
177 180 2 1
180 98 2 2
98 79 2 2
79 0 2 0
3 14
0 183 3 1
183 82 3 2
82 51 3 2
51 192 3 2
192 47 3 2
47 190 3 2
190 127 3 1
127 126 3 1
126 174 3 1
174 53 3 1
53 196 3 1
196 12 3 2
12 73 3 2
73 0 3 0
4 17
0 122 4 1
122 36 4 1
36 66 4 0
66 33 4 0
33 95 4 1
95 184 4 1
184 18 4 0
18 182 4 0
182 104 4 1
104 19 4 1
19 23 4 1
23 109 4 0
109 15 4 1
15 58 4 1
58 1 4 1
1 106 4 1
106 0 4 0
5 9
0 131 5 0
131 90 5 0
90 44 5 0
44 199 5 0
199 41 5 0
41 181 5 0
181 132 5 0
132 179 5 0
179 0 5 0
6 7
0 178 6 2
178 197 6 2
197 133 6 2
133 64 6 2
64 99 6 2
99 175 6 2
175 0 6 0
7 13
0 43 7 1
43 5 7 1
5 139 7 2
139 22 7 2
22 30 7 2
30 31 7 2
31 59 7 1
59 111 7 1
111 121 7 1
121 119 7 2
119 92 7 2
92 112 7 1
112 0 7 0
8 6
0 124 8 2
124 200 8 1
200 187 8 2
187 116 8 2
116 85 8 1
85 0 8 0
9 7
0 4 9 0
4 171 9 0
171 103 9 0
103 77 9 0
77 78 9 0
78 76 9 1
76 0 9 0
10 8
0 148 10 3
148 154 10 3
154 193 10 3
193 130 10 3
130 170 10 3
170 147 10 3
147 14 10 3
14 0 10 0
11 15
0 148 11 5
148 8 11 4
8 145 11 3
145 184 11 5
184 182 11 4
182 108 11 4
108 71 11 5
71 9 11 4
9 123 11 3
123 170 11 5
170 147 11 5
147 117 11 4
117 180 11 5
180 169 11 3
169 0 11 0
12 7
0 159 12 5
159 167 12 5
167 146 12 5
146 164 12 5
164 142 12 5
142 156 12 5
156 0 12 0
13 13
0 195 13 3
195 198 13 3
198 138 13 3
138 65 13 3
65 153 13 3
153 52 13 3
52 189 13 3
189 102 13 5
102 155 13 5
155 150 13 5
150 168 13 3
168 110 13 3
110 0 13 0
14 7
0 144 14 3
144 141 14 3
141 158 14 3
158 84 14 5
84 172 14 5
172 196 14 3
196 0 14 0
15 10
0 35 15 5
35 165 15 5
165 157 15 5
157 152 15 5
152 186 15 5
186 188 15 3
188 163 15 3
163 28 15 5
28 191 15 5
191 0 15 0
16 18
0 11 16 4
11 144 16 5
144 141 16 5
141 48 16 4
48 153 16 4
153 158 16 4
158 192 16 4
192 46 16 4
46 100 16 4
100 190 16 5
190 87 16 5
87 38 16 5
38 174 16 5
174 155 16 4
155 150 16 4
150 168 16 5
168 166 16 4
166 0 16 0
17 6
0 151 17 5
151 154 17 5
154 140 17 5
140 7 17 5
7 105 17 5
105 0 17 0
18 12
0 159 18 4
159 49 18 4
49 86 18 5
86 39 18 5
39 63 18 3
63 68 18 5
68 83 18 4
83 75 18 4
75 70 18 3
70 96 18 3
96 42 18 4
42 0 18 0
19 16
0 183 19 4
183 55 19 4
55 93 19 5
93 27 19 4
27 91 19 4
91 162 19 4
162 32 19 4
32 120 19 5
120 185 19 4
185 177 19 5
177 149 19 3
149 135 19 4
135 69 19 3
69 125 19 3
125 169 19 5
169 0 19 0
20 12
0 165 20 4
165 157 20 4
157 152 20 4
152 89 20 4
89 173 20 4
173 74 20 5
74 107 20 4
107 101 20 3
101 163 20 4
163 29 20 3
29 176 20 5
176 0 20 0
21 9
0 50 21 3
50 143 21 3
143 54 21 3
54 137 21 5
137 162 21 3
162 21 21 3
21 149 21 5
149 166 21 5
166 0 21 0
22 11
0 151 22 4
151 88 22 4
88 171 22 4
171 17 22 5
17 145 22 4
145 62 22 4
62 194 22 3
194 118 22 4
118 175 22 3
175 115 22 5
115 0 22 0
23 5
0 178 23 4
178 160 23 5
160 34 23 5
34 37 23 4
37 0 23 0
24 8
0 143 24 5
143 197 24 4
197 199 24 4
199 57 24 3
57 164 24 4
164 142 24 4
142 156 24 4
156 0 24 0
25 3
0 160 25 3
160 187 25 5
187 0 25 0
26 3
0 45 26 5
45 6 26 5
6 0 26 0
27 5
0 167 27 4
167 146 27 4
146 81 27 4
81 181 27 4
181 0 27 0
28 5
0 200 28 3
200 161 28 3
161 179 28 3
179 10 28 5
10 0 28 0
29 3
0 56 29 5
56 161 29 4
161 0 29 0
