# Solution for ../instances-HHCRSP/InstanzVNS_HCSRP_100_2.txt
# Cost = 903.722 Dist = 2657.69 Tard = 40.4735 TMax = 13
# <vehicle> <route length>
# <origin node> <dest node> <vehicle> <service type>
0 6
0 14 0 0
14 67 0 0
67 57 0 0
57 6 0 0
6 7 0 0
7 0 0 0
1 7
0 59 1 2
59 40 1 2
40 36 1 2
36 99 1 1
99 95 1 1
95 100 1 1
100 0 1 0
2 14
0 11 2 2
11 26 2 0
26 61 2 2
61 54 2 1
54 19 2 2
19 41 2 2
41 45 2 0
45 34 2 2
34 31 2 1
31 15 2 2
15 21 2 0
21 12 2 2
12 42 2 1
42 0 2 0
3 10
0 96 3 1
96 89 3 1
89 9 3 1
9 17 3 1
17 44 3 1
44 33 3 1
33 98 3 1
98 4 3 1
4 56 3 1
56 0 3 0
4 4
0 43 4 2
43 3 4 2
3 16 4 2
16 0 4 0
5 12
0 46 5 0
46 93 5 2
93 91 5 0
91 94 5 2
94 88 5 2
88 2 5 0
2 66 5 2
66 65 5 2
65 10 5 0
10 97 5 2
97 32 5 0
32 0 5 0
6 7
0 39 6 1
39 92 6 1
92 90 6 1
90 38 6 1
38 87 6 1
87 86 6 0
86 0 6 0
7 13
0 62 7 4
62 72 7 3
72 81 7 3
81 49 7 4
49 73 7 3
73 29 7 3
29 25 7 4
25 76 7 3
76 85 7 3
85 98 7 3
98 37 7 3
37 82 7 3
82 0 7 0
8 14
0 1 8 4
1 72 8 4
72 75 8 4
75 94 8 3
94 84 8 4
84 27 8 4
27 5 8 3
5 78 8 4
78 80 8 4
80 58 8 4
58 79 8 3
79 55 8 5
55 74 8 3
74 0 8 0
9 13
0 71 9 4
71 77 9 4
77 8 9 3
8 13 9 4
13 28 9 5
28 81 9 5
81 48 9 3
48 73 9 5
73 68 9 4
68 18 9 3
18 35 9 4
35 74 9 4
74 0 9 0
10 5
0 53 10 4
53 22 10 3
22 76 10 4
76 24 10 4
24 0 10 0
11 9
0 71 11 5
71 77 11 3
77 91 11 3
91 75 11 3
75 84 11 5
84 88 11 5
88 78 11 3
78 80 11 3
80 0 11 0
12 10
0 96 12 5
96 89 12 5
89 50 12 5
50 93 12 4
93 52 12 4
52 47 12 4
47 97 12 4
97 79 12 4
79 82 12 4
82 0 12 0
13 8
0 83 13 4
83 51 13 5
51 99 13 4
99 85 13 5
85 23 13 5
23 95 13 4
95 70 13 5
70 0 13 0
14 2
0 83 14 5
83 0 14 0
15 11
0 60 15 5
60 69 15 4
69 92 15 4
92 30 15 4
30 63 15 4
63 90 15 3
90 87 15 4
87 86 15 3
86 64 15 3
64 20 15 5
20 0 15 0
16 2
0 100 16 4
100 0 16 0
17 1
0 0 17 0
18 1
0 0 18 0
19 1
0 0 19 0
