# Solution for ../instances-HHCRSP/InstanzCPLEX_HCSRP_50_8.txt
# Cost = 484.126 Dist = 1416.77 Tard = 26.5517 TMax = 9.05526
# <vehicle> <route length>
# <origin node> <dest node> <vehicle> <service type>
0 7
0 10 0 0
10 45 0 2
45 47 0 2
47 13 0 2
13 46 0 2
46 48 0 0
48 0 0 0
1 13
0 43 1 1
43 49 1 0
49 22 1 1
22 33 1 1
33 50 1 1
50 44 1 1
44 27 1 1
27 4 1 1
4 5 1 0
5 16 1 0
16 32 1 1
32 18 1 1
18 0 1 0
2 7
0 11 2 0
11 23 2 2
23 17 2 0
17 21 2 0
21 6 2 2
6 12 2 2
12 0 2 0
3 12
0 43 3 4
43 49 3 3
49 40 3 4
40 7 3 3
7 1 3 4
1 37 3 3
37 38 3 3
38 19 3 3
19 2 3 4
2 29 3 3
29 9 3 5
9 0 3 0
4 10
0 25 4 5
25 8 4 5
8 40 4 5
40 50 4 5
50 34 4 5
34 46 4 3
46 48 4 5
48 39 4 5
39 35 4 4
35 0 4 0
5 7
0 42 5 3
42 45 5 4
45 24 5 4
24 44 5 3
44 47 5 4
47 39 5 4
39 0 5 0
6 7
0 42 6 4
42 37 6 5
37 38 6 4
38 31 6 5
31 3 6 4
3 41 6 4
41 0 6 0
7 8
0 26 7 3
26 14 7 5
14 20 7 3
20 36 7 5
36 30 7 5
30 41 7 5
41 28 7 3
28 0 7 0
8 1
0 0 8 0
9 3
0 15 9 4
15 36 9 4
36 0 9 0
