# Solution for ../instances-HHCRSP/InstanzVNS_HCSRP_100_4.txt
# Cost = 742.313 Dist = 2221.67 Tard = 3.39464 TMax = 1.86854
# <vehicle> <route length>
# <origin node> <dest node> <vehicle> <service type>
0 7
0 92 0 2
92 15 0 2
15 69 0 0
69 33 0 0
33 18 0 0
18 9 0 0
9 0 0 0
1 6
0 39 1 0
39 50 1 0
50 44 1 0
44 16 1 0
16 63 1 0
63 0 1 0
2 3
0 97 2 0
97 94 2 0
94 0 2 0
3 8
0 13 3 2
13 90 3 0
90 20 3 0
20 87 3 2
87 34 3 2
34 93 3 2
93 91 3 0
91 0 3 0
4 11
0 40 4 1
40 55 4 1
55 88 4 1
88 1 4 2
1 96 4 1
96 62 4 0
62 89 4 0
89 36 4 1
36 95 4 2
95 10 4 1
10 0 4 0
5 6
0 24 5 1
24 25 5 1
25 98 5 1
98 86 5 1
86 65 5 1
65 0 5 0
6 14
0 47 6 2
47 7 6 1
7 51 6 2
51 14 6 2
14 54 6 0
54 12 6 2
12 99 6 1
99 41 6 0
41 100 6 1
100 56 6 2
56 64 6 0
64 11 6 2
11 17 6 1
17 0 6 0
7 9
0 42 7 4
42 82 7 3
82 77 7 3
77 59 7 4
59 84 7 3
84 27 7 3
27 80 7 3
80 98 7 3
98 0 7 0
8 7
0 30 8 5
30 92 8 5
92 53 8 5
53 21 8 5
21 86 8 5
86 8 8 4
8 0 8 0
9 13
0 48 9 5
48 58 9 3
58 82 9 4
82 77 9 5
77 84 9 5
84 43 9 5
43 46 9 4
46 5 9 3
5 75 9 4
75 2 9 4
2 81 9 4
81 95 9 3
95 0 9 0
10 10
0 90 10 3
90 49 10 4
49 31 10 4
31 68 10 3
68 60 10 4
60 72 10 3
72 35 10 3
35 89 10 3
89 78 10 4
78 0 10 0
11 9
0 52 11 5
52 38 11 5
38 80 11 4
80 19 11 4
19 29 11 5
29 75 11 5
75 81 11 5
81 79 11 4
79 0 11 0
12 8
0 71 12 4
71 88 12 3
88 83 12 3
83 85 12 5
85 73 12 5
73 87 12 5
87 57 12 4
57 0 12 0
13 4
0 37 13 4
37 76 13 4
76 93 13 4
93 0 13 0
14 10
0 74 14 3
74 32 14 3
32 23 14 4
23 83 14 4
83 85 14 4
85 73 14 3
73 99 14 4
99 61 14 4
61 100 14 4
100 0 14 0
15 9
0 71 15 5
71 74 15 4
74 66 15 3
66 45 15 3
45 96 15 4
96 72 15 5
72 3 15 3
3 78 15 5
78 0 15 0
16 3
0 97 16 3
97 94 16 5
94 0 16 0
17 7
0 6 17 3
6 28 17 3
28 22 17 5
22 26 17 3
26 67 17 3
67 79 17 5
79 0 17 0
18 1
0 0 18 0
19 5
0 4 19 4
4 70 19 5
70 76 19 3
76 91 19 5
91 0 19 0
