# Solution for ../instances-HHCRSP/InstanzVNS_HCSRP_300_7.txt
# Cost = 1718.83 Dist = 5156.11 Tard = 0.197 TMax = 0.197
# <vehicle> <route length>
# <origin node> <dest node> <vehicle> <service type>
0 9
0 53 0 0
53 185 0 0
185 165 0 0
165 102 0 0
102 170 0 0
170 15 0 1
15 151 0 1
151 29 0 0
29 0 0 0
1 14
0 252 1 2
252 2 1 2
2 143 1 0
143 42 1 2
42 108 1 0
108 51 1 0
51 147 1 0
147 115 1 2
115 148 1 0
148 277 1 0
277 149 1 2
149 182 1 0
182 271 1 0
271 0 1 0
2 19
0 114 2 0
114 75 2 2
75 64 2 1
64 280 2 1
280 196 2 1
196 289 2 2
289 77 2 0
77 273 2 2
273 256 2 2
256 255 2 1
255 68 2 1
68 79 2 1
79 155 2 1
155 26 2 2
26 253 2 0
253 57 2 0
57 294 2 2
294 251 2 2
251 0 2 0
3 7
0 260 3 2
260 136 3 2
136 191 3 2
191 285 3 2
285 86 3 2
86 163 3 2
163 0 3 0
4 5
0 124 4 1
124 261 4 1
261 176 4 1
176 263 4 1
263 0 4 0
5 13
0 258 5 1
258 282 5 1
282 24 5 1
24 65 5 2
65 283 5 1
283 90 5 2
90 14 5 1
14 296 5 1
296 80 5 2
80 298 5 1
298 85 5 1
85 134 5 2
134 0 5 0
6 13
0 18 6 0
18 99 6 1
99 141 6 1
141 45 6 1
45 129 6 1
129 100 6 1
100 113 6 1
113 257 6 0
257 164 6 1
164 175 6 1
175 287 6 1
287 12 6 0
12 0 6 0
7 11
0 11 7 0
11 275 7 0
275 145 7 1
145 189 7 0
189 172 7 1
172 38 7 0
38 272 7 1
272 78 7 1
78 46 7 1
46 174 7 1
174 0 7 0
8 15
0 270 8 0
270 290 8 2
290 278 8 2
278 59 8 0
59 293 8 0
293 25 8 2
25 286 8 0
286 67 8 2
67 127 8 0
127 291 8 0
291 269 8 2
269 161 8 0
161 169 8 2
169 9 8 0
9 0 8 0
9 17
0 183 9 1
183 150 9 2
150 266 9 1
266 262 9 1
262 193 9 2
193 105 9 1
105 268 9 1
268 101 9 0
101 40 9 2
40 281 9 2
281 295 9 0
295 297 9 1
297 197 9 1
197 259 9 0
259 186 9 0
186 158 9 1
158 0 9 0
10 4
0 254 10 2
254 279 10 2
279 264 10 2
264 0 10 0
11 12
0 192 11 0
192 131 11 2
131 72 11 0
72 188 11 2
188 288 11 2
288 10 11 0
10 36 11 2
36 13 11 0
13 76 11 0
76 22 11 2
22 106 11 1
106 0 11 0
12 3
0 265 12 2
265 300 12 2
300 0 12 0
13 2
0 146 13 1
146 0 13 0
14 11
0 50 14 0
50 267 14 1
267 284 14 1
284 140 14 0
140 276 14 2
276 187 14 0
187 130 14 2
130 152 14 2
152 63 14 0
63 156 14 0
156 0 14 0
15 8
0 82 15 0
82 97 15 0
97 93 15 1
93 274 15 0
274 33 15 1
33 190 15 1
190 39 15 0
39 0 15 0
16 1
0 0 16 0
17 4
0 292 17 0
292 299 17 2
299 54 17 2
54 0 17 0
18 21
0 252 18 4
252 237 18 3
237 1 18 4
1 178 18 5
178 219 18 4
219 262 18 5
262 70 18 5
70 234 18 3
234 205 18 4
205 126 18 3
126 281 18 5
281 295 18 4
295 209 18 3
209 62 18 3
62 296 18 3
296 94 18 3
94 298 18 4
298 96 18 5
96 253 18 4
253 177 18 3
177 0 18 0
19 11
0 123 19 3
123 235 19 3
235 34 19 3
34 206 19 3
206 98 19 3
98 212 19 3
212 154 19 3
154 44 19 3
44 110 19 3
110 204 19 3
204 0 19 0
20 19
0 240 20 4
240 95 20 4
95 202 20 4
202 210 20 4
210 222 20 5
222 275 20 4
275 41 20 5
41 234 20 4
234 205 20 5
205 209 20 5
209 244 20 4
244 228 20 4
228 247 20 4
247 71 20 4
71 7 20 4
7 249 20 4
249 271 20 4
271 107 20 5
107 0 20 0
21 15
0 240 21 5
240 280 21 3
280 289 21 3
289 217 21 3
217 116 21 5
116 203 21 3
203 242 21 3
242 256 21 4
256 91 21 4
91 55 21 4
55 230 21 3
230 218 21 3
218 264 21 4
264 243 21 4
243 0 21 0
22 19
0 237 22 4
237 202 22 3
202 210 22 3
210 222 22 3
222 31 22 3
31 217 22 5
217 273 22 4
273 203 22 5
203 242 22 4
242 52 22 3
52 272 22 4
272 128 22 3
128 16 22 4
16 230 22 4
230 218 22 5
218 30 22 5
30 117 22 5
117 249 22 5
249 0 22 0
23 13
0 235 23 4
235 206 23 4
206 261 23 4
261 92 23 4
92 212 23 4
212 245 23 4
245 221 23 4
221 274 23 4
274 224 23 4
224 226 23 4
226 47 23 4
47 199 23 5
199 0 23 0
24 19
0 223 24 3
223 208 24 3
208 3 24 3
3 21 24 4
21 109 24 4
109 268 24 5
268 248 24 4
248 74 24 4
74 159 24 5
159 239 24 4
239 215 24 3
215 144 24 3
144 225 24 4
225 61 24 4
61 259 24 3
259 236 24 4
236 294 24 4
294 251 24 5
251 0 24 0
25 6
0 282 25 3
282 233 25 3
233 207 25 3
207 120 25 3
120 32 25 3
32 0 25 0
26 18
0 223 26 4
223 208 26 4
208 258 26 3
258 233 26 5
233 207 26 4
207 118 26 4
118 119 26 5
119 194 26 5
194 88 26 3
88 166 26 3
166 255 26 5
255 244 26 5
244 228 26 3
228 247 26 3
247 277 26 3
277 125 26 5
125 243 26 5
243 0 26 0
27 23
0 232 27 3
232 157 27 3
157 231 27 3
231 270 27 5
270 137 27 4
137 290 27 3
290 135 27 5
135 200 27 4
200 142 27 4
142 293 27 3
293 162 27 5
162 286 27 3
286 28 27 4
28 83 27 3
83 238 27 5
238 180 27 5
180 285 27 5
285 132 27 3
132 220 27 5
220 201 27 3
201 214 27 5
214 287 27 4
287 0 27 0
28 12
0 232 28 5
232 231 28 4
231 20 28 3
20 278 28 3
278 89 28 5
89 84 28 4
84 239 28 5
239 215 28 4
215 27 28 3
27 225 28 5
225 122 28 3
122 0 28 0
29 11
0 216 29 4
216 213 29 3
213 43 29 3
43 241 29 3
241 66 29 3
66 257 29 3
257 6 29 4
6 37 29 4
37 220 29 3
220 214 29 3
214 0 29 0
30 9
0 216 30 5
216 171 30 5
171 195 30 3
195 245 30 5
245 221 30 3
221 224 30 5
224 226 30 5
226 103 30 3
103 0 30 0
31 15
0 211 31 4
211 4 31 4
4 56 31 4
56 168 31 5
168 267 31 4
267 229 31 4
229 35 31 3
35 104 31 4
104 69 31 5
69 248 31 5
248 8 31 5
8 297 31 5
297 111 31 4
111 236 31 5
236 0 31 0
32 14
0 58 32 3
58 23 32 3
23 160 32 3
160 121 32 3
121 73 32 3
73 5 32 4
5 246 32 4
246 198 32 3
198 238 32 3
238 291 32 3
291 269 32 4
269 201 32 4
201 184 32 4
184 0 32 0
33 8
0 211 33 5
211 266 33 5
266 219 33 5
219 229 33 5
229 283 33 5
283 87 33 4
87 179 33 3
179 0 33 0
34 11
0 260 34 5
260 81 34 4
81 133 34 3
133 49 34 4
49 288 34 5
288 167 34 5
167 263 34 4
263 276 34 3
276 19 34 3
19 173 34 5
173 0 34 0
35 9
0 139 35 5
139 265 35 5
265 213 35 4
213 246 35 5
246 300 35 5
300 138 35 4
138 241 35 5
241 181 35 4
181 0 35 0
36 5
0 254 36 3
254 279 36 5
279 284 36 4
284 112 36 5
112 0 36 0
37 5
0 250 37 3
250 292 37 3
292 48 37 3
48 227 37 5
227 0 37 0
38 6
0 250 38 5
250 299 38 5
299 17 38 3
17 60 38 3
60 204 38 5
204 0 38 0
39 3
0 227 39 4
227 153 39 4
153 0 39 0
