# Solution for ../instances-HHCRSP/InstanzVNS_HCSRP_200_5.txt
# Cost = 1378.36 Dist = 4111.8 Tard = 15.8227 TMax = 7.45033
# <vehicle> <route length>
# <origin node> <dest node> <vehicle> <service type>
0 18
0 199 0 0
199 9 0 2
9 184 0 1
184 46 0 2
46 183 0 1
183 17 0 0
17 200 0 2
200 186 0 2
186 69 0 2
69 39 0 1
39 27 0 2
27 97 0 1
97 4 0 2
4 5 0 0
5 189 0 2
189 35 0 1
35 24 0 2
24 0 0 0
1 11
0 71 1 1
71 121 1 1
121 51 1 1
51 86 1 1
86 102 1 1
102 197 1 1
197 18 1 1
18 33 1 1
33 176 1 1
176 75 1 1
75 0 1 0
2 8
0 188 2 2
188 198 2 2
198 64 2 2
64 180 2 2
180 3 2 2
3 36 2 2
36 100 2 2
100 0 2 0
3 12
0 182 3 0
182 115 3 0
115 70 3 0
70 126 3 0
126 23 3 0
23 85 3 0
85 74 3 0
74 41 3 0
41 114 3 0
114 193 3 0
193 137 3 0
137 0 3 0
4 14
0 196 4 2
196 174 4 1
174 192 4 1
192 194 4 1
194 34 4 1
34 117 4 2
117 124 4 2
124 171 4 2
171 76 4 1
76 187 4 2
187 40 4 1
40 173 4 2
173 140 4 2
140 0 4 0
5 20
0 93 5 0
93 77 5 1
77 14 5 0
14 172 5 1
172 99 5 0
99 131 5 0
131 118 5 1
118 185 5 1
185 91 5 1
91 177 5 0
177 119 5 1
119 31 5 1
31 87 5 0
87 25 5 1
25 178 5 0
178 106 5 1
106 88 5 0
88 116 5 0
116 82 5 1
82 0 5 0
6 6
0 15 6 2
15 195 6 2
195 135 6 2
135 30 6 2
30 108 6 2
108 0 6 0
7 9
0 179 7 0
179 181 7 0
181 43 7 0
43 191 7 0
191 190 7 0
190 21 7 0
21 56 7 0
56 104 7 0
104 0 7 0
8 6
0 175 8 1
175 84 8 1
84 90 8 1
90 13 8 1
13 96 8 1
96 0 8 0
9 3
0 81 9 1
81 32 9 2
32 0 9 0
10 14
0 153 10 3
153 11 10 5
11 164 10 3
164 66 10 3
66 155 10 3
155 185 10 3
185 10 10 3
10 142 10 3
142 162 10 3
162 157 10 3
157 112 10 5
112 62 10 3
62 151 10 5
151 0 10 0
11 16
0 153 11 5
153 184 11 4
184 164 11 4
164 2 11 4
2 127 11 5
127 200 11 3
200 186 11 5
186 67 11 3
67 168 11 4
168 68 11 5
68 146 11 3
146 61 11 5
61 89 11 3
89 159 11 4
159 189 11 4
189 0 11 0
12 17
0 111 12 4
111 54 12 5
54 199 12 3
199 188 12 5
188 198 12 4
198 147 12 4
147 144 12 4
144 130 12 4
130 83 12 4
83 142 12 4
142 53 12 4
53 149 12 3
149 134 12 3
134 170 12 3
170 156 12 4
156 148 12 3
148 0 12 0
13 15
0 58 13 4
58 182 13 4
182 8 13 5
8 50 13 3
50 195 13 3
195 167 13 3
167 143 13 3
143 128 13 3
128 20 13 3
20 79 13 3
79 65 13 4
65 132 13 4
132 141 13 4
141 193 13 4
193 0 13 0
14 8
0 196 14 4
196 174 14 4
174 167 14 4
167 143 14 5
143 141 14 5
141 73 14 4
73 145 14 5
145 0 14 0
15 13
0 38 15 3
38 147 15 5
147 144 15 5
144 7 15 4
7 168 15 5
168 113 15 3
113 48 15 4
48 146 15 4
146 150 15 3
150 92 15 3
92 123 15 4
123 159 15 5
159 0 15 0
16 6
0 152 16 5
152 98 16 3
98 191 16 3
191 190 16 3
190 1 16 5
1 0 16 0
17 9
0 152 17 4
152 109 17 4
109 55 17 5
55 129 17 3
129 94 17 3
94 105 17 4
105 197 17 4
197 176 17 3
176 0 17 0
18 17
0 78 18 4
78 122 18 4
122 165 18 3
165 163 18 5
163 80 18 5
80 172 18 5
172 183 18 5
183 63 18 3
63 177 18 3
177 125 18 4
125 162 18 5
162 157 18 5
157 158 18 5
158 103 18 4
103 178 18 4
178 107 18 5
107 0 18 0
19 11
0 154 19 3
154 45 19 3
45 165 19 4
165 163 19 3
163 72 19 4
72 155 19 4
155 47 19 4
47 158 19 4
158 26 19 4
26 150 19 4
150 0 19 0
20 12
0 154 20 5
154 160 20 3
160 166 20 3
166 28 20 3
28 180 20 3
180 52 20 5
52 29 20 3
29 149 20 5
149 170 20 5
170 156 20 5
156 148 20 5
148 0 20 0
21 4
0 138 21 5
138 169 21 3
169 179 21 5
179 0 21 0
22 17
0 160 22 5
160 166 22 5
166 42 22 5
42 60 22 5
60 49 22 5
49 192 22 4
192 194 22 3
194 12 22 3
12 161 22 3
161 120 22 4
120 19 22 5
19 95 22 4
95 171 22 5
171 187 22 3
187 136 22 5
136 145 22 3
145 0 22 0
23 2
0 169 23 5
169 0 23 0
24 5
0 175 24 4
175 181 24 5
181 110 24 5
110 57 24 5
57 0 24 0
25 11
0 16 25 4
16 6 25 5
6 59 25 3
59 133 25 3
133 22 25 5
22 139 25 3
139 161 25 4
161 151 25 4
151 37 25 4
37 173 25 4
173 0 25 0
26 2
0 101 26 5
101 0 26 0
27 2
0 44 27 3
44 0 27 0
28 1
0 0 28 0
29 1
0 0 29 0
