# Solution for ../instances-HHCRSP/InstanzVNS_HCSRP_300_9.txt
# Cost = 1954.71 Dist = 5782.54 Tard = 70.6639 TMax = 10.9112
# <vehicle> <route length>
# <origin node> <dest node> <vehicle> <service type>
0 16
0 4 0 1
4 297 0 0
297 79 0 0
79 27 0 0
27 56 0 0
56 195 0 0
195 257 0 0
257 283 0 0
283 1 0 1
1 187 0 0
187 69 0 0
69 148 0 1
148 291 0 0
291 261 0 0
261 258 0 0
258 0 0 0
1 5
0 294 1 1
294 142 1 1
142 10 1 1
10 263 1 1
263 0 1 0
2 7
0 71 2 0
71 298 2 0
298 284 2 0
284 151 2 0
151 53 2 0
53 140 2 0
140 0 2 0
3 13
0 82 3 1
82 268 3 0
268 274 3 1
274 194 3 0
194 96 3 1
96 61 3 0
61 254 3 1
254 26 3 0
26 152 3 1
152 292 3 1
292 183 3 0
183 174 3 0
174 0 3 0
4 11
0 81 4 0
81 162 4 0
162 299 4 0
299 80 4 0
80 123 4 0
123 90 4 0
90 20 4 0
20 141 4 0
141 278 4 0
278 31 4 0
31 0 4 0
5 11
0 150 5 2
150 262 5 2
262 166 5 0
166 95 5 2
95 158 5 2
158 144 5 0
144 279 5 2
279 57 5 2
57 260 5 2
260 188 5 2
188 0 5 0
6 3
0 273 6 0
273 43 6 0
43 0 6 0
7 14
0 269 7 1
269 177 7 0
177 9 7 1
9 50 7 1
50 161 7 1
161 83 7 0
83 286 7 0
286 134 7 1
134 78 7 1
78 21 7 1
21 176 7 0
176 137 7 1
137 267 7 0
267 0 7 0
8 3
0 73 8 0
73 32 8 0
32 0 8 0
9 15
0 280 9 2
280 36 9 2
36 281 9 1
281 11 9 2
11 255 9 1
255 178 9 2
178 300 9 2
300 18 9 2
18 193 9 2
193 86 9 1
86 259 9 2
259 111 9 2
111 74 9 1
74 138 9 1
138 0 9 0
10 12
0 54 10 1
54 117 10 1
117 64 10 2
64 277 10 1
277 98 10 1
98 143 10 1
143 180 10 1
180 266 10 2
266 271 10 2
271 135 10 1
135 253 10 2
253 0 10 0
11 14
0 59 11 2
59 16 11 2
16 89 11 1
89 288 11 2
288 30 11 1
30 87 11 2
87 122 11 1
122 105 11 1
105 85 11 1
85 28 11 2
28 169 11 2
169 44 11 2
44 172 11 1
172 0 11 0
12 1
0 0 12 0
13 13
0 101 13 1
101 97 13 1
97 275 13 0
275 33 13 0
33 295 13 0
295 252 13 1
252 125 13 1
125 265 13 1
265 184 13 0
184 251 13 0
251 55 13 0
55 293 13 1
293 0 13 0
14 13
0 146 14 2
146 287 14 0
287 147 14 0
147 264 14 0
264 77 14 2
77 139 14 2
139 8 14 0
8 72 14 2
72 191 14 2
191 276 14 2
276 45 14 2
45 112 14 2
112 0 14 0
15 8
0 185 15 2
185 42 15 2
42 23 15 2
23 197 15 2
197 270 15 2
270 126 15 2
126 256 15 2
256 0 15 0
16 15
0 35 16 2
35 116 16 2
116 272 16 2
272 47 16 2
47 124 16 2
124 84 16 2
84 182 16 2
182 58 16 2
58 186 16 2
186 127 16 2
127 296 16 2
296 285 16 2
285 290 16 2
290 157 16 2
157 0 16 0
17 5
0 289 17 1
289 282 17 2
282 60 17 2
60 93 17 2
93 0 17 0
18 14
0 228 18 3
228 67 18 5
67 210 18 3
210 196 18 5
196 119 18 3
119 201 18 4
201 286 18 5
286 208 18 4
208 220 18 4
220 29 18 3
29 236 18 4
236 292 18 5
292 293 18 5
293 0 18 0
19 14
0 228 19 5
228 262 19 5
262 210 19 4
210 264 19 4
264 12 19 4
12 212 19 4
212 221 19 4
221 160 19 4
160 88 19 4
88 200 19 3
200 131 19 5
131 213 19 3
213 260 19 4
260 0 19 0
20 19
0 227 20 4
227 231 20 3
231 242 20 4
242 297 20 3
297 168 20 3
168 6 20 3
6 229 20 3
229 225 20 3
225 232 20 3
232 257 20 3
257 190 20 4
190 38 20 3
38 247 20 3
247 237 20 3
237 291 20 5
291 261 20 5
261 258 20 4
258 118 20 3
118 0 20 0
21 17
0 227 21 5
227 231 21 5
231 242 21 5
242 287 21 5
287 106 21 3
106 255 21 5
255 70 21 5
70 201 21 3
201 212 21 5
212 221 21 3
221 245 21 3
245 62 21 3
62 233 21 3
233 247 21 5
247 237 21 5
237 40 21 5
40 0 21 0
22 10
0 268 22 4
268 274 22 5
274 203 22 4
203 249 22 4
249 103 22 5
103 278 22 4
278 159 22 5
159 171 22 5
171 65 22 5
65 0 22 0
23 9
0 294 23 3
294 211 23 3
211 109 23 3
109 128 23 5
128 46 23 5
46 181 23 3
181 270 23 3
270 253 23 3
253 0 23 0
24 11
0 269 24 3
269 211 24 5
211 48 24 5
48 76 24 3
76 205 24 3
205 115 24 3
115 209 24 3
209 37 24 5
37 230 24 3
230 235 24 3
235 0 24 0
25 16
0 223 25 3
223 280 25 4
280 281 25 4
281 22 25 4
22 155 25 4
155 132 25 3
132 75 25 5
75 19 25 5
19 175 25 3
175 300 25 5
300 245 25 4
245 24 25 4
24 92 25 4
92 213 25 5
213 136 25 3
136 0 25 0
26 14
0 223 26 5
223 68 26 4
68 63 26 4
63 104 26 4
104 173 26 4
173 299 26 3
299 129 26 5
129 110 26 3
110 208 26 5
208 220 26 5
220 51 26 4
51 230 26 5
230 235 26 4
235 0 26 0
27 10
0 239 27 5
239 179 27 5
179 5 27 5
5 288 27 5
288 17 27 5
17 203 27 3
203 249 27 5
249 254 27 3
254 236 27 3
236 0 27 0
28 12
0 145 28 4
145 239 28 4
239 164 28 4
164 130 28 4
130 52 28 4
52 216 28 3
216 226 28 3
226 248 28 4
248 205 28 4
205 209 28 4
209 279 28 4
279 0 28 0
29 14
0 246 29 4
246 165 29 5
165 234 29 3
234 99 29 4
99 25 29 5
25 120 29 4
120 224 29 3
224 218 29 3
218 266 29 3
266 271 29 5
271 244 29 5
244 240 29 5
240 241 29 5
241 0 29 0
30 16
0 170 30 3
170 214 30 3
214 217 30 4
217 156 30 3
156 34 30 4
34 39 30 3
39 277 30 3
277 91 30 3
91 189 30 3
189 3 30 4
3 199 30 3
199 215 30 3
215 244 30 3
244 240 30 4
240 241 30 3
241 0 30 0
31 11
0 246 31 5
246 234 31 4
234 100 31 5
100 7 31 5
7 284 31 5
284 224 31 5
224 218 31 5
218 198 31 5
198 215 31 5
215 153 31 5
153 0 31 0
32 15
0 214 32 5
214 217 32 5
217 298 32 5
298 133 32 3
133 154 32 5
154 275 32 3
275 206 32 4
206 295 32 3
295 163 32 4
163 252 32 5
252 102 32 3
102 94 32 4
94 285 32 3
285 290 32 3
290 0 32 0
33 6
0 289 33 5
289 273 33 3
273 202 33 5
202 204 33 3
204 250 33 3
250 0 33 0
34 16
0 49 34 5
49 192 34 3
192 216 34 5
216 226 34 5
226 248 34 5
248 229 34 5
229 225 34 4
225 232 34 4
232 283 34 4
283 15 34 5
15 233 34 4
233 259 34 4
259 167 34 4
167 276 34 3
276 267 34 5
267 0 34 0
35 8
0 243 35 4
243 222 35 3
222 282 35 4
282 114 35 4
114 149 35 4
149 219 35 3
219 207 35 3
207 0 35 0
36 7
0 243 36 5
243 222 36 5
222 263 36 3
263 14 36 4
14 219 36 5
219 207 36 4
207 0 36 0
37 11
0 66 37 3
66 272 37 5
272 107 37 5
107 113 37 3
113 2 37 4
2 206 37 5
206 265 37 3
265 13 37 4
13 296 37 4
296 251 37 5
251 0 37 0
38 6
0 238 38 4
238 202 38 4
202 204 38 5
204 41 38 4
41 250 38 5
250 0 38 0
39 5
0 238 39 3
238 108 39 5
108 121 39 4
121 256 39 3
256 0 39 0
