# Solution for ../instances-HHCRSP/InstanzCPLEX_HCSRP_75_2.txt
# Cost = 736.67 Dist = 2200.97 Tard = 5.85581 TMax = 3.18268
# <vehicle> <route length>
# <origin node> <dest node> <vehicle> <service type>
0 18
0 14 0 0
14 26 0 0
26 11 0 2
11 72 0 2
72 41 0 2
41 19 0 2
19 2 0 0
2 45 0 0
45 68 0 2
68 34 0 2
34 15 0 2
15 10 0 0
10 65 0 0
65 74 0 0
74 12 0 2
12 4 0 1
4 42 0 1
42 0 0 0
1 6
0 17 1 1
17 67 1 1
67 44 1 1
44 33 1 1
33 38 1 1
38 0 1 0
2 10
0 46 2 0
46 71 2 0
71 70 2 0
70 69 2 0
69 64 2 0
64 7 2 0
7 6 2 0
6 21 2 0
21 32 2 0
32 0 2 0
3 8
0 75 3 2
75 39 3 1
39 3 3 2
3 40 3 2
40 36 3 2
36 43 3 2
43 16 3 2
16 0 3 0
4 5
0 9 4 1
9 73 4 1
73 66 4 1
66 31 4 1
31 0 4 0
5 11
0 62 5 3
62 53 5 4
53 13 5 4
13 48 5 3
48 29 5 3
29 73 5 5
73 66 5 3
66 35 5 4
35 65 5 4
65 74 5 3
74 0 5 0
6 2
0 75 6 3
75 0 6 0
7 10
0 62 7 4
62 53 7 5
53 72 7 4
72 28 7 5
28 56 7 4
56 58 7 5
58 55 7 5
55 47 7 4
47 24 7 4
24 0 7 0
8 3
0 60 8 3
60 63 8 3
63 0 8 0
9 11
0 71 9 4
71 54 9 3
54 61 9 3
61 25 9 4
25 22 9 3
22 57 9 3
57 37 9 3
37 56 9 3
56 58 9 4
58 55 9 4
55 0 9 0
10 3
0 51 10 5
51 59 10 5
59 0 10 0
11 3
0 60 11 4
60 69 11 4
69 0 11 0
12 9
0 54 12 4
54 61 12 5
61 8 12 3
8 49 12 4
49 27 12 4
27 68 12 5
68 5 12 3
5 18 12 3
18 0 12 0
13 6
0 50 13 5
50 30 13 4
30 57 13 4
57 23 13 5
23 70 13 5
70 0 13 0
14 8
0 1 14 4
1 67 14 3
67 59 14 4
59 52 14 4
52 63 14 4
63 64 14 4
64 20 14 5
20 0 14 0
