# Solution for ../instances-HHCRSP/InstanzVNS_HCSRP_100_4.txt
# Cost = 757.475 Dist = 2271.19 Tard = 0.61577 TMax = 0.61577
# <vehicle> <route length>
# <origin node> <dest node> <vehicle> <service type>
0 10
0 13 0 2
13 90 0 0
90 20 0 0
20 1 0 2
1 62 0 0
62 41 0 0
41 56 0 2
56 64 0 0
64 11 0 2
11 0 0 0
1 6
0 50 1 0
50 39 1 0
39 16 1 0
16 44 1 0
44 63 1 0
63 0 1 0
2 2
0 94 2 0
94 0 2 0
3 7
0 92 3 2
92 15 3 2
15 69 3 0
69 33 3 0
33 93 3 2
93 91 3 0
91 0 3 0
4 14
0 47 4 2
47 14 4 2
14 51 4 2
51 7 4 1
7 54 4 0
54 12 4 2
12 87 4 2
87 25 4 1
25 34 4 2
34 89 4 0
89 96 4 1
96 17 4 1
17 65 4 1
65 0 4 0
5 6
0 40 5 1
40 55 5 1
55 88 5 1
88 99 5 1
99 100 5 1
100 0 5 0
6 10
0 97 6 0
97 24 6 1
24 98 6 1
98 18 6 0
18 86 6 1
86 10 6 1
10 95 6 2
95 36 6 1
36 9 6 0
9 0 6 0
7 11
0 90 7 3
90 49 7 4
49 31 7 4
31 68 7 3
68 60 7 4
60 72 7 3
72 78 7 4
78 35 7 3
35 89 7 3
89 57 7 4
57 0 7 0
8 13
0 48 8 5
48 58 8 3
58 82 8 3
82 77 8 3
77 59 8 4
59 84 8 3
84 27 8 3
27 80 8 3
80 98 8 3
98 19 8 4
19 29 8 5
29 53 8 5
53 0 8 0
9 6
0 28 9 3
28 6 9 3
6 87 9 5
87 81 9 4
81 95 9 3
95 0 9 0
10 13
0 42 10 4
42 82 10 4
82 77 10 5
77 84 10 5
84 43 10 5
43 46 10 4
46 5 10 3
5 75 10 4
75 81 10 5
81 26 10 3
26 67 10 3
67 79 10 4
79 0 10 0
11 5
0 30 11 5
30 92 11 5
92 21 11 5
21 86 11 5
86 0 11 0
12 11
0 71 12 4
71 74 12 3
74 66 12 3
66 45 12 3
45 83 12 3
83 73 12 3
73 85 12 4
85 61 12 4
61 99 12 4
99 100 12 4
100 0 12 0
13 3
0 76 13 4
76 37 13 4
37 0 13 0
14 4
0 97 14 3
97 4 14 4
4 8 14 4
8 0 14 0
15 13
0 71 15 5
71 74 15 4
74 32 15 3
32 23 15 4
23 88 15 3
88 83 15 4
83 73 15 5
73 85 15 5
85 72 15 5
72 78 15 5
78 96 15 4
96 3 15 3
3 0 15 0
16 2
0 94 16 5
94 0 16 0
17 8
0 52 17 5
52 38 17 5
38 80 17 4
80 75 17 5
75 2 17 4
2 22 17 5
22 79 17 5
79 0 17 0
18 1
0 0 18 0
19 5
0 76 19 3
76 93 19 4
93 70 19 5
70 91 19 5
91 0 19 0
