# Solution for ../instances-HHCRSP/InstanzCPLEX_HCSRP_75_7.txt
# Cost = 614.551 Dist = 1843.65 Tard = 0 TMax = 0
# <vehicle> <route length>
# <origin node> <dest node> <vehicle> <service type>
0 7
0 50 0 0
50 10 0 0
10 74 0 0
74 29 0 0
29 9 0 0
9 12 0 0
12 0 0 0
1 13
0 2 1 2
2 42 1 2
42 11 1 0
11 38 1 0
38 64 1 0
64 40 1 2
40 51 1 0
51 70 1 1
70 68 1 1
68 26 1 2
26 71 1 0
71 46 1 1
46 0 1 0
2 9
0 72 2 1
72 18 2 0
18 73 2 0
73 75 2 1
75 33 2 1
33 39 2 0
39 15 2 1
15 13 2 0
13 0 2 0
3 5
0 65 3 1
65 24 3 1
24 14 3 1
14 69 3 1
69 0 3 0
4 7
0 25 4 2
25 45 4 1
45 67 4 2
67 66 4 1
66 22 4 2
22 36 4 2
36 0 4 0
5 10
0 4 5 4
4 32 5 3
32 1 5 4
1 41 5 5
41 62 5 4
62 69 5 3
69 74 5 4
74 27 5 3
27 48 5 3
48 0 5 0
6 5
0 58 6 3
58 5 6 4
5 75 6 4
75 37 6 4
37 0 6 0
7 8
0 58 7 4
58 43 7 3
43 73 7 3
73 53 7 5
53 47 7 4
47 54 7 4
54 60 7 3
60 0 7 0
8 4
0 17 8 3
17 54 8 3
54 60 8 5
60 0 8 0
9 10
0 21 9 4
21 65 9 5
65 31 9 3
31 52 9 3
52 55 9 3
55 16 9 4
16 57 9 4
57 7 9 4
7 71 9 3
71 0 9 0
10 8
0 72 10 4
72 34 10 3
34 20 10 3
20 28 10 4
28 6 10 4
6 67 10 5
67 66 10 3
66 0 10 0
11 8
0 56 11 3
56 35 11 3
35 49 11 4
49 19 11 3
19 8 11 5
8 61 11 3
61 63 11 3
63 0 11 0
12 5
0 23 12 3
23 53 12 3
53 59 12 4
59 44 12 3
44 0 12 0
13 12
0 56 13 5
56 3 13 3
3 64 13 4
64 62 13 5
62 70 13 5
70 68 13 4
68 55 13 4
55 57 13 5
57 30 13 5
30 61 13 4
61 63 13 4
63 0 13 0
14 2
0 59 14 3
59 0 14 0
