# Solution for ../instances-HHCRSP/InstanzVNS_HCSRP_300_5.txt
# Cost = 1712.07 Dist = 5117.08 Tard = 11.5187 TMax = 7.61301
# <vehicle> <route length>
# <origin node> <dest node> <vehicle> <service type>
0 18
0 261 0 0
261 93 0 0
93 131 0 0
131 296 0 0
296 17 0 0
17 91 0 1
91 164 0 0
164 31 0 1
31 87 0 0
87 39 0 1
39 119 0 1
119 146 0 0
146 162 0 1
162 97 0 1
97 25 0 1
25 263 0 1
263 88 0 0
88 0 0 0
1 4
0 266 1 1
266 81 1 1
81 90 1 1
90 0 1 0
2 16
0 272 2 2
272 77 2 1
77 268 2 1
268 299 2 2
299 9 2 2
9 118 2 1
118 286 2 2
286 144 2 1
144 283 2 1
283 254 2 2
254 178 2 1
178 33 2 1
33 86 2 1
86 197 2 1
197 171 2 2
171 0 2 0
3 9
0 126 3 0
126 180 3 0
180 188 3 0
188 23 3 0
23 85 3 0
85 104 3 0
104 274 3 0
274 264 3 0
264 0 3 0
4 3
0 179 4 2
179 258 4 2
258 0 4 0
5 4
0 259 5 0
259 267 5 0
267 114 5 0
114 0 5 0
6 11
0 174 6 1
174 161 6 1
161 121 6 1
121 34 6 1
34 147 6 1
147 18 6 1
18 35 6 1
35 156 6 1
156 82 6 1
82 40 6 1
40 0 6 0
7 14
0 14 7 0
14 46 7 2
46 255 7 0
255 165 7 0
165 99 7 0
99 183 7 2
183 284 7 2
284 5 7 0
5 280 7 0
280 116 7 0
116 271 7 0
271 24 7 2
24 270 7 0
270 0 7 0
8 4
0 15 8 2
15 167 8 2
167 181 8 2
181 0 8 0
9 15
0 293 9 2
293 192 9 2
192 257 9 2
257 117 9 2
117 253 9 2
253 3 9 2
3 36 9 2
36 265 9 2
265 64 9 2
64 277 9 2
277 289 9 2
289 140 9 2
140 145 9 2
145 108 9 2
108 0 9 0
10 8
0 195 10 0
195 135 10 2
135 30 10 2
30 32 10 2
32 43 10 0
43 290 10 2
290 41 10 0
41 0 10 0
11 16
0 260 11 1
260 262 11 0
262 256 11 1
256 291 11 2
291 186 11 1
186 285 11 1
285 300 11 0
300 27 11 2
27 294 11 0
294 69 11 2
69 251 11 0
251 275 11 1
275 158 11 2
158 4 11 2
4 106 11 1
106 0 11 0
12 3
0 297 12 1
297 287 12 1
287 0 12 0
13 4
0 279 13 1
279 71 13 1
71 175 13 1
175 0 13 0
14 16
0 269 14 0
269 154 14 1
154 292 14 0
292 51 14 1
51 170 14 1
170 102 14 1
102 21 14 0
21 273 14 1
273 74 14 0
74 278 14 0
278 56 14 0
56 76 14 1
76 281 14 0
281 137 14 0
137 13 14 1
13 0 14 0
15 11
0 115 15 0
115 276 15 2
276 182 15 2
182 288 15 2
288 70 15 0
70 295 15 2
295 100 15 2
100 124 15 2
124 282 15 0
282 298 15 0
298 0 15 0
16 3
0 252 16 2
252 193 16 2
193 0 16 0
17 5
0 169 17 1
169 84 17 1
84 96 17 1
96 75 17 1
75 0 17 0
18 5
0 266 18 4
266 202 18 4
202 231 18 4
231 258 18 4
258 0 18 0
19 17
0 229 19 5
229 233 19 4
233 217 19 5
217 212 19 4
212 125 19 4
125 103 19 4
103 249 19 5
249 112 19 5
112 230 19 4
230 225 19 4
225 208 19 4
208 105 19 4
105 232 19 4
232 148 19 4
148 234 19 5
234 136 19 5
136 0 19 0
20 19
0 261 20 3
261 6 20 5
6 272 20 4
272 172 20 3
172 233 20 5
233 268 20 3
268 299 20 5
299 241 20 3
241 168 20 3
168 226 20 3
226 68 20 5
68 223 20 4
223 284 20 4
284 150 20 5
150 224 20 3
224 214 20 3
214 159 20 4
159 221 20 3
221 0 20 0
21 19
0 229 21 3
229 45 21 3
45 163 21 3
163 122 21 4
122 184 21 3
184 66 21 3
66 155 21 3
155 2 21 4
2 10 21 3
10 285 21 3
285 300 21 3
300 92 21 3
92 251 21 5
251 123 21 4
123 275 21 4
275 26 21 4
26 242 21 3
242 221 21 4
221 0 21 0
22 4
0 58 22 4
58 259 22 5
259 231 22 3
231 0 22 0
23 18
0 218 23 3
218 245 23 4
245 11 23 5
11 153 23 4
153 255 23 5
255 216 23 3
216 200 23 4
200 72 23 4
72 185 23 3
185 127 23 5
127 67 23 3
67 226 23 5
226 47 23 4
47 294 23 5
294 224 23 4
224 214 23 4
214 107 23 5
107 0 23 0
24 18
0 218 24 5
218 245 24 5
245 296 24 4
296 216 24 5
216 142 24 5
142 177 24 5
177 53 24 4
53 48 24 4
48 83 24 4
83 223 24 5
223 89 24 3
89 61 24 5
61 134 24 3
134 213 24 4
213 205 24 3
205 263 24 5
263 243 24 3
243 0 24 0
25 18
0 209 25 4
209 59 25 3
59 198 25 5
198 60 25 5
60 22 25 5
22 240 25 4
240 237 25 4
237 250 25 3
250 62 25 3
62 206 25 3
206 204 25 3
204 227 25 4
227 220 25 4
220 189 25 5
189 213 25 5
213 205 25 4
205 243 25 4
243 0 25 0
26 15
0 209 26 5
209 260 26 4
260 130 26 4
130 217 26 3
217 212 26 5
212 63 26 3
63 286 26 5
286 283 26 3
283 157 26 5
157 7 26 4
7 149 26 4
149 254 26 3
254 113 26 3
113 242 26 5
242 0 26 0
27 21
0 239 27 3
239 160 27 5
160 219 27 3
219 199 27 4
199 55 27 5
55 120 27 4
120 295 27 4
295 109 27 4
109 19 27 5
19 228 27 4
228 65 27 4
65 191 27 3
191 132 27 4
132 238 27 4
238 287 27 5
287 282 27 5
282 211 27 3
211 203 27 3
203 44 27 3
44 73 27 4
73 0 27 0
28 12
0 248 28 3
248 152 28 5
152 38 28 3
38 293 28 5
293 12 28 3
12 28 28 3
28 279 28 5
279 166 28 3
166 222 28 3
222 176 28 5
176 234 28 3
234 0 28 0
29 11
0 239 29 4
239 219 29 4
219 52 29 5
52 133 29 3
133 250 29 5
250 206 29 4
206 220 29 5
220 280 29 4
280 271 29 5
271 270 29 4
270 0 29 0
30 11
0 248 30 5
248 210 30 3
210 297 30 3
297 50 30 3
50 228 30 5
228 129 30 3
129 238 30 5
238 211 30 5
211 203 30 5
203 298 30 3
298 0 30 0
31 10
0 235 31 3
235 210 31 5
210 236 31 3
236 244 31 3
244 215 31 3
215 110 31 5
110 128 31 3
128 267 31 3
267 57 31 5
57 0 31 0
32 8
0 235 32 4
235 138 32 5
138 236 32 5
236 244 32 4
244 215 32 4
215 141 32 4
141 252 32 4
252 0 32 0
33 9
0 269 33 4
269 54 33 5
54 257 33 4
257 222 33 5
222 264 33 5
264 1 33 5
1 207 33 5
207 101 33 5
101 0 33 0
34 13
0 276 34 4
276 196 34 3
196 111 34 4
111 288 34 3
288 194 34 4
194 253 34 3
253 94 34 3
94 265 34 4
265 273 34 5
273 278 34 5
278 187 34 3
187 281 34 3
281 0 34 0
35 15
0 42 35 5
42 262 35 3
262 78 35 4
78 256 35 5
256 291 35 4
291 241 35 5
241 80 35 5
80 249 35 3
249 230 35 3
230 225 35 3
225 151 35 3
151 208 35 3
208 232 35 3
232 173 35 3
173 0 35 0
36 5
0 143 36 3
143 98 36 3
98 202 36 3
202 207 36 3
207 0 36 0
37 8
0 20 37 3
20 246 37 4
246 190 37 4
190 247 37 4
247 201 37 3
201 274 37 5
274 95 37 4
95 0 37 0
38 13
0 16 38 4
16 49 38 5
49 139 38 3
139 292 38 3
292 240 38 5
240 237 38 5
237 29 38 3
29 204 38 5
204 227 38 5
227 277 38 3
277 289 38 4
289 37 38 4
37 0 38 0
39 7
0 246 39 5
246 8 39 5
8 247 39 5
247 201 39 5
201 79 39 3
79 290 39 5
290 0 39 0
