# Solution for ../instances-HHCRSP/InstanzVNS_HCSRP_300_6.txt
# Cost = 1763.18 Dist = 5275.4 Tard = 9.81744 TMax = 4.33179
# <vehicle> <route length>
# <origin node> <dest node> <vehicle> <service type>
0 12
0 258 0 0
258 4 0 0
4 173 0 0
173 256 0 1
256 134 0 0
134 158 0 1
158 174 0 1
174 262 0 0
262 268 0 1
268 191 0 1
191 289 0 1
289 0 0 0
1 9
0 183 1 1
183 279 1 1
279 95 1 1
95 19 1 1
19 104 1 1
104 273 1 1
273 177 1 1
177 270 1 1
270 0 1 0
2 16
0 51 2 2
51 144 2 2
144 60 2 2
60 13 2 0
13 47 2 2
47 276 2 2
276 3 2 2
3 287 2 2
287 53 2 1
53 94 2 0
94 24 2 1
24 80 2 1
80 251 2 2
251 253 2 1
253 297 2 1
297 0 2 0
3 19
0 25 3 2
25 282 3 2
282 67 3 2
67 184 3 2
184 97 3 2
97 82 3 2
82 264 3 1
264 269 3 1
269 182 3 1
182 296 3 2
296 128 3 2
128 40 3 2
40 267 3 2
267 168 3 2
168 1 3 1
1 58 3 1
58 266 3 2
266 150 3 2
150 0 3 0
4 17
0 43 4 1
43 36 4 1
36 66 4 0
66 18 4 0
18 33 4 0
33 103 4 0
103 78 4 0
78 295 4 0
295 277 4 1
277 23 4 1
23 189 4 0
189 127 4 1
127 190 4 0
190 109 4 0
109 106 4 1
106 254 4 0
254 0 4 0
5 9
0 290 5 0
290 5 5 1
5 90 5 0
90 291 5 0
291 280 5 0
280 193 5 1
193 147 5 1
147 26 5 0
26 0 5 0
6 12
0 31 6 2
31 124 6 2
124 133 6 2
133 197 6 2
197 119 6 2
119 64 6 2
64 99 6 2
99 98 6 2
98 187 6 2
187 156 6 2
156 294 6 2
294 0 6 0
7 5
0 139 7 2
139 22 7 2
22 116 7 2
116 181 7 2
181 0 7 0
8 3
0 111 8 1
111 121 8 1
121 0 8 0
9 14
0 165 9 0
165 20 9 2
20 198 9 0
198 188 9 1
188 252 9 1
252 292 9 1
292 61 9 1
61 288 9 1
288 172 9 1
172 114 9 0
114 12 9 2
12 73 9 2
73 113 9 0
113 0 9 0
10 9
0 151 10 0
151 157 10 0
157 275 10 1
275 271 10 0
271 126 10 1
126 278 10 1
278 15 10 1
15 261 10 1
261 0 10 0
11 4
0 30 11 2
30 92 11 2
92 300 11 2
300 0 11 0
12 18
0 283 12 0
283 143 12 2
143 16 12 0
16 299 12 2
299 284 12 0
284 255 12 2
255 285 12 1
285 2 12 0
2 265 12 2
265 136 12 0
136 77 12 0
77 72 12 0
72 129 12 2
129 180 12 2
180 76 12 1
76 257 12 1
257 79 12 2
79 0 12 0
13 10
0 159 13 1
159 131 13 0
131 281 13 1
281 298 13 1
298 260 13 0
260 259 13 0
259 199 13 0
199 286 13 0
286 272 13 0
272 0 13 0
14 4
0 44 14 0
44 132 14 0
132 161 14 0
161 0 14 0
15 4
0 122 15 1
122 293 15 1
293 274 15 1
274 0 15 0
16 5
0 59 16 1
59 112 16 1
112 263 16 1
263 85 16 1
85 0 16 0
17 3
0 41 17 0
41 142 17 0
142 0 17 0
18 16
0 195 18 4
195 152 18 5
152 258 18 3
258 216 18 4
216 48 18 4
48 276 18 3
276 242 18 3
242 287 18 5
287 248 18 4
248 28 18 5
28 108 18 4
108 230 18 3
230 206 18 4
206 229 18 3
229 254 18 3
254 0 18 0
19 14
0 250 19 3
250 55 19 4
55 279 19 3
279 27 19 4
27 200 19 4
200 149 19 4
149 241 19 3
241 219 19 3
219 211 19 3
211 101 19 3
101 218 19 3
218 247 19 3
247 297 19 3
297 0 19 0
20 12
0 250 20 4
250 215 20 4
215 228 20 3
228 8 20 4
8 21 20 3
21 140 20 5
140 32 20 4
32 130 20 3
130 227 20 5
227 225 20 3
225 224 20 5
224 0 20 0
21 16
0 215 21 5
215 228 21 5
228 145 21 3
145 62 21 4
62 264 21 3
264 269 21 4
269 9 21 4
9 71 21 5
71 295 21 4
295 277 21 5
277 267 21 4
267 163 21 5
163 278 21 4
278 29 21 3
29 266 21 5
266 0 21 0
22 15
0 290 22 5
290 210 22 3
210 6 22 5
6 86 22 5
86 68 22 5
68 146 22 3
146 81 22 4
81 203 22 4
203 260 22 3
260 259 22 5
259 201 22 3
201 274 22 5
274 272 22 4
272 179 22 5
179 0 22 0
23 14
0 11 23 4
11 249 23 3
249 216 23 5
216 242 23 5
242 46 23 4
46 244 23 3
244 155 23 5
155 239 23 4
239 236 23 3
236 38 23 5
38 251 23 3
251 253 23 4
253 247 23 4
247 0 23 0
24 14
0 56 24 5
56 50 24 3
50 283 24 5
283 54 24 3
54 299 24 3
299 284 24 5
284 255 24 3
255 285 24 4
285 265 24 3
265 273 24 3
273 117 24 4
117 169 24 4
169 257 24 4
257 0 24 0
25 13
0 238 25 3
238 282 25 5
282 243 25 3
243 148 25 4
148 91 25 4
91 162 25 5
162 296 25 5
296 185 25 5
185 235 25 3
235 69 25 3
69 125 25 3
125 226 25 3
226 0 25 0
26 15
0 238 26 4
238 249 26 5
249 74 26 5
74 141 26 5
141 192 26 3
192 89 26 4
89 84 26 5
84 107 26 4
107 256 26 5
256 292 26 3
292 219 26 4
219 211 26 5
211 288 26 4
288 218 26 4
218 0 26 0
27 16
0 208 27 3
208 202 27 3
202 35 27 5
35 7 27 5
7 137 27 5
137 243 27 4
243 291 27 3
291 280 27 4
280 194 27 5
194 120 27 5
120 123 27 3
123 235 27 4
235 170 27 5
170 175 27 3
175 226 27 4
226 0 27 0
28 15
0 208 28 5
208 202 28 4
202 154 28 3
154 171 28 5
171 65 28 3
65 275 28 5
275 17 28 5
17 153 28 5
153 100 28 4
100 248 28 5
248 102 28 5
102 230 28 4
230 206 28 5
206 166 28 5
166 0 28 0
29 7
0 210 29 4
210 83 29 4
83 203 29 5
203 222 29 3
222 220 29 4
220 75 29 4
75 0 29 0
30 10
0 160 30 5
160 39 30 5
39 49 30 4
49 45 30 5
45 37 30 4
37 293 30 4
293 286 30 5
286 201 30 4
201 96 30 3
96 0 30 0
31 10
0 246 31 3
246 167 31 4
167 205 31 4
205 237 31 4
237 281 31 5
281 298 31 3
298 222 31 5
222 220 31 5
220 294 31 3
294 0 31 0
32 6
0 246 32 5
246 205 32 5
205 237 32 5
237 164 32 3
164 10 32 5
10 0 32 0
33 13
0 178 33 4
178 233 33 4
233 34 33 5
34 209 33 3
209 223 33 4
223 105 33 5
105 232 33 3
232 221 33 3
221 118 33 4
118 213 33 4
213 14 33 3
14 115 33 5
115 0 33 0
34 16
0 88 34 4
88 231 34 3
231 93 34 5
93 214 34 3
214 204 34 4
204 207 34 3
207 138 34 3
138 186 34 5
186 252 34 5
252 241 34 4
241 87 34 5
87 262 34 3
262 268 34 3
268 261 34 4
261 289 34 4
289 0 34 0
35 15
0 231 35 5
231 214 35 5
214 204 35 5
204 207 35 5
207 52 35 3
52 271 35 5
271 244 35 4
244 239 35 5
239 236 35 5
236 196 35 4
196 176 35 5
176 110 35 3
110 229 35 4
229 135 35 4
135 0 35 0
36 6
0 212 36 4
212 57 36 3
57 227 36 4
227 225 36 4
225 224 36 3
224 0 36 0
37 8
0 234 37 4
234 63 37 3
63 240 37 3
240 217 37 4
217 300 37 4
300 263 37 4
263 245 37 3
245 0 37 0
38 10
0 233 38 5
233 209 38 5
209 223 38 5
223 232 38 4
232 221 38 5
221 213 38 5
213 270 38 5
270 42 38 4
42 70 38 3
70 0 38 0
39 6
0 212 39 5
212 234 39 5
234 240 39 4
240 217 39 5
217 245 39 4
245 0 39 0
