# Solution for ../instances-HHCRSP/InstanzVNS_HCSRP_300_7.txt
# Cost = 1698.16 Dist = 5087.4 Tard = 5.21896 TMax = 1.84957
# <vehicle> <route length>
# <origin node> <dest node> <vehicle> <service type>
0 17
0 24 0 1
24 145 0 1
145 275 0 0
275 189 0 0
189 38 0 0
38 172 0 1
172 77 0 0
77 280 0 1
280 196 0 1
196 272 0 1
272 78 0 1
78 277 0 0
277 182 0 0
182 174 0 1
174 46 0 1
46 271 0 0
271 0 0 0
1 13
0 265 1 2
265 53 1 0
53 97 1 0
97 191 1 2
191 82 1 0
82 165 1 0
165 170 1 0
170 102 1 0
102 29 1 0
29 22 1 2
22 299 1 2
299 54 1 2
54 0 1 0
2 18
0 65 2 2
65 11 2 0
11 252 2 2
252 108 2 0
108 51 2 0
51 273 2 2
273 256 2 2
256 289 2 2
289 148 2 0
148 147 2 0
147 155 2 1
155 79 2 1
79 26 2 2
26 253 2 0
253 57 2 0
57 294 2 2
294 251 2 2
251 0 2 0
3 7
0 188 3 2
188 278 3 2
278 150 3 2
150 288 3 2
288 130 3 2
130 276 3 2
276 0 3 0
4 12
0 113 4 1
113 99 4 1
99 141 4 1
141 100 4 1
100 45 4 1
45 164 4 1
164 93 4 1
93 33 4 1
33 151 4 1
151 15 4 1
15 106 4 1
106 0 4 0
5 5
0 254 5 2
254 279 5 2
279 284 5 1
284 264 5 2
264 0 5 0
6 7
0 192 6 0
192 266 6 1
266 268 6 1
268 101 6 0
101 158 6 1
158 140 6 0
140 0 6 0
7 3
0 146 7 1
146 292 7 0
292 0 7 0
8 15
0 260 8 2
260 270 8 0
270 290 8 2
290 59 8 0
59 293 8 0
293 25 8 2
25 286 8 0
286 67 8 2
67 127 8 0
127 274 8 0
274 285 8 2
285 269 8 2
269 291 8 0
291 86 8 2
86 0 8 0
9 16
0 282 9 1
282 42 9 2
42 143 9 0
143 2 9 2
2 262 9 1
262 105 9 1
105 193 9 2
193 281 9 2
281 295 9 0
295 40 9 2
40 297 9 1
297 197 9 1
197 259 9 0
259 186 9 0
186 152 9 2
152 0 9 0
10 1
0 0 10 0
11 10
0 124 11 1
124 261 11 1
261 176 11 1
176 263 11 1
263 187 11 0
187 76 11 0
76 36 11 2
36 190 11 1
190 39 11 0
39 0 11 0
12 1
0 0 12 0
13 1
0 0 13 0
14 20
0 50 14 0
50 258 14 1
258 267 14 1
267 131 14 2
131 114 14 0
114 75 14 2
75 64 14 1
64 283 14 1
283 90 14 2
90 14 14 1
14 296 14 1
296 80 14 2
80 68 14 1
68 255 14 1
255 115 14 2
115 134 14 2
134 298 14 1
298 85 14 1
85 149 14 2
149 0 14 0
15 7
0 72 15 0
72 183 15 1
183 10 15 0
10 63 15 0
63 156 15 0
156 13 15 0
13 0 15 0
16 1
0 0 16 0
17 14
0 18 17 0
18 136 17 2
136 129 17 1
129 300 17 2
300 257 17 0
257 185 17 0
185 169 17 2
169 161 17 0
161 9 17 0
9 163 17 2
163 175 17 1
175 287 17 1
287 12 17 0
12 0 17 0
18 20
0 231 18 3
231 20 18 3
20 278 18 3
278 81 18 4
81 133 18 3
133 49 18 4
49 288 18 5
288 35 18 3
35 248 18 4
248 69 18 5
69 104 18 4
104 283 18 5
283 109 18 4
109 297 18 5
297 209 18 5
209 111 18 4
111 236 18 5
236 294 18 4
294 251 18 5
251 0 18 0
19 8
0 3 19 3
3 207 19 3
207 233 19 3
233 258 19 3
258 128 19 3
128 230 19 3
230 218 19 3
218 0 19 0
20 13
0 231 20 4
231 232 20 5
232 270 20 5
270 137 20 4
137 135 20 5
135 200 20 4
200 142 20 4
142 245 20 4
245 221 20 4
221 274 20 4
274 285 20 5
285 201 20 4
201 0 20 0
21 16
0 265 21 5
265 216 21 4
216 213 21 3
213 73 21 3
73 246 21 4
246 138 21 4
138 300 21 5
300 241 21 5
241 66 21 3
66 181 21 4
181 6 21 4
6 184 21 4
184 220 21 3
220 214 21 3
214 287 21 4
287 0 21 0
22 12
0 216 22 5
216 213 22 4
213 43 22 3
43 5 22 4
5 246 22 5
246 198 22 3
198 238 22 3
238 180 22 5
180 132 22 3
132 220 22 5
220 214 22 5
214 0 22 0
23 18
0 168 23 5
168 207 23 4
207 240 23 4
240 233 23 5
233 275 23 4
275 222 23 5
222 41 23 5
41 205 23 5
205 234 23 4
234 228 23 4
228 247 23 4
247 244 23 5
244 255 23 5
255 125 23 5
125 16 23 4
16 107 23 5
107 243 23 4
243 0 23 0
24 13
0 206 24 3
206 34 24 3
34 235 24 4
235 293 24 3
293 162 24 5
162 286 24 3
286 28 24 4
28 83 24 3
83 238 24 5
238 269 24 4
269 291 24 3
291 201 24 3
201 0 24 0
25 7
0 254 25 3
254 223 25 3
223 19 25 3
19 250 25 3
250 292 25 3
292 48 25 3
48 0 25 0
26 12
0 206 26 4
206 98 26 3
98 123 26 3
123 261 26 4
261 92 26 4
92 154 26 3
154 245 26 5
245 221 26 3
221 226 26 4
226 103 26 3
103 199 26 5
199 0 26 0
27 11
0 240 27 5
240 95 27 4
95 217 27 3
217 256 27 4
256 203 27 3
203 242 27 3
242 52 27 3
52 249 27 4
249 218 27 5
218 243 27 5
243 0 27 0
28 16
0 178 28 5
178 237 28 3
237 252 28 4
252 1 28 4
1 219 28 4
219 268 28 5
268 262 28 5
262 248 28 5
248 8 28 5
8 74 28 4
74 159 28 5
159 27 28 3
27 225 28 4
225 259 28 3
259 61 28 4
61 0 28 0
29 14
0 237 29 4
237 202 29 3
202 31 29 3
31 210 29 3
210 222 29 3
222 205 29 4
205 234 29 3
234 228 29 3
228 247 29 3
247 244 29 4
244 126 29 3
126 209 29 3
209 236 29 4
236 0 29 0
30 13
0 260 30 5
260 232 30 3
232 290 30 3
290 157 30 3
157 235 30 3
235 89 30 5
89 239 30 5
239 144 30 3
144 215 30 3
215 224 30 5
224 225 30 5
225 122 30 3
122 0 30 0
31 9
0 223 31 4
223 279 31 5
279 284 31 4
284 229 31 4
229 87 31 4
87 276 31 3
276 179 31 3
179 173 31 5
173 0 31 0
32 8
0 58 32 3
58 23 32 3
23 160 32 3
160 121 32 3
121 37 32 4
37 257 32 3
257 241 32 3
241 0 32 0
33 16
0 208 33 3
208 202 33 4
202 210 33 4
210 273 33 4
273 217 33 5
217 116 33 5
116 203 33 5
203 242 33 4
242 55 33 4
55 91 33 4
91 7 33 4
7 71 33 4
71 277 33 3
277 249 33 5
249 271 33 4
271 0 33 0
34 13
0 208 34 4
208 282 34 3
282 120 34 3
120 118 34 4
118 280 34 3
280 289 34 3
289 230 34 4
230 272 34 4
272 117 34 5
117 30 34 5
30 264 34 4
264 112 34 5
112 0 34 0
35 14
0 211 35 4
211 4 35 4
4 56 35 4
56 267 35 4
267 229 35 5
229 167 35 5
167 263 35 4
263 84 35 4
84 239 35 4
239 215 35 4
215 224 35 4
224 226 35 5
226 47 35 4
47 0 35 0
36 20
0 211 36 5
211 266 36 5
266 219 36 5
219 21 36 4
21 32 36 3
32 119 36 5
119 194 36 5
194 62 36 3
62 281 36 5
281 70 36 5
70 295 36 4
295 296 36 3
296 88 36 3
88 166 36 3
166 177 36 3
177 96 36 5
96 298 36 4
298 94 36 3
94 253 36 4
253 0 36 0
37 11
0 139 37 5
139 171 37 5
171 195 37 3
195 110 37 3
110 212 37 3
212 17 37 3
17 299 37 5
299 60 37 3
60 204 37 3
204 227 37 5
227 0 37 0
38 3
0 153 38 4
153 227 38 4
227 0 38 0
39 5
0 250 39 5
250 212 39 4
212 44 39 3
44 204 39 5
204 0 39 0
