# Solution for ../instances-HHCRSP/InstanzVNS_HCSRP_300_3.txt
# Cost = 1532.36 Dist = 4567.96 Tard = 20.1851 TMax = 8.93049
# <vehicle> <route length>
# <origin node> <dest node> <vehicle> <service type>
0 16
0 298 0 0
298 151 0 1
151 90 0 1
90 22 0 0
22 59 0 0
59 108 0 1
108 284 0 1
284 122 0 0
122 17 0 0
17 178 0 0
178 191 0 1
191 121 0 0
121 128 0 0
128 289 0 1
289 60 0 0
60 0 0 0
1 13
0 20 1 1
20 117 1 0
117 252 1 0
252 80 1 1
80 286 1 0
286 257 1 0
257 164 1 1
164 253 1 0
253 272 1 0
272 273 1 1
273 283 1 0
283 159 1 0
159 0 1 0
2 10
0 293 2 2
293 290 2 2
290 61 2 2
61 294 2 2
294 88 2 2
88 89 2 2
89 79 2 2
79 172 2 2
172 29 2 2
29 0 2 0
3 11
0 288 3 1
288 251 3 1
251 10 3 1
10 181 3 1
181 179 3 0
179 142 3 1
142 184 3 1
184 133 3 1
133 38 3 0
38 258 3 1
258 0 3 0
4 5
0 23 4 1
23 169 4 1
169 65 4 1
65 21 4 1
21 0 4 0
5 13
0 35 5 2
35 9 5 1
9 50 5 2
50 33 5 0
33 40 5 1
40 125 5 1
125 43 5 2
43 155 5 0
155 87 5 2
87 126 5 0
126 54 5 1
54 292 5 2
292 0 5 0
6 11
0 260 6 0
260 281 6 0
281 285 6 1
285 161 6 0
161 34 6 0
34 62 6 1
62 266 6 1
266 190 6 0
190 157 6 1
157 3 6 0
3 0 6 0
7 15
0 271 7 2
271 280 7 2
280 195 7 2
195 262 7 2
262 6 7 0
6 168 7 2
168 188 7 0
188 68 7 0
68 282 7 2
282 277 7 2
277 86 7 2
86 139 7 0
139 76 7 2
76 72 7 2
72 0 7 0
8 6
0 264 8 1
264 63 8 1
63 41 8 1
41 255 8 1
255 199 8 1
199 0 8 0
9 5
0 296 9 0
296 91 9 0
91 193 9 0
193 256 9 0
256 0 9 0
10 16
0 114 10 0
114 26 10 1
26 274 10 2
274 143 10 2
143 47 10 2
47 123 10 1
123 287 10 0
287 45 10 2
45 130 10 2
130 5 10 0
5 67 10 1
67 137 10 0
137 270 10 0
270 31 10 2
31 269 10 1
269 0 10 0
11 9
0 2 11 2
2 124 11 2
124 156 11 2
156 1 11 2
1 268 11 2
268 154 11 2
154 136 11 2
136 263 11 2
263 0 11 0
12 12
0 259 12 0
259 254 12 2
254 299 12 2
299 291 12 0
291 162 12 2
162 300 12 2
300 140 12 2
140 138 12 2
138 276 12 2
276 97 12 0
97 135 12 0
135 0 12 0
13 7
0 147 13 1
147 107 13 1
107 265 13 1
265 163 13 1
163 165 13 1
165 185 13 1
185 0 13 0
14 8
0 111 14 1
111 4 14 1
4 177 14 2
177 171 14 2
171 149 14 1
149 112 14 2
112 279 14 1
279 0 14 0
15 5
0 297 15 2
297 64 15 2
64 118 15 2
118 103 15 2
103 0 15 0
16 7
0 261 16 0
261 166 16 0
166 189 16 2
189 278 16 0
278 69 16 2
69 275 16 0
275 0 16 0
17 3
0 295 17 1
295 267 17 1
267 0 17 0
18 12
0 293 18 5
293 28 18 5
28 288 18 5
288 251 18 3
251 222 18 5
222 294 18 3
294 212 18 3
212 227 18 3
227 244 18 5
244 258 18 5
258 225 18 3
225 0 18 0
19 16
0 298 19 4
298 229 19 4
229 221 19 3
221 238 19 4
238 145 19 5
145 247 19 4
247 250 19 3
250 175 19 3
175 246 19 4
246 237 19 3
237 202 19 4
202 233 19 4
233 211 19 3
211 201 19 4
201 234 19 4
234 0 19 0
20 10
0 100 20 4
100 115 20 3
115 113 20 4
113 285 20 3
285 129 20 5
129 230 20 5
230 278 20 3
278 30 20 5
30 275 20 3
275 0 20 0
21 18
0 70 21 5
70 229 21 5
229 221 21 4
221 238 21 5
238 55 21 3
55 223 21 3
223 216 21 3
216 182 21 4
182 8 21 4
8 160 21 5
160 94 21 4
94 12 21 4
12 131 21 4
131 11 21 3
11 170 21 4
170 292 21 5
292 78 21 5
78 0 21 0
22 14
0 241 22 4
241 208 22 4
208 152 22 4
152 264 22 4
264 215 22 4
215 127 22 4
127 242 22 4
242 218 22 3
218 249 22 3
249 153 22 3
153 210 22 3
210 214 22 3
214 228 22 4
228 0 22 0
23 13
0 241 23 5
241 296 23 5
296 248 23 4
248 265 23 3
265 213 23 3
213 206 23 3
206 236 23 3
236 148 23 3
148 48 23 5
48 39 23 3
39 220 23 3
220 203 23 3
203 0 23 0
24 14
0 36 24 3
36 271 24 5
271 252 24 4
252 280 24 4
280 286 24 3
286 257 24 3
257 85 24 4
85 173 24 4
173 32 24 5
32 273 24 4
273 167 24 4
167 104 24 5
104 269 24 4
269 0 24 0
25 18
0 198 25 3
198 74 25 3
74 110 25 5
110 132 25 4
132 176 25 4
176 98 25 5
98 223 25 5
223 216 25 5
216 174 25 3
174 51 25 3
51 183 25 4
183 82 25 5
82 57 25 3
57 52 25 3
52 289 25 4
289 204 25 3
204 66 25 3
66 0 25 0
26 6
0 260 26 5
260 27 26 5
27 219 26 5
219 24 26 5
24 243 26 5
243 0 26 0
27 15
0 205 27 3
205 102 27 4
102 232 27 3
232 109 27 3
109 71 27 5
71 7 27 3
7 197 27 3
197 284 27 3
284 237 27 4
237 202 27 5
202 233 27 5
233 211 27 4
211 201 27 5
201 279 27 3
279 0 27 0
28 16
0 205 28 4
205 262 28 3
262 44 28 4
44 146 28 5
146 247 28 5
247 250 28 5
250 246 28 5
246 84 28 3
84 287 28 4
287 75 28 4
75 119 28 3
119 270 28 3
270 204 28 5
204 134 28 4
134 141 28 5
141 0 28 0
29 12
0 208 29 5
208 15 29 3
15 96 29 5
96 196 29 5
196 215 29 5
215 242 29 3
242 282 29 5
282 277 29 3
277 120 29 5
120 283 29 5
283 228 29 3
228 0 29 0
30 15
0 281 30 4
281 232 30 4
232 192 30 4
192 274 30 3
274 218 30 5
218 249 30 5
249 253 30 5
253 272 30 5
272 101 30 5
101 210 30 5
210 214 30 5
214 297 30 5
297 267 30 4
267 150 30 5
150 0 30 0
31 10
0 42 31 5
42 105 31 5
105 212 31 4
212 73 31 4
73 227 31 4
227 244 31 4
244 186 31 4
186 200 31 4
200 225 31 4
225 0 31 0
32 12
0 290 32 3
290 248 32 5
248 291 32 5
291 95 32 5
95 300 32 5
300 53 32 3
53 276 32 5
276 77 32 5
77 231 32 5
231 81 32 5
81 207 32 3
207 0 32 0
33 9
0 222 33 4
222 116 33 3
116 268 33 3
268 46 33 4
46 187 33 3
187 243 33 3
243 231 33 4
231 207 33 4
207 0 33 0
34 10
0 226 34 3
226 158 34 3
158 13 34 5
13 194 34 5
194 18 34 3
18 266 34 3
266 19 34 4
19 99 34 3
99 234 34 5
234 0 34 0
35 9
0 219 35 4
219 49 35 4
49 92 35 4
92 230 35 4
230 83 35 4
83 16 35 4
16 263 35 4
263 256 35 4
256 0 35 0
36 8
0 226 36 5
226 239 36 3
239 93 36 5
93 295 36 4
295 144 36 4
144 245 36 3
245 224 36 3
224 0 36 0
37 12
0 259 37 4
259 254 37 5
254 299 37 5
299 213 37 5
213 206 37 5
206 236 37 4
236 180 37 4
180 217 37 4
217 240 37 3
240 25 37 4
25 255 37 5
255 0 37 0
38 11
0 261 38 4
261 235 38 4
235 209 38 5
209 239 38 5
239 56 38 4
56 14 38 4
14 58 38 4
58 106 38 5
106 245 38 4
245 224 38 5
224 0 38 0
39 8
0 235 39 5
235 209 39 3
209 217 39 5
217 240 39 5
240 37 39 3
37 220 39 4
220 203 39 4
203 0 39 0
