# Solution for ../instances-HHCRSP/InstanzVNS_HCSRP_100_7.txt
# Cost = 737.578 Dist = 2212.08 Tard = 0.32456 TMax = 0.32456
# <vehicle> <route length>
# <origin node> <dest node> <vehicle> <service type>
0 11
0 90 0 0
90 64 0 1
64 51 0 0
51 91 0 0
91 68 0 1
68 26 0 2
26 96 0 0
96 94 0 1
94 46 0 1
46 57 0 0
57 0 0 0
1 10
0 100 1 1
100 99 1 2
99 53 1 0
53 25 1 2
25 45 1 1
45 67 1 2
67 9 1 0
9 12 1 0
12 86 1 1
86 0 1 0
2 7
0 50 2 0
50 24 2 1
24 11 2 0
11 38 2 0
38 14 2 1
14 63 2 0
63 0 2 0
3 8
0 65 3 2
65 95 3 2
95 42 3 2
42 2 3 2
2 40 3 2
40 88 3 2
88 87 3 2
87 0 3 0
4 6
0 98 4 1
98 36 4 2
36 54 4 2
54 15 4 1
15 33 4 1
33 0 4 0
5 2
0 92 5 2
92 0 5 0
6 11
0 18 6 0
18 97 6 2
97 93 6 0
93 59 6 0
59 89 6 2
89 10 6 0
10 29 6 0
29 39 6 0
39 13 6 0
13 22 6 2
22 0 6 0
7 11
0 23 7 3
23 100 7 4
100 99 7 3
99 43 7 3
43 73 7 5
73 5 7 4
5 66 7 3
66 83 7 5
83 37 7 4
37 86 7 3
86 0 7 0
8 11
0 90 8 3
90 32 8 3
32 77 8 3
77 78 8 4
78 79 8 3
79 52 8 3
52 88 8 4
88 30 8 5
30 87 8 5
87 76 8 3
76 0 8 0
9 11
0 3 9 3
3 21 9 4
21 95 9 3
95 31 9 3
31 91 9 4
91 80 9 3
80 16 9 4
16 85 9 4
85 55 9 4
55 71 9 3
71 0 9 0
10 10
0 72 10 3
72 20 10 3
20 82 10 3
82 97 10 5
97 28 10 4
28 93 10 3
93 6 10 4
6 47 10 4
47 17 10 3
17 0 10 0
11 7
0 72 11 4
72 34 11 3
34 82 11 4
82 58 11 3
58 73 11 3
73 83 11 3
83 0 11 0
12 3
0 27 12 3
27 74 12 4
74 0 12 0
13 6
0 81 13 5
81 75 13 5
75 69 13 5
69 8 13 5
8 74 13 3
74 0 13 0
14 10
0 81 14 4
81 75 14 4
75 1 14 4
1 41 14 5
41 77 14 4
77 78 14 5
78 79 14 4
79 7 14 4
7 71 14 4
71 0 14 0
15 5
0 84 15 3
84 92 15 3
92 60 15 3
60 44 15 3
44 0 15 0
16 1
0 0 16 0
17 12
0 49 17 4
49 4 17 4
4 35 17 3
35 56 17 4
56 62 17 3
62 70 17 5
70 80 17 4
80 96 17 5
96 85 17 5
85 94 17 5
94 61 17 4
61 0 17 0
18 6
0 98 18 4
98 89 18 3
89 48 18 3
48 19 18 3
19 76 18 4
76 0 18 0
19 2
0 84 19 4
84 0 19 0
