# Solution for ../instances-HHCRSP/InstanzVNS_HCSRP_300_1.txt
# Cost = 1872.26 Dist = 5538.09 Tard = 67.1624 TMax = 11.5225
# <vehicle> <route length>
# <origin node> <dest node> <vehicle> <service type>
0 14
0 280 0 1
280 104 0 1
104 253 0 1
253 281 0 0
281 258 0 1
258 90 0 0
90 3 0 1
3 196 0 0
196 106 0 0
106 298 0 1
298 103 0 0
103 276 0 1
276 147 0 1
147 0 0 0
1 11
0 81 1 2
81 260 1 2
260 291 1 2
291 169 1 2
169 93 1 2
93 277 1 2
277 295 1 2
295 59 1 2
59 25 1 2
25 7 1 2
7 0 1 0
2 7
0 151 2 2
151 70 2 2
70 292 2 2
292 267 2 2
267 252 2 2
252 22 2 2
22 0 2 0
3 10
0 263 3 1
263 287 3 2
287 137 3 2
137 123 3 2
123 17 3 2
17 157 3 1
157 131 3 2
131 21 3 2
21 192 3 2
192 0 3 0
4 6
0 182 4 2
182 176 4 2
176 5 4 2
5 259 4 2
259 57 4 2
57 0 4 0
5 2
0 266 5 2
266 0 5 0
6 2
0 129 6 2
129 0 6 0
7 4
0 286 7 0
286 84 7 0
84 105 7 0
105 0 7 0
8 12
0 288 8 0
288 47 8 0
47 193 8 0
193 272 8 0
272 56 8 1
56 278 8 0
278 78 8 1
78 275 8 1
275 41 8 1
41 66 8 0
66 110 8 1
110 0 8 0
9 17
0 33 9 0
33 300 9 1
300 299 9 0
299 175 9 0
175 62 9 1
62 71 9 1
71 48 9 0
48 77 9 0
77 261 9 2
261 283 9 0
283 184 9 0
184 11 9 1
11 274 9 2
274 158 9 2
158 30 9 2
30 53 9 2
53 0 9 0
10 2
0 40 10 2
40 0 10 0
11 7
0 98 11 1
98 43 11 1
43 12 11 1
12 58 11 1
58 285 11 1
285 197 11 1
197 0 11 0
12 18
0 279 12 0
279 264 12 2
264 294 12 1
294 273 12 1
273 289 12 0
289 160 12 1
160 268 12 2
268 60 12 2
60 142 12 2
142 15 12 0
15 97 12 1
97 265 12 0
265 270 12 1
270 254 12 2
254 99 12 2
99 171 12 1
171 269 12 2
269 0 12 0
13 12
0 134 13 1
134 31 13 1
31 42 13 2
42 13 13 1
13 256 13 1
256 150 13 1
150 67 13 2
67 290 13 1
290 284 13 1
284 89 13 1
89 133 13 2
133 0 13 0
14 16
0 181 14 0
181 255 14 0
255 120 14 1
120 125 14 0
125 251 14 0
251 296 14 0
296 297 14 1
297 166 14 0
166 128 14 1
128 174 14 1
174 257 14 1
257 191 14 1
191 164 14 1
164 55 14 0
55 271 14 0
271 0 14 0
15 10
0 262 15 0
262 189 15 0
189 139 15 0
139 61 15 0
61 101 15 0
101 75 15 0
75 100 15 0
100 38 15 0
38 92 15 0
92 0 15 0
16 7
0 18 16 0
18 82 16 0
82 19 16 0
19 293 16 0
293 107 16 0
107 46 16 0
46 0 16 0
17 7
0 148 17 1
148 180 17 0
180 282 17 1
282 168 17 0
168 111 17 1
111 73 17 1
73 0 17 0
18 17
0 249 18 3
249 232 18 3
232 280 18 5
280 86 18 5
86 272 18 3
272 118 18 5
118 281 18 3
281 226 18 4
226 230 18 3
230 119 18 4
119 207 18 3
207 265 18 4
265 270 18 5
270 156 18 3
156 213 18 4
213 269 18 5
269 0 18 0
19 13
0 260 19 3
260 91 19 3
91 201 19 3
201 187 19 4
187 220 19 3
220 241 19 3
241 218 19 3
218 116 19 4
116 132 19 3
132 225 19 3
225 210 19 4
210 44 19 3
44 0 19 0
20 14
0 202 20 3
202 190 20 3
190 247 20 4
247 291 20 3
291 140 20 4
140 102 20 4
102 221 20 3
221 235 20 3
235 16 20 4
16 29 20 3
29 167 20 3
167 224 20 3
224 233 20 4
233 0 20 0
21 18
0 202 21 4
202 279 21 3
279 14 21 3
14 65 21 4
65 234 21 3
234 289 21 3
289 227 21 3
227 6 21 4
6 23 21 4
23 209 21 4
209 188 21 3
188 63 21 4
63 258 21 4
258 144 21 4
144 64 21 3
64 276 21 4
276 231 21 3
231 0 21 0
22 22
0 249 22 5
249 232 22 5
232 37 22 3
37 159 22 5
159 45 22 3
45 205 22 3
205 211 22 4
211 135 22 3
135 209 22 5
209 94 22 4
94 39 22 3
39 165 22 5
165 204 22 4
204 69 22 5
69 242 22 3
242 277 22 4
277 228 22 3
228 245 22 3
245 274 22 4
274 36 22 3
36 200 22 4
200 0 22 0
23 17
0 149 23 4
149 263 23 3
263 288 23 4
288 186 23 5
186 287 23 3
287 297 23 3
297 178 23 3
178 145 23 5
145 201 23 4
201 112 23 4
112 195 23 5
195 220 23 4
220 241 23 5
241 218 23 4
218 199 23 5
199 271 23 3
271 0 23 0
24 15
0 52 24 3
52 239 24 3
239 222 24 4
222 219 24 4
219 50 24 5
50 88 24 5
88 26 24 5
26 256 24 4
256 95 24 5
95 161 24 5
161 290 24 4
290 155 24 3
155 284 24 3
284 212 24 3
212 0 24 0
25 8
0 85 25 3
85 109 25 3
109 162 25 4
162 278 25 4
278 275 25 3
275 229 25 3
229 248 25 3
248 0 25 0
26 8
0 286 26 5
286 83 26 5
83 9 26 4
9 236 26 3
236 87 26 5
87 32 26 4
32 212 26 5
212 0 26 0
27 15
0 247 27 5
247 198 27 5
198 138 27 3
138 79 27 3
79 221 27 5
221 268 27 5
268 235 27 5
235 126 27 4
126 204 27 5
204 261 27 4
261 283 27 3
283 254 27 5
254 224 27 4
224 233 27 5
233 0 27 0
28 14
0 203 28 4
203 215 28 4
215 20 28 5
20 299 28 5
299 170 28 5
170 205 28 4
205 211 28 5
211 217 28 4
217 136 28 4
136 223 28 5
223 242 28 4
242 298 28 5
298 231 28 5
231 0 28 0
29 16
0 203 29 3
203 127 29 3
127 215 29 5
215 300 29 3
300 24 29 5
24 54 29 3
54 172 29 4
172 217 29 3
217 179 29 5
179 223 29 3
223 76 29 3
76 228 29 5
228 245 29 4
245 80 29 5
80 28 29 5
28 0 29 0
30 12
0 208 30 4
208 255 30 5
255 251 30 4
251 296 30 5
296 194 30 5
194 244 30 5
244 35 30 5
35 214 30 4
214 34 30 4
34 183 30 5
183 185 30 4
185 0 30 0
31 14
0 208 31 3
208 115 31 3
115 264 31 5
264 234 31 5
234 253 31 5
253 227 31 5
227 226 31 3
226 230 31 5
230 207 31 5
207 153 31 5
153 295 31 5
295 96 31 5
96 213 31 3
213 0 31 0
32 20
0 239 32 5
239 222 32 5
222 219 32 5
219 10 32 4
10 262 32 4
262 206 32 3
206 216 32 4
216 267 32 5
267 252 32 5
252 237 32 4
237 141 32 4
141 163 32 3
163 130 32 5
130 257 32 5
257 293 32 4
293 72 32 4
72 240 32 4
240 121 32 4
121 285 32 3
285 0 32 0
33 10
0 238 33 3
238 146 33 4
146 68 33 4
68 282 33 5
282 152 33 4
152 246 33 3
246 124 33 4
124 4 33 3
4 248 33 5
248 0 33 0
34 6
0 238 34 4
238 206 34 5
206 216 34 5
216 237 34 5
237 240 34 5
240 0 34 0
35 15
0 117 35 5
117 154 35 5
154 294 35 5
294 273 35 4
273 49 35 4
49 114 35 5
114 27 35 4
27 244 35 3
244 113 35 5
113 214 35 5
214 2 35 4
2 1 35 3
1 225 35 5
225 210 35 5
210 0 35 0
36 8
0 8 36 4
8 122 36 5
122 177 36 4
177 236 36 5
236 250 36 3
250 243 36 3
243 173 36 4
173 0 36 0
37 7
0 108 37 3
108 292 37 4
292 250 37 5
250 243 37 4
243 51 37 4
51 74 37 4
74 0 37 0
38 3
0 143 38 3
143 266 38 3
266 0 38 0
39 4
0 246 39 4
246 259 39 3
259 229 39 4
229 0 39 0
