# Solution for ../instances-HHCRSP/InstanzVNS_HCSRP_200_6.txt
# Cost = 1344.53 Dist = 4011.75 Tard = 17.6932 TMax = 4.12936
# <vehicle> <route length>
# <origin node> <dest node> <vehicle> <service type>
0 16
0 131 0 0
131 5 0 1
5 122 0 1
122 25 0 2
25 82 0 2
82 66 0 0
66 182 0 0
182 128 0 2
128 185 0 1
185 136 0 0
136 72 0 0
72 177 0 1
177 98 0 2
98 180 0 1
180 76 0 1
76 0 0 0
1 10
0 60 1 2
60 198 1 2
198 3 1 2
3 20 1 2
20 186 1 2
186 188 1 2
188 40 1 2
40 129 1 2
129 175 1 2
175 0 1 0
2 15
0 171 2 0
171 195 2 1
195 4 2 0
4 13 2 0
13 173 2 2
173 134 2 0
134 61 2 1
61 94 2 0
94 196 2 1
196 24 2 1
24 12 2 2
12 73 2 2
73 109 2 0
109 58 2 1
58 0 2 0
3 11
0 139 3 2
139 22 3 2
22 30 3 2
30 36 3 1
36 31 3 2
31 92 3 2
92 119 3 2
119 111 3 1
111 121 3 1
121 79 3 2
79 0 3 0
4 15
0 2 4 0
2 193 4 0
193 18 4 0
18 184 4 1
184 33 4 0
33 19 4 1
19 104 4 1
104 127 4 1
127 126 4 1
126 174 4 1
174 113 4 0
113 114 4 0
114 172 4 0
172 80 4 1
80 0 4 0
5 5
0 44 5 0
44 199 5 0
199 90 5 0
90 179 5 0
179 0 5 0
6 9
0 67 6 2
67 97 6 2
97 194 6 2
194 64 6 2
64 197 6 2
197 133 6 2
133 99 6 2
99 187 6 2
187 0 6 0
7 15
0 183 7 1
183 95 7 1
95 51 7 2
51 192 7 2
192 47 7 2
47 53 7 1
53 190 7 2
190 189 7 2
189 23 7 1
23 15 7 1
15 176 7 2
176 1 7 1
1 191 7 2
191 106 7 1
106 0 7 0
8 6
0 178 8 2
178 124 8 2
124 200 8 1
200 116 8 2
116 85 8 1
85 0 8 0
9 12
0 43 9 1
43 16 9 0
16 103 9 0
103 77 9 0
77 78 9 0
78 26 9 0
26 41 9 0
41 59 9 1
59 112 9 1
112 181 9 0
181 132 9 0
132 0 9 0
10 9
0 160 10 3
160 154 10 3
154 148 10 3
148 193 10 3
193 130 10 3
130 170 10 3
170 147 10 3
147 169 10 3
169 0 10 0
11 13
0 171 11 4
171 195 11 3
195 48 11 4
48 152 11 4
152 89 11 4
89 173 11 4
173 74 11 5
74 107 11 4
107 84 11 5
84 196 11 3
196 101 11 3
101 172 11 5
172 0 11 0
12 11
0 160 12 5
160 154 12 5
154 137 12 5
137 140 12 5
140 148 12 5
148 7 12 5
7 105 12 5
105 170 12 5
170 147 12 5
147 166 12 5
166 0 12 0
13 12
0 144 13 3
144 141 13 3
141 158 13 3
158 153 13 3
153 138 13 3
138 17 13 5
17 186 13 5
186 188 13 3
188 163 13 3
163 28 13 5
28 191 13 5
191 0 13 0
14 13
0 165 14 5
165 157 14 5
157 198 14 3
198 152 14 5
152 145 14 3
145 184 14 5
184 189 14 3
189 102 14 5
102 155 14 5
155 150 14 5
150 168 14 3
168 110 14 3
110 0 14 0
15 5
0 143 15 3
143 50 15 3
50 86 15 5
86 57 15 3
57 0 15 0
16 13
0 11 16 4
11 144 16 5
144 141 16 5
141 158 16 4
158 192 16 4
192 190 16 5
190 87 16 5
87 38 16 5
38 174 16 5
174 155 16 4
155 150 16 4
150 168 16 5
168 0 16 0
17 8
0 159 17 5
159 56 17 5
56 167 17 5
167 146 17 5
146 164 17 5
164 142 17 5
142 156 17 5
156 0 17 0
18 16
0 49 18 4
49 143 18 5
143 54 18 3
54 39 18 5
39 91 18 4
91 162 18 3
162 32 18 4
32 120 18 5
120 185 18 4
185 177 18 5
177 69 18 3
69 125 18 3
125 169 18 5
169 180 18 5
180 14 18 3
14 0 18 0
19 8
0 88 19 4
88 165 19 4
165 157 19 4
157 145 19 4
145 163 19 4
163 176 19 5
176 29 19 3
29 0 19 0
20 11
0 159 20 4
159 167 20 4
167 146 20 4
146 83 20 4
83 68 20 5
68 63 20 3
63 96 20 3
96 42 20 4
42 75 20 4
75 70 20 3
70 0 20 0
21 5
0 35 21 5
35 151 21 5
151 194 21 3
194 175 21 3
175 0 21 0
22 16
0 183 22 4
183 27 22 4
27 93 22 5
93 65 22 3
65 153 22 4
153 46 22 4
46 100 22 4
100 52 22 3
52 108 22 4
108 149 22 3
149 71 22 5
71 9 22 4
9 117 22 4
117 118 22 4
118 115 22 5
115 0 22 0
23 8
0 178 23 4
178 37 23 4
37 34 23 5
34 199 23 4
199 197 23 4
197 81 23 4
81 181 23 4
181 0 23 0
24 12
0 151 24 4
151 62 24 4
62 8 24 4
8 55 24 4
55 21 24 3
21 162 24 4
162 182 24 4
182 149 24 5
149 135 24 4
135 166 24 4
166 123 24 3
123 0 24 0
25 4
0 6 25 5
6 45 25 5
45 187 25 5
187 0 25 0
26 5
0 200 26 3
200 161 26 3
161 179 26 3
179 10 26 5
10 0 26 0
27 2
0 161 27 4
161 0 27 0
28 4
0 164 28 4
164 142 28 4
142 156 28 4
156 0 28 0
29 1
0 0 29 0
