# Solution for ../instances-HHCRSP/InstanzVNS_HCSRP_300_9.txt
# Cost = 1958.16 Dist = 5776.46 Tard = 77.2263 TMax = 20.7916
# <vehicle> <route length>
# <origin node> <dest node> <vehicle> <service type>
0 11
0 4 0 1
4 281 0 1
281 147 0 0
147 161 0 1
161 255 0 1
255 86 0 1
86 137 0 1
137 267 0 0
267 21 0 1
21 176 0 0
176 0 0 0
1 4
0 82 1 1
82 274 1 1
274 96 1 1
96 0 1 0
2 12
0 298 2 0
298 275 2 0
275 177 2 0
177 295 2 0
295 33 2 0
33 184 2 0
184 258 2 0
258 291 2 0
291 261 2 0
261 251 2 0
251 55 2 0
55 0 2 0
3 14
0 71 3 0
71 142 3 1
142 294 3 1
294 90 3 0
90 30 3 1
30 254 3 1
254 61 3 0
61 122 3 1
122 105 3 1
105 292 3 1
292 293 3 1
293 183 3 0
183 174 3 0
174 0 3 0
4 15
0 268 4 0
268 81 4 0
81 287 4 0
287 297 4 0
297 27 4 0
27 56 4 0
56 283 4 0
283 195 4 0
195 80 4 0
80 123 4 0
123 257 4 0
257 69 4 0
69 187 4 0
187 20 4 0
20 0 4 0
5 14
0 35 5 2
35 280 5 2
280 36 5 2
36 178 5 2
178 79 5 0
79 300 5 2
300 18 5 2
18 193 5 2
193 72 5 2
72 191 5 2
191 45 5 2
45 276 5 2
276 112 5 2
112 0 5 0
6 7
0 73 6 0
73 32 6 0
32 284 6 0
284 151 6 0
151 53 6 0
53 140 6 0
140 0 6 0
7 7
0 273 7 0
273 43 7 0
43 289 7 1
289 194 7 0
194 85 7 1
85 278 7 0
278 0 7 0
8 1
0 0 8 0
9 13
0 64 9 2
64 54 9 1
54 117 9 1
117 98 9 1
98 277 9 1
277 143 9 1
143 266 9 2
266 180 9 1
180 271 9 2
271 135 9 1
135 253 9 2
253 270 9 2
270 0 9 0
10 12
0 116 10 2
116 272 10 2
272 50 10 1
50 84 10 2
84 124 10 2
124 259 10 2
259 111 10 2
111 74 10 1
74 148 10 1
148 138 10 1
138 57 10 2
57 0 10 0
11 18
0 59 11 2
59 97 11 1
97 269 11 1
269 47 11 2
47 9 11 1
9 58 11 2
58 1 11 1
1 182 11 2
182 265 11 1
265 252 11 1
252 186 11 2
186 125 11 1
125 127 11 2
127 296 11 2
296 285 11 2
285 290 11 2
290 157 11 2
157 0 11 0
12 1
0 0 12 0
13 13
0 89 13 1
89 299 13 0
299 162 13 0
162 286 13 0
286 83 13 0
83 134 13 1
134 144 13 0
144 78 13 1
78 152 13 1
152 26 13 0
26 141 13 0
141 31 13 0
31 0 13 0
14 14
0 146 14 2
146 262 14 2
262 150 14 2
150 95 14 2
95 166 14 0
166 11 14 2
11 264 14 0
264 77 14 2
77 139 14 2
139 8 14 0
8 158 14 2
158 260 14 2
260 188 14 2
188 0 14 0
15 8
0 42 15 2
42 16 15 2
16 288 15 2
288 87 15 2
87 279 15 2
279 28 15 2
28 169 15 2
169 0 15 0
16 4
0 282 16 2
282 60 16 2
60 93 16 2
93 0 16 0
17 11
0 185 17 2
185 101 17 1
101 23 17 2
23 197 17 2
197 263 17 1
263 10 17 1
10 126 17 2
126 256 17 2
256 172 17 1
172 44 17 2
44 0 17 0
18 12
0 228 18 3
228 63 18 4
63 68 18 4
68 196 18 5
196 210 18 4
210 208 18 4
208 220 18 4
220 29 18 3
29 236 18 3
236 292 18 5
292 293 18 5
293 0 18 0
19 14
0 228 19 5
228 239 19 4
239 269 19 3
269 211 19 3
211 163 19 4
163 48 19 5
48 295 19 3
295 265 19 3
265 13 19 4
13 252 19 5
252 102 19 3
102 296 19 4
296 251 19 5
251 0 19 0
20 16
0 217 20 4
217 154 20 5
154 206 20 4
206 275 20 3
275 189 20 3
189 39 20 3
39 277 20 3
277 3 20 4
3 199 20 3
199 215 20 3
215 198 20 5
198 266 20 3
266 244 20 3
244 240 20 4
240 241 20 3
241 0 20 0
21 16
0 217 21 5
217 298 21 5
298 206 21 5
206 216 21 3
216 248 21 5
248 229 21 3
229 225 21 3
225 232 21 3
232 76 21 3
76 209 21 3
209 257 21 3
257 205 21 3
205 37 21 5
37 230 21 3
230 235 21 3
235 0 21 0
22 16
0 281 22 4
281 280 22 4
280 242 22 4
242 12 22 4
12 221 22 4
221 264 22 4
264 201 22 4
201 286 22 5
286 88 22 4
88 160 22 4
160 212 22 4
212 24 22 4
24 92 22 4
92 267 22 5
267 167 22 4
167 0 22 0
23 14
0 52 23 4
52 227 23 4
227 226 23 3
226 272 23 5
272 104 23 4
104 173 23 4
173 299 23 3
299 208 23 5
208 220 23 5
220 129 23 5
129 51 23 4
51 230 23 5
230 235 23 4
235 0 23 0
24 8
0 133 24 3
133 234 24 3
234 100 24 5
100 165 24 5
165 7 24 5
7 219 24 3
219 207 24 3
207 0 24 0
25 12
0 227 25 5
227 226 25 5
226 192 25 3
192 216 25 5
216 248 25 4
248 283 25 4
283 38 25 3
38 258 25 4
258 291 25 5
291 261 25 5
261 118 25 3
118 0 25 0
26 11
0 234 26 4
234 99 26 4
99 224 26 3
224 284 26 5
284 218 26 3
218 215 26 5
215 271 26 5
271 244 26 5
244 240 26 5
240 241 26 5
241 0 26 0
27 8
0 239 27 5
239 5 27 5
5 110 27 3
110 67 27 5
67 210 27 3
210 131 27 5
131 213 27 3
213 0 27 0
28 15
0 170 28 3
170 214 28 3
214 130 28 4
130 107 28 5
107 113 28 3
113 2 28 4
2 211 28 5
211 109 28 3
109 294 28 3
294 128 28 5
128 203 28 3
203 249 28 4
249 254 28 3
254 236 28 4
236 0 28 0
29 12
0 268 29 4
268 274 29 5
274 288 29 5
288 17 29 5
17 203 29 4
203 249 29 5
249 103 29 5
103 171 29 5
171 65 29 5
65 278 29 4
278 159 29 5
159 0 29 0
30 8
0 243 30 4
243 246 30 4
246 282 30 4
282 222 30 3
222 114 30 4
114 149 30 4
149 207 30 4
207 0 30 0
31 15
0 214 31 5
214 156 31 3
156 34 31 4
34 91 31 3
91 120 31 4
120 25 31 5
25 224 31 5
224 218 31 5
218 153 31 5
153 181 31 3
181 46 31 5
46 285 31 3
285 94 31 4
94 290 31 3
290 0 31 0
32 9
0 243 32 5
243 246 32 5
246 222 32 5
222 263 32 3
263 219 32 5
219 14 32 4
14 253 32 3
253 270 32 3
270 0 32 0
33 13
0 179 33 5
179 262 33 5
262 242 33 5
242 255 33 5
255 221 33 3
221 119 33 3
119 201 33 3
201 70 33 5
70 245 33 3
245 62 33 3
62 233 33 3
233 276 33 3
276 0 33 0
34 14
0 49 34 5
49 164 34 4
164 223 34 3
223 22 34 4
22 231 34 3
231 155 34 4
155 300 34 5
300 245 34 4
245 212 34 5
212 200 34 3
200 136 34 3
136 213 34 5
213 260 34 4
260 0 34 0
35 14
0 223 35 5
223 231 35 5
231 297 35 3
297 75 35 5
75 132 35 3
132 168 35 3
168 19 35 5
19 175 35 3
175 259 35 4
259 15 35 5
15 233 35 4
233 247 35 3
247 237 35 3
237 0 35 0
36 17
0 145 36 4
145 66 36 3
66 287 36 5
287 106 36 3
106 6 36 3
6 229 36 5
229 225 36 4
225 232 36 4
232 115 36 3
115 209 36 4
209 279 36 4
279 205 36 4
205 40 36 5
40 190 36 4
190 247 36 5
247 237 36 5
237 0 36 0
37 8
0 273 37 3
273 202 37 4
202 204 37 3
204 250 37 3
250 108 37 5
108 121 37 4
121 256 37 3
256 0 37 0
38 6
0 238 38 4
238 289 38 5
289 202 38 5
202 204 38 5
204 41 38 4
41 0 38 0
39 3
0 238 39 3
238 250 39 5
250 0 39 0
