# Solution for ../instances-HHCRSP/InstanzVNS_HCSRP_100_6.txt
# Cost = 790.468 Dist = 2347.85 Tard = 16.5283 TMax = 7.02173
# <vehicle> <route length>
# <origin node> <dest node> <vehicle> <service type>
0 10
0 51 0 2
51 4 0 0
4 60 0 2
60 13 0 0
13 89 0 0
89 33 0 0
33 2 0 0
2 40 0 2
40 26 0 0
26 0 0 0
1 2
0 22 1 2
22 0 1 0
2 6
0 66 2 0
66 18 2 0
18 91 2 1
91 99 2 0
99 98 2 1
98 0 2 0
3 10
0 88 3 2
88 93 3 2
93 20 3 2
20 97 3 1
97 19 3 1
19 53 3 1
53 24 3 1
24 12 3 2
12 58 3 1
58 0 3 0
4 6
0 30 4 2
30 44 4 0
44 31 4 2
31 41 4 0
41 96 4 0
96 0 4 0
5 9
0 43 5 1
43 16 5 0
16 86 5 0
86 90 5 2
90 100 5 2
100 92 5 2
92 64 5 2
64 59 5 1
59 0 5 0
6 14
0 5 6 1
5 36 6 1
36 25 6 2
25 67 6 2
67 95 6 2
95 3 6 2
3 47 6 2
47 61 6 1
61 94 6 2
94 87 6 1
87 15 6 1
15 23 6 1
23 1 6 1
1 0 6 0
7 9
0 27 7 4
27 11 7 4
11 89 7 3
89 84 7 4
84 74 7 4
74 46 7 4
46 80 7 3
80 73 7 4
73 0 7 0
8 12
0 82 8 3
82 88 8 3
88 65 8 3
65 52 8 3
52 95 8 5
95 72 8 5
72 71 8 3
71 77 8 3
77 69 8 3
69 76 8 5
76 79 8 3
79 0 8 0
9 10
0 82 9 5
82 55 9 4
55 97 9 4
97 8 9 4
8 62 9 4
62 78 9 4
78 32 9 4
32 99 9 5
99 98 9 5
98 0 9 0
10 9
0 6 10 5
6 45 10 5
45 39 10 5
39 92 10 3
92 63 10 3
63 70 10 3
70 85 10 3
85 75 10 5
75 0 10 0
11 11
0 37 11 4
37 7 11 5
7 91 11 3
91 78 11 5
78 21 11 3
21 77 11 4
77 9 11 4
9 76 11 4
76 79 11 5
79 42 11 4
42 0 11 0
12 6
0 34 12 5
34 72 12 4
72 71 12 5
71 28 12 5
28 14 12 3
14 0 12 0
13 7
0 50 13 3
50 56 13 5
56 83 13 3
83 81 13 4
81 10 13 5
10 96 13 3
96 0 13 0
14 7
0 49 14 4
49 86 14 4
86 90 14 3
90 100 14 3
100 85 14 5
85 75 14 4
75 0 14 0
15 2
0 81 15 5
81 0 15 0
16 14
0 54 16 3
54 35 16 5
35 93 16 5
93 17 16 5
17 48 16 4
48 84 16 5
84 74 16 5
74 94 16 3
94 80 16 4
80 87 16 5
87 29 16 3
29 38 16 5
38 73 16 5
73 0 16 0
17 2
0 57 17 3
57 0 17 0
18 3
0 83 18 4
83 68 18 5
68 0 18 0
19 1
0 0 19 0
