# Solution for ../instances-HHCRSP/InstanzCPLEX_HCSRP_75_3.txt
# Cost = 644.216 Dist = 1885.57 Tard = 23.5393 TMax = 23.5393
# <vehicle> <route length>
# <origin node> <dest node> <vehicle> <service type>
0 13
0 35 0 2
35 74 0 2
74 50 0 2
50 40 0 1
40 47 0 2
47 45 0 2
45 43 0 2
43 67 0 0
67 17 0 0
17 66 0 2
66 5 0 0
5 31 0 2
31 0 0 0
1 12
0 70 1 0
70 9 1 1
9 33 1 0
33 71 1 0
71 6 1 0
6 22 1 0
22 4 1 1
4 34 1 0
34 41 1 1
41 75 1 1
75 38 1 0
38 0 1 0
2 11
0 23 2 1
23 1 2 2
1 10 2 1
10 2 2 2
2 29 2 2
29 69 2 2
69 68 2 2
68 65 2 2
65 73 2 2
73 72 2 2
72 0 2 0
3 2
0 3 3 0
3 0 3 0
4 5
0 20 4 1
20 26 4 1
26 64 4 1
64 21 4 1
21 0 4 0
5 12
0 49 5 4
49 61 5 4
61 42 5 5
42 24 5 5
24 16 5 4
16 69 5 5
69 46 5 4
46 53 5 3
53 48 5 5
48 30 5 5
30 37 5 3
37 0 5 0
6 4
0 61 6 5
61 39 6 3
39 65 6 5
65 0 6 0
7 10
0 7 7 3
7 55 7 3
55 74 7 5
74 71 7 4
71 59 7 3
59 32 7 5
32 13 7 5
13 64 7 5
64 72 7 4
72 0 7 0
8 11
0 55 8 4
55 44 8 4
44 52 8 3
52 51 8 3
51 57 8 4
57 67 8 4
67 11 8 3
11 66 8 4
66 60 8 3
60 54 8 3
54 0 8 0
9 7
0 36 9 3
36 56 9 4
56 62 9 4
62 18 9 3
18 19 9 4
19 58 9 3
58 0 9 0
10 9
0 70 10 5
70 63 10 4
63 59 10 4
59 8 10 4
8 12 10 4
12 57 10 5
57 60 10 4
60 54 10 4
54 0 10 0
11 6
0 63 11 3
63 56 11 5
56 62 11 5
62 14 11 4
14 25 11 4
25 0 11 0
12 7
0 15 12 3
15 27 12 5
27 28 12 5
28 75 12 4
75 53 12 4
53 73 12 5
73 0 12 0
13 1
0 0 13 0
14 3
0 68 14 4
68 58 14 4
58 0 14 0
