# Solution for ../instances-HHCRSP/InstanzVNS_HCSRP_200_10.txt
# Cost = 1428.15 Dist = 4284.44 Tard = 0 TMax = 0
# <vehicle> <route length>
# <origin node> <dest node> <vehicle> <service type>
0 13
0 192 0 0
192 4 0 0
4 33 0 0
33 181 0 0
181 138 0 0
138 185 0 0
185 118 0 0
118 16 0 0
16 193 0 0
193 178 0 0
178 62 0 0
62 177 0 0
177 0 0 0
1 15
0 63 1 2
63 7 1 1
7 34 1 2
34 64 1 1
64 61 1 2
61 174 1 2
174 126 1 2
126 105 1 1
105 27 1 2
27 191 1 2
191 187 1 2
187 43 1 2
43 199 1 1
199 77 1 1
77 0 1 0
2 10
0 103 2 1
103 175 2 1
175 198 2 1
198 125 2 1
125 90 2 1
90 173 2 1
173 19 2 1
19 40 2 1
40 132 2 1
132 0 2 0
3 9
0 180 3 1
180 11 3 1
11 22 3 1
22 26 3 1
26 139 3 1
139 91 3 1
91 36 3 1
36 42 3 1
42 0 3 0
4 6
0 189 4 1
189 50 4 1
50 111 4 1
111 18 4 1
18 172 4 1
172 0 4 0
5 18
0 104 5 0
104 2 5 0
2 89 5 0
89 183 5 0
183 58 5 0
58 195 5 0
195 84 5 0
84 32 5 2
32 83 5 0
83 179 5 0
179 95 5 0
95 44 5 0
44 47 5 0
47 122 5 0
122 14 5 0
14 66 5 0
66 28 5 2
28 0 5 0
6 13
0 176 6 2
176 70 6 2
70 57 6 2
57 171 6 2
171 108 6 2
108 137 6 2
137 133 6 2
133 182 6 2
182 107 6 2
107 184 6 2
184 30 6 2
30 59 6 2
59 0 6 0
7 6
0 80 7 2
80 102 7 2
102 129 7 2
129 24 7 2
24 190 7 2
190 0 7 0
8 15
0 188 8 0
188 94 8 1
94 113 8 0
113 197 8 0
197 194 8 0
194 124 8 2
124 29 8 2
29 35 8 1
35 186 8 0
186 60 8 0
60 31 8 2
31 99 8 0
99 196 8 0
196 48 8 0
48 0 8 0
9 2
0 200 9 2
200 0 9 0
10 11
0 148 10 3
148 73 10 4
73 53 10 3
53 100 10 5
100 183 10 4
183 117 10 3
117 41 10 5
41 141 10 4
141 46 10 5
46 55 10 5
55 0 10 0
11 13
0 148 11 5
148 188 11 3
188 159 11 4
159 163 11 4
163 195 11 5
195 128 11 4
128 97 11 3
97 92 11 5
92 186 11 3
186 54 11 5
54 196 11 3
196 142 11 4
142 0 11 0
12 12
0 192 12 5
192 68 12 5
68 130 12 3
130 15 12 3
15 154 12 3
154 143 12 3
143 86 12 5
86 165 12 3
165 179 12 3
179 151 12 5
151 156 12 3
156 0 12 0
13 17
0 78 13 3
78 144 13 3
144 123 13 3
123 150 13 3
150 3 13 3
3 158 13 5
158 147 13 3
147 167 13 5
167 193 13 3
193 21 13 5
21 162 13 3
162 152 13 3
152 75 13 5
75 13 13 3
13 177 13 5
177 160 13 3
160 0 13 0
14 9
0 159 14 5
159 163 14 5
163 17 14 4
17 141 14 5
141 76 14 3
76 151 14 4
151 190 14 3
190 82 14 4
82 0 14 0
15 12
0 149 15 3
149 170 15 3
170 181 15 4
181 174 15 4
174 145 15 4
145 116 15 4
116 23 15 3
23 112 15 4
112 1 15 3
1 10 15 4
10 166 15 3
166 0 15 0
16 15
0 144 16 5
144 150 16 5
150 39 16 3
39 170 16 5
170 131 16 4
131 88 16 5
88 52 16 5
52 119 16 4
119 120 16 4
120 161 16 3
161 164 16 3
164 114 16 4
114 121 16 4
121 72 16 4
72 0 16 0
17 10
0 180 17 3
180 158 17 3
158 147 17 4
147 167 17 4
167 178 17 4
178 162 17 4
162 152 17 4
152 187 17 4
187 166 17 4
166 0 17 0
18 15
0 176 18 4
176 134 18 4
134 45 18 4
45 37 18 4
37 171 18 3
171 185 18 3
185 155 18 3
155 9 18 3
9 182 18 3
182 157 18 3
157 191 18 4
191 199 18 4
199 67 18 4
67 153 18 3
153 0 18 0
19 12
0 49 19 5
49 149 19 5
149 140 19 3
140 145 19 5
145 8 19 4
8 136 19 5
136 6 19 4
6 69 19 5
69 74 19 5
74 109 19 5
109 153 19 5
153 0 19 0
20 11
0 127 20 5
127 12 20 5
12 154 20 5
154 143 20 4
143 38 20 4
38 165 20 5
165 96 20 3
96 81 20 3
81 156 20 4
156 98 20 4
98 0 20 0
21 6
0 197 21 5
197 194 21 5
194 146 21 3
146 25 21 5
25 172 21 4
172 0 21 0
22 6
0 189 22 3
189 87 22 5
87 169 22 3
169 110 22 5
110 200 22 5
200 0 22 0
23 14
0 5 23 4
5 85 23 4
85 115 23 3
115 175 23 4
175 198 23 3
198 93 23 3
93 155 23 5
155 157 23 4
157 51 23 5
51 173 23 3
173 56 23 5
56 184 23 4
184 160 23 4
160 0 23 0
24 2
0 169 24 5
169 0 24 0
25 4
0 106 25 3
106 101 25 3
101 146 25 5
146 0 25 0
26 6
0 20 26 4
20 135 26 3
135 161 26 4
161 164 26 4
164 79 26 5
79 0 26 0
27 3
0 168 27 5
168 142 27 5
142 0 27 0
28 3
0 71 28 4
71 65 28 4
65 0 28 0
29 2
0 168 29 4
168 0 29 0
