# Solution for ../instances-HHCRSP/InstanzCPLEX_HCSRP_50_2.txt
# Cost = 597.888 Dist = 1705.58 Tard = 75.0165 TMax = 13.0689
# <vehicle> <route length>
# <origin node> <dest node> <vehicle> <service type>
0 13
0 46 0 0
46 11 0 2
11 26 0 0
26 49 0 2
49 2 0 0
2 10 0 0
10 19 0 2
19 34 0 2
34 15 0 2
15 21 0 0
21 12 0 2
12 32 0 0
32 0 0 0
1 5
0 50 1 2
50 44 1 2
44 3 1 2
3 16 1 2
16 0 1 0
2 13
0 9 2 1
9 14 2 0
14 48 2 1
48 45 2 1
45 17 2 1
17 43 2 1
43 7 2 0
7 6 2 0
6 33 2 1
33 31 2 1
31 4 2 1
4 47 2 2
47 0 2 0
3 4
0 39 3 3
39 50 3 3
50 20 3 5
20 0 3 0
4 6
0 46 4 5
46 43 4 5
43 36 4 3
36 42 4 3
42 47 4 3
47 0 4 0
5 4
0 39 5 4
39 38 5 4
38 37 5 4
37 0 5 0
6 11
0 1 6 4
1 8 6 3
8 48 6 4
48 45 6 4
45 49 6 4
49 27 6 4
27 41 6 4
41 25 6 4
25 44 6 5
44 37 6 5
37 0 6 0
7 2
0 38 7 3
38 0 7 0
8 10
0 40 8 3
40 22 8 3
22 28 8 5
28 13 8 4
13 29 8 3
29 41 8 5
41 5 8 3
5 18 8 3
18 35 8 4
35 0 8 0
9 7
0 40 9 4
40 30 9 4
30 23 9 5
23 36 9 5
36 42 9 4
42 24 9 4
24 0 9 0
