# Solution for ../instances-HHCRSP/InstanzVNS_HCSRP_100_3.txt
# Cost = 831.873 Dist = 2483.05 Tard = 7.29471 TMax = 5.28011
# <vehicle> <route length>
# <origin node> <dest node> <vehicle> <service type>
0 11
0 23 0 1
23 88 0 1
88 10 0 1
10 100 0 1
100 89 0 1
89 92 0 1
92 21 0 1
21 95 0 0
95 38 0 0
38 65 0 1
65 0 0 0
1 7
0 96 1 0
96 34 1 0
34 22 1 0
22 59 1 0
59 94 1 0
94 86 1 0
86 0 1 0
2 8
0 50 2 2
50 40 2 1
40 47 2 2
47 67 2 1
67 31 2 2
31 54 2 1
54 99 2 2
99 0 2 0
3 9
0 26 3 1
26 20 3 1
20 62 3 1
62 4 3 1
4 41 3 1
41 63 3 1
63 93 3 1
93 3 3 0
3 0 3 0
4 9
0 61 4 2
61 2 4 2
2 1 4 2
1 91 4 2
91 29 4 2
29 64 4 2
64 69 4 2
69 97 4 2
97 0 4 0
5 13
0 35 5 2
35 33 5 0
33 9 5 1
9 98 5 2
98 6 5 0
6 90 5 1
90 45 5 2
45 17 5 0
17 43 5 2
43 87 5 0
87 60 5 0
60 5 5 0
5 0 5 0
6 2
0 68 6 0
68 0 6 0
7 6
0 74 7 3
74 71 7 3
71 90 7 3
90 11 7 3
11 87 7 3
87 0 7 0
8 7
0 19 8 4
19 13 8 5
13 18 8 3
18 76 8 4
76 14 8 4
14 72 8 4
72 0 8 0
9 9
0 16 9 4
16 88 9 5
88 73 9 4
73 46 9 4
46 48 9 5
48 81 9 4
81 39 9 3
39 77 9 3
77 0 9 0
10 13
0 96 10 5
96 70 10 5
70 80 10 3
80 7 10 3
7 32 10 5
32 85 10 5
85 75 10 5
75 84 10 3
84 82 10 3
82 51 10 3
51 57 10 3
57 78 10 5
78 0 10 0
11 6
0 42 11 5
42 83 11 5
83 91 11 5
91 79 11 5
79 30 11 5
30 0 11 0
12 13
0 74 12 4
74 71 12 4
71 44 12 4
44 55 12 3
55 98 12 4
98 8 12 4
8 52 12 3
52 82 12 5
82 12 12 4
12 94 12 5
94 86 12 5
86 99 12 5
99 0 12 0
13 3
0 36 13 3
36 15 13 3
15 0 13 0
14 8
0 49 14 4
49 28 14 5
28 100 14 3
100 89 14 3
89 95 14 5
95 81 14 5
81 77 14 4
77 0 14 0
15 7
0 83 15 4
83 92 15 4
92 79 15 3
79 73 15 5
73 97 15 4
97 53 15 3
53 0 15 0
16 6
0 24 16 5
24 27 16 5
27 93 16 4
93 76 16 5
76 72 16 5
72 0 16 0
17 2
0 37 17 3
37 0 17 0
18 4
0 56 18 4
56 58 18 4
58 25 18 4
25 0 18 0
19 7
0 80 19 4
80 85 19 3
85 75 19 4
75 84 19 4
84 66 19 3
66 78 19 4
78 0 19 0
