# Solution for ../instances-HHCRSP/InstanzVNS_HCSRP_100_10.txt
# Cost = 833.026 Dist = 2499.08 Tard = 0 TMax = 0
# <vehicle> <route length>
# <origin node> <dest node> <vehicle> <service type>
0 16
0 63 0 2
63 57 0 2
57 33 0 0
33 61 0 2
61 4 0 0
4 34 0 2
34 16 0 0
16 62 0 0
62 96 0 2
96 95 0 0
95 60 0 0
60 48 0 0
48 14 0 0
14 66 0 0
66 28 0 2
28 0 0 0
1 9
0 22 1 1
22 64 1 1
64 11 1 1
11 7 1 1
7 26 1 1
26 93 1 1
93 19 1 1
19 36 1 1
36 0 1 0
2 6
0 70 2 2
70 24 2 2
24 32 2 2
32 99 2 2
99 31 2 2
31 0 2 0
3 2
0 92 3 2
92 0 3 0
4 13
0 50 4 1
50 94 4 2
94 29 4 2
29 35 4 1
35 90 4 1
90 88 4 1
88 27 4 2
27 91 4 2
91 43 4 2
43 42 4 1
42 30 4 2
30 59 4 2
59 0 4 0
5 9
0 89 5 0
89 2 5 0
2 86 5 0
86 44 5 0
44 58 5 0
58 98 5 1
98 40 5 1
40 47 5 0
47 0 5 0
6 5
0 100 6 1
100 87 6 1
87 18 6 1
18 97 6 1
97 0 6 0
7 7
0 76 7 4
76 71 7 4
71 65 7 4
65 84 7 3
84 82 7 4
82 17 7 4
17 0 7 0
8 8
0 89 8 5
89 76 8 3
76 71 8 5
71 46 8 5
46 25 8 5
25 41 8 5
41 55 8 5
55 0 8 0
9 14
0 49 9 5
49 45 9 4
45 78 9 3
78 39 9 3
39 3 9 3
3 6 9 4
6 8 9 4
8 1 9 3
1 23 9 3
23 10 9 4
10 21 9 5
21 75 9 4
75 77 9 4
77 0 9 0
10 9
0 78 10 4
78 86 10 3
86 38 10 4
38 93 10 4
93 9 10 3
9 74 10 3
74 81 10 3
81 79 10 3
79 0 10 0
11 9
0 5 11 4
5 12 11 5
12 20 11 4
20 37 11 4
37 96 11 3
96 95 11 5
95 81 11 5
81 79 11 4
79 0 11 0
12 4
0 100 12 4
100 53 12 3
53 87 12 4
87 0 12 0
13 1
0 0 13 0
14 12
0 73 14 3
73 94 14 4
94 80 14 3
80 83 14 3
83 90 14 5
90 52 14 5
52 88 14 3
88 91 14 4
91 67 14 4
67 72 14 3
72 54 14 5
54 0 14 0
15 4
0 85 15 3
85 97 15 3
97 82 15 3
82 0 15 0
16 13
0 73 16 4
73 80 16 5
80 83 16 4
83 15 16 3
15 68 16 5
68 51 16 5
51 56 16 5
56 74 16 4
74 69 16 5
69 13 16 3
13 75 16 5
75 77 16 5
77 0 16 0
17 6
0 85 17 4
85 84 17 4
84 98 17 5
98 99 17 5
99 72 17 5
72 0 17 0
18 2
0 92 18 3
92 0 18 0
19 1
0 0 19 0
