# Solution for ../instances-HHCRSP/InstanzVNS_HCSRP_100_1.txt
# Cost = 1348.79 Dist = 2793.97 Tard = 1028.51 TMax = 223.883
# <vehicle> <route length>
# <origin node> <dest node> <vehicle> <service type>
0 17
0 47 0 0
47 33 0 0
33 86 0 0
86 94 0 0
94 15 0 0
15 48 0 0
48 100 0 0
100 90 0 0
90 66 0 0
66 61 0 0
61 18 0 0
18 38 0 0
38 92 0 0
92 19 0 0
19 46 0 0
46 55 0 0
55 0 0 0
1 11
0 31 1 1
31 43 1 1
43 98 1 2
98 70 1 2
70 95 1 2
95 13 1 1
13 87 1 2
87 67 1 2
67 89 1 2
89 58 1 1
58 0 1 0
2 9
0 91 2 2
91 62 2 1
62 60 2 2
60 97 2 1
97 11 2 1
11 53 2 2
53 99 2 2
99 30 2 2
30 0 2 0
3 3
0 88 3 2
88 21 3 2
21 0 3 0
4 9
0 42 4 2
42 17 4 2
17 5 4 2
5 22 4 2
22 59 4 2
59 25 4 2
25 57 4 2
57 7 4 2
7 0 4 0
5 7
0 12 5 1
12 56 5 1
56 41 5 1
41 3 5 1
3 93 5 1
93 96 5 1
96 0 5 0
6 2
0 40 6 2
40 0 6 0
7 12
0 86 7 4
86 45 7 3
45 94 7 4
94 79 7 3
79 16 7 4
16 39 7 3
39 97 7 4
97 71 7 3
71 36 7 3
36 99 7 5
99 29 7 3
29 0 7 0
8 11
0 98 8 4
98 83 8 4
83 95 8 4
95 84 8 5
84 85 8 4
85 26 8 5
26 73 8 5
73 82 8 4
82 87 8 5
87 92 8 4
92 0 8 0
9 12
0 49 9 4
49 27 9 4
27 23 9 4
23 6 9 4
6 79 9 4
79 63 9 4
63 77 9 4
77 76 9 4
76 93 9 5
93 96 9 4
96 28 9 5
28 0 9 0
10 2
0 9 10 4
9 0 10 0
11 11
0 81 11 3
81 91 11 3
91 37 11 3
37 20 11 5
20 100 11 3
100 77 11 5
77 76 11 3
76 64 11 3
64 80 11 3
80 72 11 3
72 0 11 0
12 8
0 81 12 4
81 14 12 3
14 65 12 4
65 24 12 5
24 54 12 3
54 71 12 4
71 69 12 5
69 0 12 0
13 6
0 10 13 4
10 34 13 4
34 78 13 3
78 90 13 4
90 44 13 3
44 0 13 0
14 5
0 83 14 5
83 82 14 3
82 74 14 5
74 75 14 5
75 0 14 0
15 10
0 50 15 5
50 88 15 3
88 68 15 4
68 78 15 5
78 2 15 4
2 35 15 5
35 1 15 3
1 80 15 4
80 72 15 5
72 0 15 0
16 1
0 0 16 0
17 1
0 0 17 0
18 12
0 8 18 4
8 52 18 3
52 84 18 4
84 85 18 3
85 73 18 3
73 4 18 3
4 74 18 3
74 32 18 4
32 89 18 4
89 75 18 3
75 51 18 4
51 0 18 0
19 1
0 0 19 0
