# Solution for ../instances-HHCRSP/InstanzVNS_HCSRP_200_8.txt
# Cost = 1160.15 Dist = 3473.13 Tard = 4.76909 TMax = 2.55799
# <vehicle> <route length>
# <origin node> <dest node> <vehicle> <service type>
0 13
0 10 0 0
10 195 0 0
195 193 0 0
193 125 0 0
125 184 0 1
184 185 0 0
185 40 0 0
40 22 0 1
22 107 0 1
107 174 0 1
174 51 0 0
51 48 0 1
48 0 0 0
1 13
0 42 1 0
42 188 1 0
188 178 1 0
178 182 1 0
182 135 1 0
135 76 1 0
76 95 1 0
95 62 1 0
62 81 1 0
81 16 1 0
16 5 1 0
5 109 1 0
109 0 1 0
2 19
0 91 2 2
91 102 2 2
102 197 2 0
197 179 2 0
179 23 2 2
23 94 2 0
94 68 2 2
68 74 2 0
74 192 2 0
192 56 2 2
56 183 2 2
183 139 2 0
139 172 2 2
172 6 2 2
6 12 2 2
12 113 2 2
113 90 2 0
90 129 2 0
129 0 2 0
3 10
0 60 3 2
60 104 3 2
104 194 3 1
194 58 3 2
58 131 3 1
131 77 3 2
77 71 3 1
71 18 3 1
18 181 3 2
181 0 3 0
4 9
0 199 4 1
199 189 4 1
189 33 4 1
33 75 4 1
75 200 4 1
200 53 4 1
53 44 4 1
44 180 4 1
180 0 4 0
5 8
0 87 5 1
87 126 5 1
126 110 5 1
110 92 5 1
92 175 5 1
175 115 5 1
115 138 5 1
138 0 5 0
6 20
0 45 6 2
45 134 6 0
134 65 6 0
65 117 6 2
117 130 6 0
130 55 6 0
55 186 6 0
186 171 6 0
171 119 6 0
119 132 6 0
132 120 6 0
120 187 6 0
187 196 6 2
196 13 6 2
13 72 6 0
72 105 6 2
105 46 6 2
46 127 6 2
127 103 6 2
103 0 6 0
7 3
0 177 7 2
177 93 7 2
93 0 7 0
8 18
0 112 8 0
112 57 8 1
57 11 8 0
11 17 8 0
17 21 8 0
21 190 8 1
190 78 8 0
78 36 8 1
36 173 8 0
173 100 8 0
100 198 8 0
198 4 8 1
4 176 8 1
176 191 8 0
191 27 8 1
27 98 8 0
98 73 8 0
73 0 8 0
9 4
0 54 9 1
54 66 9 1
66 32 9 1
32 0 9 0
10 14
0 195 10 4
195 8 10 5
8 193 10 4
193 184 10 5
184 185 10 5
185 149 10 4
149 34 10 5
34 187 10 4
187 180 10 4
180 99 10 5
99 157 10 5
157 3 10 4
3 88 10 5
88 0 10 0
11 13
0 145 11 3
145 128 11 4
128 37 11 5
37 156 11 4
156 140 11 5
140 162 11 3
162 31 11 5
31 79 11 3
79 153 11 4
153 152 11 3
152 165 11 3
165 150 11 4
150 0 11 0
12 14
0 145 12 5
145 168 12 3
168 7 12 3
7 1 12 4
1 97 12 4
97 186 12 3
186 171 12 4
171 24 12 4
24 47 12 4
47 164 12 3
164 83 12 3
83 118 12 5
118 39 12 4
39 0 12 0
13 13
0 199 13 4
199 70 13 5
70 137 13 4
137 25 13 5
25 82 13 4
82 200 13 3
200 149 13 5
149 166 13 3
166 167 13 3
167 196 13 4
196 69 13 3
69 157 13 3
157 0 13 0
14 19
0 136 14 3
136 106 14 4
106 14 14 5
14 116 14 5
116 63 14 5
63 26 14 3
26 190 14 5
190 19 14 3
19 173 14 4
173 2 14 4
2 148 14 4
148 142 14 3
142 144 14 4
144 9 14 5
9 146 14 3
146 154 14 4
154 30 14 5
30 147 14 3
147 0 14 0
15 7
0 170 15 4
170 61 15 4
61 182 15 4
182 156 15 5
156 162 15 5
162 158 15 5
158 0 15 0
16 8
0 170 16 5
170 178 16 4
178 124 16 3
124 38 16 4
38 176 16 5
176 191 16 5
191 28 16 3
28 0 16 0
17 8
0 84 17 4
84 155 17 4
155 159 17 3
159 183 17 4
183 175 17 5
175 172 17 3
172 101 17 4
101 0 17 0
18 13
0 161 18 3
161 43 18 4
43 189 18 3
189 168 18 5
168 164 18 5
164 89 18 4
89 174 18 5
174 35 18 4
35 153 18 5
153 152 18 4
152 165 18 4
165 150 18 5
150 0 18 0
19 10
0 161 19 5
161 143 19 4
143 133 19 4
133 198 19 3
198 52 19 4
52 29 19 3
29 146 19 5
146 154 19 5
154 147 19 4
147 0 19 0
20 7
0 151 20 5
151 177 20 5
177 96 20 5
96 80 20 5
80 41 20 5
41 160 20 5
160 0 20 0
21 2
0 151 21 4
151 0 21 0
22 14
0 108 22 3
108 49 22 5
49 121 22 3
121 188 22 3
188 194 22 5
194 64 22 3
64 166 22 5
166 167 22 4
167 114 22 5
114 122 22 5
122 111 22 5
111 181 22 4
181 158 22 3
158 0 22 0
23 10
0 163 23 5
163 59 23 3
59 192 23 5
192 148 23 5
148 142 23 5
142 144 23 3
144 141 23 3
141 169 23 3
169 85 23 3
85 0 23 0
24 2
0 67 24 5
67 0 24 0
25 10
0 86 25 4
86 50 25 4
50 197 25 3
197 179 25 3
179 155 25 5
155 159 25 4
159 20 25 3
20 141 25 5
141 169 25 5
169 0 25 0
26 1
0 0 26 0
27 1
0 0 27 0
28 4
0 163 28 4
163 143 28 5
143 15 28 4
15 0 28 0
29 3
0 123 29 4
123 160 29 4
160 0 29 0
