# Solution for ../instances-HHCRSP/InstanzCPLEX_HCSRP_75_9.txt
# Cost = 720.385 Dist = 2151.78 Tard = 4.68563 TMax = 4.68563
# <vehicle> <route length>
# <origin node> <dest node> <vehicle> <service type>
0 10
0 64 0 1
64 66 0 1
66 9 0 1
9 50 0 1
50 30 0 1
30 33 0 0
33 1 0 1
1 26 0 0
26 20 0 0
20 0 0 0
1 1
0 0 1 0
2 13
0 11 2 2
11 36 2 2
36 4 2 1
4 67 2 0
67 8 2 0
8 75 2 2
75 72 2 1
72 70 2 1
70 18 2 2
18 21 2 1
21 45 2 2
45 74 2 1
74 0 2 0
3 7
0 73 3 2
73 43 3 0
43 71 3 1
71 23 3 2
23 32 3 0
32 10 3 1
10 0 3 0
4 12
0 42 4 2
42 16 4 2
16 47 4 2
47 35 4 2
35 68 4 2
68 27 4 0
27 69 4 2
69 28 4 2
28 44 4 2
44 31 4 0
31 65 4 2
65 0 4 0
5 6
0 73 5 4
73 71 5 5
71 41 5 4
41 14 5 4
14 53 5 4
53 0 5 0
6 7
0 56 6 5
56 63 6 3
63 58 6 3
58 38 6 3
38 29 6 3
29 40 6 5
40 0 6 0
7 7
0 56 7 4
56 22 7 4
22 68 7 4
68 70 7 4
70 62 7 4
62 24 7 4
24 0 7 0
8 14
0 64 8 4
64 52 8 4
52 63 8 5
63 67 8 4
67 19 8 5
19 12 8 4
12 75 8 5
75 72 8 3
72 62 8 3
62 15 8 5
15 57 8 3
57 51 8 4
51 74 8 3
74 0 8 0
9 10
0 34 9 4
34 54 9 4
54 49 9 5
49 2 9 4
2 5 9 5
5 6 9 3
6 37 9 5
37 69 9 4
69 57 9 5
57 0 9 0
10 8
0 54 10 5
54 66 10 3
66 17 10 5
17 48 10 5
48 58 10 5
58 61 10 5
61 55 10 3
55 0 10 0
11 9
0 59 11 3
59 39 11 3
39 46 11 5
46 3 11 4
3 61 11 4
61 13 11 4
13 65 11 4
65 55 11 5
55 0 11 0
12 3
0 25 12 5
25 60 12 3
60 0 12 0
13 4
0 59 13 4
59 7 13 5
7 60 13 5
60 0 13 0
14 2
0 53 14 3
53 0 14 0
