# Solution for ../instances-HHCRSP/InstanzCPLEX_HCSRP_50_7.txt
# Cost = 552.251 Dist = 1656.75 Tard = 0 TMax = 0
# <vehicle> <route length>
# <origin node> <dest node> <vehicle> <service type>
0 12
0 18 0 0
18 50 0 0
50 45 0 0
45 43 0 0
43 25 0 2
25 29 0 0
29 48 0 0
48 13 0 0
13 22 0 2
22 12 0 0
12 9 0 0
9 0 0 0
1 10
0 2 1 2
2 11 1 0
11 49 1 1
49 24 1 1
24 14 1 1
14 44 1 1
44 15 1 1
15 33 1 1
33 46 1 1
46 0 1 0
2 4
0 10 2 0
10 47 2 2
47 26 2 2
26 0 2 0
3 10
0 42 3 3
42 31 3 3
31 38 3 3
38 32 3 3
32 41 3 3
41 40 3 4
40 7 3 4
7 16 3 4
16 46 3 5
46 0 3 0
4 10
0 42 4 4
42 21 4 4
21 3 4 3
3 38 4 4
38 1 4 4
1 41 4 4
41 40 4 5
40 30 4 5
30 8 4 5
8 0 4 0
5 8
0 20 5 3
20 50 5 3
50 45 5 5
45 6 5 4
6 28 5 4
28 37 5 3
37 39 5 3
39 0 5 0
6 7
0 34 6 3
34 49 6 5
49 27 6 3
27 19 6 3
19 48 6 3
48 17 6 3
17 0 6 0
7 3
0 44 7 5
44 39 7 4
39 0 7 0
8 7
0 23 8 3
23 5 8 4
5 43 8 3
43 37 8 5
37 47 8 4
47 36 8 4
36 0 8 0
9 4
0 4 9 4
4 35 9 3
35 36 9 5
36 0 9 0
