# Solution for ../instances-HHCRSP/InstanzCPLEX_HCSRP_50_5.txt
# Cost = 680.745 Dist = 1752.83 Tard = 226.978 TMax = 62.4278
# <vehicle> <route length>
# <origin node> <dest node> <vehicle> <service type>
0 16
0 45 0 0
45 14 0 0
14 46 0 1
46 50 0 0
50 17 0 0
17 34 0 1
34 23 0 0
23 21 0 0
21 18 0 1
18 31 0 1
31 48 0 0
48 25 0 1
25 5 0 0
5 33 0 1
33 35 0 1
35 0 0 0
1 13
0 15 1 2
15 49 1 2
49 9 1 2
9 3 1 2
3 43 1 2
43 30 1 2
30 32 1 2
32 47 1 2
47 27 1 2
27 4 1 2
4 24 1 2
24 44 1 2
44 0 1 0
2 2
0 13 2 1
13 0 2 0
3 9
0 42 3 3
42 16 3 4
16 45 3 5
45 46 3 3
46 2 3 4
2 39 3 3
39 47 3 5
47 26 3 4
26 0 3 0
4 9
0 8 4 5
8 38 4 3
38 28 4 3
28 36 4 5
36 12 4 3
12 1 4 5
1 20 4 3
20 44 4 5
44 0 4 0
5 11
0 42 5 4
42 22 5 5
22 11 5 5
11 50 5 3
50 10 5 3
10 39 5 5
39 7 5 4
7 48 5 3
48 37 5 3
37 40 5 5
40 0 5 0
6 6
0 38 6 4
38 49 6 4
49 36 6 4
36 37 6 4
37 40 6 4
40 0 6 0
7 3
0 43 7 4
43 41 7 4
41 0 7 0
8 1
0 0 8 0
9 5
0 6 9 5
6 29 9 3
29 19 9 5
19 41 9 5
41 0 9 0
