# Solution for ../instances-HHCRSP/InstanzVNS_HCSRP_200_2.txt
# Cost = 1387.51 Dist = 4117.65 Tard = 29.0322 TMax = 15.855
# <vehicle> <route length>
# <origin node> <dest node> <vehicle> <service type>
0 9
0 132 0 1
132 172 0 1
172 182 0 0
182 138 0 1
138 129 0 1
129 113 0 1
113 56 0 1
56 195 0 1
195 0 0 0
1 8
0 189 1 2
189 40 1 2
40 193 1 2
193 36 1 2
36 180 1 2
180 184 1 2
184 12 1 2
12 0 1 0
2 18
0 198 2 0
198 61 2 2
61 91 2 0
91 11 2 2
11 26 2 0
26 136 2 2
136 196 2 0
196 2 2 0
2 45 2 0
45 66 2 2
66 34 2 2
34 187 2 2
187 15 2 2
15 10 2 0
10 176 2 2
176 106 2 0
106 21 2 0
21 0 2 0
3 17
0 9 3 1
9 71 3 1
71 54 3 1
54 173 3 1
173 174 3 2
174 181 3 1
181 171 3 1
171 140 3 1
140 19 3 2
19 41 3 2
41 80 3 1
80 103 3 2
103 4 3 1
4 42 3 1
42 97 3 2
97 178 3 2
178 0 3 0
4 5
0 121 4 2
121 90 4 2
90 16 4 2
16 100 4 2
100 0 4 0
5 9
0 39 5 1
39 200 5 1
200 120 5 1
120 92 5 1
92 38 5 1
38 116 5 0
116 192 5 0
192 185 5 1
185 0 5 0
6 11
0 17 6 1
17 186 6 1
186 67 6 0
67 131 6 1
131 197 6 0
197 194 6 1
194 44 6 1
44 33 6 1
33 32 6 0
32 82 6 1
82 0 6 0
7 5
0 59 7 2
59 175 7 2
175 3 7 2
3 43 7 2
43 0 7 0
8 14
0 177 8 1
177 96 8 1
96 46 8 0
46 123 8 1
123 199 8 0
199 83 8 0
83 115 8 0
115 117 8 1
117 191 8 0
191 6 8 0
6 57 8 0
57 128 8 1
128 7 8 0
7 0 8 0
9 13
0 190 9 0
190 108 9 1
108 14 9 0
14 72 9 2
72 183 9 1
183 133 9 1
133 105 9 0
105 188 9 1
188 31 9 1
31 114 9 0
114 65 9 2
65 179 9 2
179 0 9 0
10 12
0 151 10 4
151 28 10 5
28 118 10 4
118 125 10 4
125 13 10 4
13 183 10 4
183 180 10 4
180 184 10 4
184 148 10 5
148 47 10 4
47 24 10 4
24 0 10 0
11 19
0 8 11 3
8 151 11 3
151 182 11 3
182 170 11 4
170 27 11 4
27 124 11 4
124 84 11 4
84 156 11 3
156 88 11 3
88 158 11 4
158 109 11 5
109 134 11 4
134 5 11 3
5 153 11 4
153 78 11 3
78 187 11 3
187 165 11 3
165 139 11 3
139 0 11 0
12 17
0 146 12 4
146 168 12 4
168 147 12 3
147 172 12 5
172 49 12 4
49 170 12 5
170 196 12 4
196 156 12 5
156 188 12 4
188 68 12 4
68 153 12 5
153 18 12 3
18 35 12 4
35 149 12 4
149 74 12 4
74 179 12 3
179 0 12 0
13 15
0 146 13 5
146 168 13 3
168 147 13 5
147 174 13 5
174 145 13 5
145 144 13 5
144 73 13 3
73 167 13 5
167 122 13 3
122 159 13 3
159 160 13 3
160 155 13 3
155 150 13 3
150 55 13 5
55 0 13 0
14 11
0 127 14 5
127 190 14 3
190 154 14 3
154 189 14 3
189 175 14 3
175 157 14 4
157 86 14 3
86 112 14 5
112 169 14 3
169 185 14 5
185 0 14 0
15 7
0 161 15 4
161 162 15 4
162 193 15 4
193 197 15 4
197 195 15 4
195 178 15 4
178 0 15 0
16 15
0 198 16 3
198 135 16 5
135 173 16 3
173 145 16 4
145 144 16 4
144 167 16 4
167 81 16 3
81 25 16 4
25 58 16 4
58 159 16 4
159 160 16 5
160 155 16 4
155 111 16 4
111 79 16 3
79 0 16 0
17 17
0 137 17 3
137 53 17 4
53 104 17 3
104 1 17 4
1 161 17 3
161 162 17 5
162 107 17 4
107 101 17 3
101 22 17 3
22 85 17 4
85 99 17 4
99 191 17 5
191 23 17 5
23 76 17 3
76 148 17 3
148 165 17 4
165 0 17 0
18 2
0 63 18 4
63 0 18 0
19 14
0 177 19 5
177 77 19 4
77 181 19 4
181 75 19 5
75 171 19 5
171 94 19 5
94 48 19 3
48 29 19 3
29 158 19 5
158 130 19 3
130 150 19 5
150 176 19 3
176 149 19 5
149 0 19 0
20 6
0 200 20 3
200 60 20 5
60 69 20 4
69 20 20 5
20 192 20 3
192 0 20 0
21 15
0 89 21 5
89 154 21 5
154 62 21 4
62 110 21 5
110 141 21 4
141 163 21 4
163 152 21 4
152 157 21 5
157 164 21 5
164 52 21 4
52 143 21 5
143 142 21 4
142 87 21 4
87 166 21 4
166 0 21 0
22 11
0 51 22 5
51 186 22 3
186 119 22 5
119 98 22 4
98 70 22 5
70 30 22 4
30 194 22 3
194 37 22 3
37 95 22 3
95 169 22 4
169 0 22 0
23 14
0 126 23 5
126 93 23 3
93 50 23 5
50 199 23 5
199 141 23 5
141 163 23 3
163 152 23 5
152 164 23 3
164 102 23 3
102 143 23 3
143 64 23 3
64 142 23 3
142 166 23 5
166 0 23 0
24 1
0 0 24 0
25 1
0 0 25 0
26 1
0 0 26 0
27 1
0 0 27 0
28 1
0 0 28 0
29 1
0 0 29 0
