# Solution for ../instances-HHCRSP/InstanzVNS_HCSRP_100_9.txt
# Cost = 951.215 Dist = 2841.83 Tard = 5.90727 TMax = 5.90727
# <vehicle> <route length>
# <origin node> <dest node> <vehicle> <service type>
0 12
0 97 0 2
97 16 0 2
16 64 0 2
64 59 0 2
59 23 0 2
23 43 0 0
43 10 0 1
10 44 0 2
44 53 0 0
53 60 0 2
60 93 0 1
93 0 0 0
1 8
0 54 1 1
54 9 1 1
9 50 1 1
50 4 1 1
4 95 1 1
95 100 1 1
100 1 1 1
1 0 1 0
2 10
0 89 2 0
89 87 2 0
87 33 2 0
33 90 2 0
90 26 2 0
26 61 2 0
61 55 2 0
55 31 2 0
31 94 2 0
94 0 2 0
3 3
0 99 3 0
99 32 3 0
32 0 3 0
4 12
0 47 4 2
47 35 4 2
35 36 4 2
36 11 4 2
11 27 4 0
27 56 4 0
56 88 4 2
88 8 4 0
8 86 4 2
86 18 4 2
18 92 4 0
92 0 4 0
5 13
0 42 5 2
42 98 5 2
98 91 5 1
91 96 5 2
96 58 5 2
58 30 5 1
30 28 5 2
28 20 5 0
20 69 5 0
69 21 5 1
21 45 5 2
45 57 5 2
57 0 5 0
6 1
0 0 6 0
7 16
0 81 7 5
81 79 7 3
79 75 7 3
75 67 7 5
67 6 7 3
6 83 7 3
83 100 7 3
100 77 7 5
77 62 7 3
62 88 7 5
88 15 7 5
15 78 7 3
78 74 7 5
74 29 7 3
29 40 7 5
40 0 7 0
8 9
0 97 8 4
97 89 8 4
89 63 8 4
63 83 8 4
83 84 8 4
84 37 8 5
37 80 8 4
80 51 8 4
51 0 8 0
9 10
0 73 9 3
73 49 9 5
49 66 9 3
66 76 9 3
76 87 9 3
87 90 9 5
90 85 9 3
85 38 9 3
38 80 9 5
80 0 9 0
10 15
0 52 10 4
52 81 10 4
81 79 10 4
79 22 10 4
22 75 10 4
75 68 10 4
68 95 10 5
95 12 10 4
12 77 10 4
77 70 10 5
70 72 10 3
72 86 10 5
86 24 10 4
24 92 10 4
92 0 10 0
11 1
0 0 11 0
12 5
0 73 12 5
73 71 12 5
71 7 12 5
7 93 12 4
93 0 12 0
13 2
0 25 13 5
25 0 13 0
14 13
0 82 14 4
82 34 14 4
34 2 14 4
2 5 14 5
5 76 14 5
76 48 14 5
48 17 14 5
17 84 14 5
84 19 14 5
19 72 14 4
72 78 14 4
78 74 14 4
74 0 14 0
15 10
0 82 15 5
82 71 15 3
71 98 15 3
98 91 15 3
91 39 15 3
39 3 15 4
3 85 15 4
85 13 15 4
13 14 15 4
14 0 15 0
16 6
0 46 16 5
46 96 16 5
96 41 16 4
41 94 16 5
94 65 16 5
65 0 16 0
17 2
0 99 17 4
99 0 17 0
18 1
0 0 18 0
19 1
0 0 19 0
