# Solution for ../instances-HHCRSP/InstanzVNS_HCSRP_200_4.txt
# Cost = 1151.7 Dist = 3443.28 Tard = 8.91376 TMax = 2.91143
# <vehicle> <route length>
# <origin node> <dest node> <vehicle> <service type>
0 15
0 191 0 2
191 88 0 2
88 128 0 2
128 62 0 0
62 171 0 0
171 41 0 0
41 200 0 2
200 192 0 2
192 85 0 0
85 72 0 2
72 121 0 0
121 64 0 0
64 56 0 2
56 11 0 2
11 0 0 0
1 12
0 94 1 1
94 7 1 1
7 108 1 0
108 14 1 2
14 130 1 0
130 184 1 0
184 25 1 1
25 87 1 2
87 17 1 1
17 36 1 1
36 95 1 1
95 0 1 0
2 11
0 69 2 0
69 50 2 0
50 77 2 1
77 44 2 0
44 187 2 1
187 182 2 0
182 137 2 1
137 63 2 0
63 65 2 1
65 120 2 0
120 0 2 0
3 18
0 122 3 2
122 15 3 2
15 39 3 0
39 16 3 0
16 92 3 1
92 33 3 0
33 127 3 0
127 113 3 2
113 188 3 2
188 185 3 2
185 98 3 2
98 132 3 1
132 10 3 1
10 18 3 0
18 140 3 1
140 102 3 0
102 100 3 0
100 0 3 0
4 12
0 13 4 2
13 105 4 0
105 174 4 0
174 179 4 2
179 1 4 2
1 197 4 2
197 123 4 2
123 125 4 2
125 89 4 2
89 178 4 0
178 111 4 1
111 0 4 0
5 7
0 51 5 2
51 47 5 2
47 189 5 2
189 175 5 2
175 199 5 2
199 12 5 2
12 0 5 0
6 11
0 106 6 2
106 190 6 0
190 196 6 2
196 20 6 0
20 181 6 0
181 54 6 0
54 176 6 2
176 76 6 2
76 9 6 0
9 112 6 2
112 0 6 0
7 8
0 177 7 1
177 139 7 1
139 40 7 1
40 173 7 1
173 24 7 1
24 172 7 1
172 109 7 1
109 0 7 0
8 13
0 55 8 1
55 71 8 1
71 90 8 1
90 183 8 2
183 198 8 2
198 194 8 2
194 99 8 1
99 34 8 2
34 135 8 1
135 81 8 1
81 195 8 2
195 193 8 2
193 0 8 0
9 5
0 186 9 2
186 180 9 2
180 84 9 2
84 86 9 2
86 0 9 0
10 10
0 38 10 5
38 144 10 3
144 58 10 3
58 149 10 3
149 148 10 3
148 162 10 5
162 29 10 5
29 182 10 3
182 172 10 3
172 0 10 0
11 11
0 191 11 3
191 114 11 5
114 83 11 5
83 143 11 3
143 171 11 4
171 117 11 3
117 156 11 4
156 150 11 3
150 110 11 5
110 159 11 4
159 0 11 0
12 13
0 74 12 5
74 32 12 3
32 66 12 3
66 174 12 3
174 179 12 4
179 45 12 3
45 197 12 5
197 60 12 4
60 169 12 3
169 3 12 3
3 61 12 4
61 142 12 3
142 0 12 0
13 14
0 160 13 4
160 82 13 3
82 30 13 5
30 48 13 5
48 59 13 4
59 27 13 3
27 80 13 5
80 155 13 5
155 153 13 3
153 43 13 5
43 188 13 3
188 21 13 5
21 53 13 5
53 0 13 0
14 13
0 160 14 5
160 168 14 4
168 152 14 3
152 164 14 3
164 126 14 4
126 107 14 3
107 184 14 3
184 4 14 4
4 154 14 3
154 37 14 4
37 26 14 3
26 70 14 5
70 0 14 0
15 15
0 161 15 3
161 103 15 4
103 158 15 4
158 198 15 5
198 119 15 3
119 194 15 4
194 35 15 3
35 68 15 3
68 73 15 3
73 156 15 5
156 150 15 4
150 78 15 3
78 118 15 3
118 159 15 5
159 0 15 0
16 12
0 161 16 5
161 6 16 3
6 177 16 5
177 190 16 4
190 196 16 5
196 31 16 4
31 134 16 3
134 147 16 3
147 165 16 4
165 169 16 4
169 178 16 5
178 0 16 0
17 8
0 144 17 5
144 131 17 4
131 149 17 5
149 148 17 5
148 162 17 4
162 146 17 5
146 138 17 4
138 0 17 0
18 10
0 168 18 5
168 152 18 4
152 164 18 5
164 173 18 5
173 176 18 4
176 124 18 5
124 199 18 4
199 167 18 3
167 136 18 3
136 0 18 0
19 11
0 145 19 3
145 170 19 3
170 97 19 4
97 157 19 4
157 116 19 3
116 181 19 5
181 147 19 4
147 165 19 5
165 57 19 4
57 167 19 5
167 0 19 0
20 14
0 145 20 4
145 170 20 5
170 157 20 5
157 52 20 5
52 19 20 4
19 46 20 4
46 153 20 5
153 5 20 3
5 185 20 5
185 101 20 4
101 154 20 4
154 8 20 4
8 79 20 4
79 0 20 0
21 10
0 163 21 3
163 23 21 4
23 143 21 4
143 200 21 4
200 192 21 5
192 104 21 4
104 96 21 3
96 129 21 5
129 142 21 4
142 0 21 0
22 7
0 163 22 5
163 49 22 4
49 183 22 3
183 158 22 5
158 93 22 4
93 195 22 3
195 0 22 0
23 6
0 166 23 3
166 42 23 4
42 155 23 3
155 2 23 4
2 146 23 3
146 0 23 0
24 6
0 166 24 4
166 186 24 5
186 180 24 4
180 187 24 4
187 141 24 4
141 0 24 0
25 2
0 115 25 4
115 0 25 0
26 6
0 28 26 3
28 189 26 3
189 175 26 3
175 151 26 5
151 22 26 5
22 0 26 0
27 2
0 193 27 5
193 0 27 0
28 5
0 133 28 3
133 151 28 4
151 91 28 5
91 67 28 3
67 0 28 0
29 3
0 75 29 3
75 141 29 3
141 0 29 0
