# Solution for ../instances-HHCRSP/InstanzCPLEX_HCSRP_75_3.txt
# Cost = 669.295 Dist = 1931.67 Tard = 49.8742 TMax = 26.3349
# <vehicle> <route length>
# <origin node> <dest node> <vehicle> <service type>
0 13
0 35 0 2
35 74 0 2
74 50 0 2
50 40 0 1
40 47 0 2
47 45 0 2
45 17 0 0
17 67 0 0
67 43 0 2
43 66 0 2
66 5 0 0
5 31 0 2
31 0 0 0
1 9
0 9 1 1
9 33 1 0
33 71 1 0
71 6 1 0
6 22 1 0
22 10 1 1
10 75 1 1
75 38 1 0
38 0 1 0
2 10
0 23 2 1
23 1 2 2
1 2 2 2
2 29 2 2
29 69 2 2
69 68 2 2
68 65 2 2
65 73 2 2
73 72 2 2
72 0 2 0
3 4
0 70 3 0
70 34 3 0
34 3 3 0
3 0 3 0
4 7
0 20 4 1
20 26 4 1
26 4 4 1
4 64 4 1
64 41 4 1
41 21 4 1
21 0 4 0
5 12
0 7 5 3
7 55 5 3
55 74 5 5
74 71 5 4
71 59 5 3
59 32 5 5
32 8 5 4
8 12 5 4
12 57 5 4
57 60 5 3
60 54 5 3
54 0 5 0
6 8
0 55 6 4
55 44 6 4
44 52 6 3
52 51 6 3
51 57 6 5
57 60 6 4
60 54 6 4
54 0 6 0
7 10
0 15 7 3
15 27 7 5
27 28 7 5
28 75 7 4
75 53 7 3
53 48 7 5
48 30 7 5
30 37 7 3
37 72 7 4
72 0 7 0
8 7
0 36 8 3
36 62 8 4
62 59 8 4
59 67 8 4
67 66 8 4
66 11 8 3
11 0 8 0
9 6
0 63 9 3
63 56 9 4
56 18 9 3
18 14 9 4
14 25 9 4
25 0 9 0
10 9
0 63 10 4
63 70 10 5
70 62 10 5
62 56 10 5
56 13 10 5
13 64 10 5
64 19 10 4
19 58 10 4
58 0 10 0
11 10
0 42 11 5
42 61 11 4
61 49 11 4
49 24 11 5
24 16 11 4
16 69 11 5
69 46 11 4
46 53 11 4
53 73 11 5
73 0 11 0
12 4
0 61 12 5
61 39 12 3
39 65 12 5
65 0 12 0
13 1
0 0 13 0
14 3
0 68 14 4
68 58 14 3
58 0 14 0
