# Solution for ../instances-HHCRSP/InstanzCPLEX_HCSRP_50_6.txt
# Cost = 860.272 Dist = 1699.65 Tard = 680.706 TMax = 200.456
# <vehicle> <route length>
# <origin node> <dest node> <vehicle> <service type>
0 10
0 50 0 0
50 16 0 0
16 49 0 0
49 2 0 0
2 18 0 0
18 33 0 0
33 47 0 0
47 4 0 0
4 26 0 0
26 0 0 0
1 9
0 5 1 1
5 43 1 1
43 45 1 1
45 15 1 1
15 19 1 1
19 23 1 1
23 24 1 1
24 1 1 1
1 0 1 0
2 12
0 25 2 2
25 20 2 2
20 13 2 0
13 48 2 2
48 46 2 2
46 3 2 2
3 44 2 2
44 22 2 2
22 31 2 2
31 30 2 2
30 12 2 2
12 0 2 0
3 9
0 27 3 4
27 11 3 4
11 48 3 3
48 46 3 3
46 47 3 5
47 38 3 5
38 29 3 3
29 28 3 5
28 0 3 0
4 4
0 39 4 3
39 37 4 3
37 14 4 3
14 0 4 0
5 8
0 43 5 4
43 36 5 3
36 8 5 4
8 40 5 3
40 21 5 3
21 9 5 4
9 38 5 4
38 0 5 0
6 9
0 50 6 5
50 36 6 5
36 35 6 5
35 17 6 5
17 40 6 4
40 32 6 4
32 42 6 5
42 10 6 5
10 0 6 0
7 6
0 6 7 5
6 49 7 5
49 34 7 5
34 44 7 4
44 41 7 3
41 0 7 0
8 5
0 39 8 5
39 37 8 5
37 7 8 5
7 41 8 4
41 0 8 0
9 3
0 45 9 3
45 42 9 3
42 0 9 0
