# Solution for ../instances-HHCRSP/InstanzVNS_HCSRP_300_8.txt
# Cost = 1575.16 Dist = 4715.54 Tard = 7.15628 TMax = 2.79124
# <vehicle> <route length>
# <origin node> <dest node> <vehicle> <service type>
0 15
0 130 0 0
130 286 0 1
286 134 0 0
134 65 0 0
65 40 0 0
40 185 0 1
185 53 0 1
53 267 0 1
267 166 0 1
166 44 0 1
44 51 0 0
51 149 0 0
149 300 0 1
300 174 0 0
174 0 0 0
1 18
0 60 1 2
60 298 1 2
298 285 1 2
285 266 1 2
266 254 1 1
254 119 1 0
119 290 1 1
290 288 1 2
288 196 1 2
196 187 1 2
187 13 1 2
13 105 1 2
105 48 1 1
48 46 1 2
46 73 1 0
73 181 1 1
181 103 1 2
103 0 1 0
2 19
0 272 2 2
272 112 2 0
112 45 2 2
45 117 2 2
117 188 2 0
188 145 2 0
145 135 2 0
135 291 2 0
291 62 2 0
62 296 2 2
296 167 2 2
167 76 2 0
76 277 2 2
277 269 2 0
269 93 2 2
93 263 2 0
263 109 2 0
109 113 2 2
113 0 2 0
3 6
0 23 3 2
23 159 3 2
159 6 3 2
6 12 3 2
12 287 3 2
287 0 3 0
4 13
0 91 4 2
91 197 4 1
197 161 4 1
161 68 4 2
68 57 4 1
57 126 4 1
126 282 4 2
282 295 4 1
295 283 4 2
283 258 4 2
258 253 4 2
253 264 4 2
264 0 4 0
5 14
0 278 5 2
278 170 5 2
170 275 5 2
275 58 5 2
58 151 5 2
151 178 5 1
178 279 5 2
279 32 5 1
32 252 5 1
252 257 5 1
257 276 5 1
276 77 5 2
77 255 5 1
255 0 5 0
6 11
0 11 6 0
11 268 6 0
268 74 6 0
74 297 6 0
297 173 6 0
173 94 6 0
94 78 6 0
78 90 6 0
90 270 6 0
270 129 6 0
129 0 6 0
7 4
0 293 7 2
293 256 7 2
256 56 7 2
56 0 7 0
8 13
0 281 8 0
281 125 8 0
125 195 8 1
195 33 8 1
33 168 8 1
168 132 8 0
132 75 8 1
75 294 8 2
294 164 8 2
164 120 8 0
120 280 8 0
280 72 8 0
72 0 8 0
9 10
0 299 9 1
299 156 9 1
156 104 9 2
104 186 9 2
186 27 9 1
27 273 9 1
273 18 9 1
18 127 9 2
127 150 9 2
150 0 9 0
10 7
0 10 10 0
10 284 10 0
284 100 10 0
100 5 10 0
5 158 10 0
158 16 10 0
16 0 10 0
11 2
0 260 11 2
260 0 11 0
12 2
0 289 12 2
289 0 12 0
13 12
0 17 13 0
17 21 13 0
21 179 13 2
179 92 13 1
92 102 13 2
102 36 13 1
36 139 13 0
139 172 13 1
172 192 13 2
192 115 13 1
115 251 13 0
251 0 13 0
14 11
0 42 14 0
42 55 14 0
55 22 14 1
22 274 14 1
274 262 14 1
262 107 14 1
107 95 14 0
95 259 14 1
259 98 14 0
98 81 14 0
81 0 14 0
15 7
0 110 15 1
110 271 15 0
271 54 15 1
54 66 15 1
66 292 15 0
292 160 15 0
160 0 15 0
16 8
0 87 16 1
87 261 16 1
261 138 16 1
138 131 16 1
131 4 16 1
4 71 16 1
71 265 16 1
265 0 16 0
17 1
0 0 17 0
18 17
0 230 18 4
230 216 18 3
216 286 18 3
286 217 18 4
217 205 18 3
205 285 18 4
285 118 18 5
118 47 18 4
47 267 18 3
267 225 18 3
225 234 18 3
234 228 18 4
228 238 18 3
238 69 18 3
69 280 18 4
280 246 18 3
246 0 18 0
19 15
0 230 19 5
230 216 19 4
216 298 19 3
298 217 19 5
217 205 19 5
205 266 19 5
266 254 19 4
254 290 19 4
290 288 19 5
288 300 19 4
300 39 19 4
39 35 19 4
35 153 19 5
153 246 19 4
246 0 19 0
20 18
0 199 20 5
199 281 20 4
281 121 20 3
121 82 20 4
82 184 20 5
184 64 20 3
64 171 20 5
171 274 20 5
274 219 20 4
219 220 20 4
220 262 20 3
262 227 20 3
227 99 20 5
99 259 20 5
259 3 20 4
3 213 20 4
213 79 20 3
79 0 20 0
21 21
0 231 21 3
231 204 21 3
204 137 21 4
137 25 21 5
25 211 21 3
211 232 21 4
232 237 21 4
237 83 21 3
83 294 21 3
294 34 21 5
34 24 21 4
24 180 21 4
180 89 21 4
89 225 21 5
225 234 21 5
234 228 21 5
228 238 21 4
238 229 21 4
229 152 21 4
152 265 21 3
265 0 21 0
22 21
0 231 22 4
231 204 22 4
204 194 22 4
194 207 22 5
207 250 22 3
250 70 22 5
70 128 22 4
128 201 22 5
201 212 22 3
212 202 22 5
202 215 22 5
215 275 22 5
275 242 22 4
242 38 22 4
38 177 22 3
177 223 22 3
223 28 22 3
28 203 22 3
203 133 22 4
133 263 22 3
263 0 22 0
23 9
0 209 23 4
209 26 23 3
26 116 23 5
116 14 23 5
14 20 23 3
20 147 23 4
147 226 23 3
226 169 23 4
169 0 23 0
24 13
0 222 24 3
222 108 24 3
108 43 24 4
43 61 24 4
61 207 24 3
207 250 24 4
250 1 24 4
1 201 24 3
201 212 24 4
212 202 24 4
202 215 24 4
215 210 24 3
210 0 24 0
25 11
0 209 25 5
209 84 25 4
84 271 25 5
271 208 25 3
208 9 25 5
9 224 25 4
224 154 25 5
154 144 25 5
144 253 25 5
253 264 25 3
264 0 25 0
26 15
0 222 26 4
222 272 26 5
272 155 26 3
155 268 26 5
268 59 26 3
59 233 26 4
233 297 26 3
297 239 26 5
239 295 26 3
295 29 26 3
29 206 26 3
206 214 26 4
214 146 26 3
146 101 26 4
101 0 26 0
27 10
0 249 27 3
249 247 27 3
247 245 27 3
245 50 27 4
50 86 27 4
86 136 27 3
136 106 27 4
106 239 27 3
239 141 27 4
141 0 27 0
28 9
0 299 28 5
299 163 28 5
163 260 28 5
260 124 28 3
124 292 28 5
292 96 28 5
96 289 28 3
289 243 28 3
243 0 28 0
29 14
0 249 29 4
249 247 29 5
247 245 29 5
245 233 29 5
233 2 29 4
2 282 29 5
282 279 29 5
279 223 29 4
223 203 29 5
203 67 29 5
67 257 29 4
257 123 29 4
123 255 29 5
255 0 29 0
30 13
0 8 30 5
8 189 30 3
189 211 30 5
211 232 30 3
232 237 30 3
237 193 30 3
193 291 30 5
291 296 30 3
296 114 30 5
114 229 30 3
229 165 30 5
165 213 30 5
213 0 30 0
31 9
0 278 31 4
278 235 31 4
235 218 31 4
218 111 31 5
111 122 31 5
122 273 31 4
273 80 31 5
80 243 31 5
243 0 31 0
32 9
0 49 32 5
49 7 32 3
7 97 32 4
97 219 32 5
219 220 32 5
220 227 32 4
227 157 32 5
157 88 32 5
88 0 32 0
33 9
0 241 33 4
241 248 33 4
248 235 33 3
235 218 33 3
218 140 33 5
140 162 33 3
162 191 33 3
191 41 33 5
41 0 33 0
34 2
0 198 34 4
198 0 34 0
35 7
0 241 35 5
241 248 35 3
248 240 35 5
240 236 35 5
236 244 35 3
244 276 35 5
276 0 35 0
36 12
0 284 36 5
284 143 36 3
143 182 36 5
182 242 36 5
242 37 36 5
37 277 36 3
277 269 36 4
269 252 36 3
252 31 36 5
31 176 36 5
176 210 36 4
210 0 36 0
37 9
0 293 37 4
293 261 37 4
261 221 37 5
221 256 37 5
256 148 37 4
148 208 37 5
208 251 37 4
251 52 37 4
52 0 37 0
38 14
0 200 38 3
200 240 38 4
240 236 38 4
236 244 38 5
244 15 38 4
15 206 38 4
206 214 38 5
214 175 38 5
175 142 38 4
142 283 38 3
283 30 38 5
30 270 38 4
270 258 38 4
258 0 38 0
39 10
0 221 39 3
221 19 39 3
19 183 39 4
183 190 39 3
190 63 39 5
63 224 39 5
224 85 39 3
85 287 39 3
287 226 39 5
226 0 39 0
