# Solution for ../instances-HHCRSP/InstanzVNS_HCSRP_100_8.txt
# Cost = 752.351 Dist = 2243.1 Tard = 8.77911 TMax = 5.17147
# <vehicle> <route length>
# <origin node> <dest node> <vehicle> <service type>
0 9
0 42 0 0
42 45 0 2
45 55 0 0
55 97 0 0
97 95 0 0
95 62 0 0
62 13 0 2
13 46 0 2
46 0 0 0
1 17
0 57 1 1
57 91 1 2
91 86 1 2
86 92 1 1
92 21 1 0
21 17 1 0
17 23 1 2
23 36 1 1
36 94 1 0
94 56 1 2
56 58 1 2
58 32 1 1
32 4 1 1
4 98 1 2
98 88 1 1
88 99 1 0
99 0 1 0
2 4
0 11 2 0
11 5 2 0
5 16 2 0
16 0 2 0
3 6
0 54 3 1
54 66 3 1
66 96 3 1
96 27 3 1
27 18 3 1
18 0 3 0
4 4
0 87 4 2
87 60 4 2
60 93 4 2
93 0 4 0
5 5
0 68 5 2
68 12 5 2
12 6 5 2
6 90 5 2
90 0 5 0
6 12
0 10 6 0
10 33 6 1
33 65 6 0
65 22 6 1
22 40 6 0
40 53 6 1
53 44 6 1
44 100 6 1
100 89 6 0
89 48 6 1
48 51 6 0
51 0 6 0
7 11
0 7 7 3
7 8 7 5
8 82 7 3
82 75 7 3
75 83 7 3
83 100 7 3
100 89 7 4
89 72 7 3
72 35 7 4
35 79 7 3
79 0 7 0
8 13
0 61 8 4
61 70 8 5
70 1 8 4
1 82 8 5
82 75 8 4
75 83 8 4
83 47 8 4
47 34 8 5
34 69 8 3
69 72 8 4
72 39 8 4
39 99 8 3
99 0 8 0
9 8
0 49 9 5
49 81 9 5
81 37 9 5
37 73 9 5
73 76 9 3
76 80 9 5
80 71 9 3
71 0 9 0
10 9
0 43 10 4
43 81 10 3
81 3 10 4
3 73 10 3
73 76 10 4
76 80 10 4
80 98 10 4
98 88 10 3
88 0 10 0
11 3
0 87 11 4
87 77 11 4
77 0 11 0
12 12
0 59 12 3
59 50 12 4
50 26 12 3
26 14 12 5
14 20 12 3
20 78 12 4
78 63 12 5
63 15 12 4
15 52 12 4
52 28 12 3
28 71 12 4
71 0 12 0
13 9
0 91 13 5
91 86 13 5
86 92 13 5
92 78 13 5
78 94 13 3
94 19 13 3
19 2 13 4
2 67 13 5
67 0 13 0
14 1
0 0 14 0
15 5
0 84 15 5
84 74 15 5
74 85 15 5
85 9 15 5
9 0 15 0
16 7
0 84 16 3
84 74 16 3
74 85 16 4
85 90 16 3
90 30 16 5
30 29 16 3
29 0 16 0
17 7
0 25 17 5
25 24 17 4
24 97 17 4
97 64 17 3
64 95 17 5
95 79 17 4
79 0 17 0
18 7
0 77 18 3
77 96 18 3
96 41 18 5
41 38 18 4
38 31 18 5
31 93 18 5
93 0 18 0
19 1
0 0 19 0
