# Solution for ../instances-HHCRSP/InstanzVNS_HCSRP_100_6.txt
# Cost = 815.164 Dist = 2417.09 Tard = 16.0625 TMax = 12.3444
# <vehicle> <route length>
# <origin node> <dest node> <vehicle> <service type>
0 7
0 86 0 0
86 16 0 0
16 44 0 0
44 31 0 2
31 41 0 0
41 96 0 0
96 0 0 0
1 6
0 22 1 2
22 90 1 2
90 100 1 2
100 92 1 2
92 64 1 2
64 0 1 0
2 8
0 43 2 1
43 97 2 1
97 18 2 0
18 66 2 0
66 91 2 1
91 99 2 0
99 98 2 1
98 0 2 0
3 10
0 51 3 2
51 20 3 2
20 93 3 2
93 95 3 2
95 19 3 1
19 53 3 1
53 24 3 1
24 12 3 2
12 58 3 1
58 0 3 0
4 10
0 88 4 2
88 4 4 0
4 60 4 2
60 13 4 0
13 89 4 0
89 47 4 2
47 3 4 2
3 40 4 2
40 26 4 0
26 0 4 0
5 12
0 36 5 1
36 25 5 2
25 67 5 2
67 2 5 0
2 33 5 0
33 61 5 1
61 94 5 2
94 87 5 1
87 15 5 1
15 23 5 1
23 1 5 1
1 0 5 0
6 4
0 5 6 1
5 30 6 2
30 59 6 1
59 0 6 0
7 11
0 82 7 3
82 97 7 4
97 8 7 4
8 62 7 4
62 77 7 4
77 21 7 3
21 9 7 4
9 71 7 3
71 72 7 4
72 14 7 3
14 0 7 0
8 11
0 82 8 5
82 88 8 3
88 65 8 3
65 74 8 5
74 89 8 3
89 84 8 5
84 87 8 5
87 80 8 3
80 38 8 5
38 73 8 5
73 0 8 0
9 6
0 86 9 4
86 90 9 3
90 100 9 3
100 85 9 3
85 75 9 4
75 0 9 0
10 10
0 7 10 5
7 35 10 5
35 77 10 3
77 91 10 3
91 78 10 5
78 71 10 5
71 72 10 5
72 28 10 5
28 29 10 3
29 0 10 0
11 10
0 27 11 4
27 48 11 4
48 11 11 4
11 74 11 4
74 84 11 4
84 46 11 4
46 94 11 3
94 80 11 4
80 73 11 4
73 0 11 0
12 14
0 54 12 3
54 55 12 4
55 93 12 5
93 95 12 5
95 52 12 3
52 17 12 5
17 78 12 4
78 32 12 4
32 99 12 5
99 98 12 5
98 69 12 3
69 76 12 4
76 79 12 3
79 0 12 0
13 10
0 49 13 4
49 6 13 5
6 45 13 5
45 39 13 5
39 92 13 3
92 63 13 3
63 70 13 3
70 85 13 5
85 75 13 5
75 0 13 0
14 7
0 50 14 3
50 56 14 5
56 83 14 3
83 68 14 5
68 10 14 5
10 96 14 3
96 0 14 0
15 4
0 34 15 5
34 76 15 5
76 79 15 5
79 0 15 0
16 4
0 37 16 4
37 57 16 3
57 42 16 4
42 0 16 0
17 2
0 81 17 5
81 0 17 0
18 3
0 83 18 4
83 81 18 4
81 0 18 0
19 1
0 0 19 0
