# Solution for ../instances-HHCRSP/InstanzCPLEX_HCSRP_75_9.txt
# Cost = 736.418 Dist = 2193.7 Tard = 7.77761 TMax = 7.77761
# <vehicle> <route length>
# <origin node> <dest node> <vehicle> <service type>
0 8
0 4 0 1
4 67 0 0
67 50 0 1
50 33 0 0
33 26 0 0
26 30 0 1
30 20 0 0
20 0 0 0
1 6
0 64 1 1
64 66 1 1
66 9 1 1
9 1 1 1
1 74 1 1
74 0 1 0
2 10
0 73 2 2
73 43 2 0
43 71 2 1
71 23 2 2
23 32 2 0
32 10 2 1
10 31 2 0
31 65 2 2
65 44 2 2
44 0 2 0
3 12
0 36 3 2
36 11 3 2
11 27 3 0
27 68 3 2
68 8 3 0
8 75 3 2
75 72 3 1
72 70 3 1
70 45 3 2
45 18 3 2
18 21 3 1
21 0 3 0
4 7
0 42 4 2
42 16 4 2
16 47 4 2
47 35 4 2
35 69 4 2
69 28 4 2
28 0 4 0
5 4
0 73 5 4
73 71 5 5
71 14 5 4
14 0 5 0
6 7
0 63 6 3
63 58 6 3
58 38 6 3
38 29 6 3
29 40 6 5
40 57 6 3
57 0 6 0
7 9
0 64 7 4
64 54 7 4
54 34 7 4
34 13 7 4
13 3 7 4
3 41 7 4
41 65 7 4
65 53 7 4
53 0 7 0
8 11
0 63 8 5
63 67 8 4
67 56 8 4
56 19 8 5
19 12 8 4
12 75 8 5
75 72 8 3
72 62 8 3
62 70 8 4
70 24 8 4
24 0 8 0
9 14
0 49 9 5
49 2 9 4
2 22 9 4
22 56 9 5
56 68 9 4
68 6 9 3
6 62 9 4
62 15 9 5
15 37 9 5
37 69 9 4
69 57 9 5
57 51 9 4
51 74 9 3
74 0 9 0
10 4
0 39 10 3
39 46 10 5
46 53 10 3
53 0 10 0
11 8
0 54 11 5
54 66 11 3
66 5 11 5
5 17 11 5
17 48 11 5
48 61 11 4
61 55 11 3
55 0 11 0
12 4
0 59 12 3
59 25 12 5
25 60 12 3
60 0 12 0
13 6
0 59 13 4
59 52 13 4
52 58 13 5
58 61 13 5
61 55 13 5
55 0 13 0
14 3
0 7 14 5
7 60 14 5
60 0 14 0
