# Solution for ../instances-HHCRSP/InstanzCPLEX_HCSRP_75_2.txt
# Cost = 698.558 Dist = 2088.56 Tard = 3.92986 TMax = 3.18268
# <vehicle> <route length>
# <origin node> <dest node> <vehicle> <service type>
0 19
0 71 0 0
71 14 0 0
14 11 0 2
11 26 0 0
26 72 0 2
72 41 0 2
41 19 0 2
19 2 0 0
2 45 0 0
45 68 0 2
68 34 0 2
34 15 0 2
15 10 0 0
10 65 0 0
65 74 0 0
74 12 0 2
12 4 0 1
4 42 0 1
42 0 0 0
1 5
0 9 1 1
9 73 1 1
73 66 1 1
66 31 1 1
31 0 1 0
2 9
0 46 2 0
46 69 2 0
69 70 2 0
70 64 2 0
64 7 2 0
7 6 2 0
6 21 2 0
21 32 2 0
32 0 2 0
3 9
0 39 3 1
39 3 3 2
3 75 3 2
75 40 3 2
40 17 3 1
17 36 3 2
36 43 3 2
43 16 3 2
16 0 3 0
4 5
0 67 4 1
67 44 4 1
44 33 4 1
33 38 4 1
38 0 4 0
5 10
0 1 5 4
1 48 5 3
48 13 5 4
13 67 5 3
67 59 5 4
59 52 5 4
52 63 5 4
63 64 5 4
64 20 5 5
20 0 5 0
6 3
0 60 6 3
60 63 6 3
63 0 6 0
7 9
0 71 7 4
71 54 7 4
54 61 7 5
61 25 7 4
25 72 7 4
72 56 7 4
56 24 7 4
24 23 7 5
23 0 7 0
8 2
0 75 8 3
75 0 8 0
9 3
0 60 9 4
60 69 9 4
69 0 9 0
10 3
0 51 10 5
51 59 10 5
59 0 10 0
11 5
0 50 11 5
50 30 11 4
30 57 11 4
57 70 11 5
70 0 11 0
12 14
0 54 12 3
54 61 12 3
61 8 12 3
8 49 12 4
49 73 12 5
73 27 12 4
27 66 12 3
66 68 12 5
68 18 12 3
18 5 12 3
5 35 12 4
35 65 12 4
65 74 12 3
74 0 12 0
13 10
0 62 13 3
62 53 13 4
53 22 13 3
22 28 13 5
28 29 13 3
29 58 13 4
58 55 13 4
55 47 13 4
47 37 13 3
37 0 13 0
14 7
0 62 14 4
62 53 14 5
53 57 14 3
57 56 14 3
56 58 14 5
58 55 14 5
55 0 14 0
