# Solution for ../instances-HHCRSP/InstanzVNS_HCSRP_200_9.txt
# Cost = 1351.48 Dist = 4043.78 Tard = 7.22987 TMax = 3.42929
# <vehicle> <route length>
# <origin node> <dest node> <vehicle> <service type>
0 9
0 192 0 0
192 177 0 0
177 123 0 0
123 182 0 0
182 26 0 0
26 20 0 0
20 190 0 0
190 188 0 0
188 0 0 0
1 11
0 11 1 2
11 36 1 2
36 95 1 2
95 196 1 2
196 139 1 2
139 77 1 2
77 72 1 2
72 45 1 2
45 176 1 2
176 112 1 2
112 0 1 0
2 14
0 54 2 1
54 50 2 1
50 27 2 0
27 4 2 1
4 79 2 0
79 178 2 0
178 134 2 1
134 8 2 0
8 193 2 1
193 200 2 0
200 137 2 1
137 191 2 1
191 21 2 1
21 0 2 0
3 9
0 82 3 1
82 97 3 1
97 180 3 0
180 10 3 1
10 197 3 0
197 96 3 1
96 85 3 1
85 55 3 0
55 0 3 0
4 11
0 101 4 1
101 189 4 0
189 98 4 1
98 194 4 0
194 198 4 1
198 181 4 1
181 140 4 0
140 31 4 0
31 135 4 1
135 53 4 0
53 0 4 0
5 14
0 185 5 2
185 59 5 2
59 73 5 0
73 43 5 0
43 71 5 0
71 23 5 2
23 199 5 2
199 61 5 0
61 28 5 2
28 127 5 2
127 174 5 2
174 126 5 2
126 93 5 2
93 0 5 0
6 2
0 32 6 0
32 0 6 0
7 17
0 64 7 2
64 116 7 2
116 81 7 0
81 35 7 2
35 195 7 2
195 87 7 2
87 33 7 0
33 90 7 0
90 187 7 2
187 80 7 0
80 69 7 0
69 44 7 2
44 183 7 2
183 171 7 0
171 172 7 0
172 60 7 2
60 0 7 0
8 18
0 42 8 2
42 117 8 1
117 89 8 1
89 47 8 2
47 9 8 1
9 124 8 2
124 84 8 2
84 56 8 0
56 175 8 2
175 83 8 0
83 86 8 1
86 18 8 2
18 78 8 1
78 138 8 1
138 74 8 1
74 57 8 2
57 111 8 2
111 0 8 0
9 12
0 16 9 2
16 179 9 1
179 173 9 2
173 30 9 1
30 1 9 1
1 58 9 2
58 125 9 1
125 105 9 1
105 186 9 1
186 122 9 1
122 184 9 2
184 0 9 0
10 13
0 151 10 4
151 185 10 5
185 142 10 4
142 46 10 5
46 194 10 5
194 3 10 4
3 198 10 4
198 181 10 5
181 141 10 4
141 94 10 4
94 149 10 4
149 14 10 4
14 0 10 0
11 7
0 151 11 3
151 142 11 3
142 39 11 3
39 189 11 5
189 121 11 4
121 157 11 3
157 0 11 0
12 14
0 150 12 3
150 147 12 3
147 166 12 3
166 162 12 3
162 6 12 3
6 63 12 4
63 195 12 3
195 115 12 3
115 187 12 3
187 13 12 4
13 141 12 3
141 183 12 3
183 65 12 5
65 0 12 0
13 16
0 150 13 5
150 147 13 4
147 166 13 5
166 162 13 5
162 67 13 5
67 175 13 4
175 144 13 3
144 37 13 5
37 129 13 5
129 29 13 3
29 152 13 3
152 190 13 3
190 148 13 4
148 40 13 5
40 188 13 5
188 0 13 0
14 14
0 145 14 4
145 192 14 5
192 146 14 4
146 161 14 5
161 22 14 4
22 155 14 5
155 196 14 5
196 168 14 4
168 178 14 5
178 12 14 4
12 131 14 5
131 193 14 5
193 200 14 5
200 0 14 0
15 11
0 156 15 4
156 34 15 4
34 66 15 3
66 2 15 4
2 163 15 3
163 184 15 4
184 169 15 3
169 102 15 3
102 171 15 4
171 172 15 4
172 0 15 0
16 13
0 145 16 5
145 146 16 3
146 161 16 3
161 68 16 4
68 155 16 3
155 168 16 5
168 119 16 3
119 75 16 5
75 70 16 5
70 92 16 4
92 176 16 3
176 51 16 4
51 0 16 0
17 8
0 156 17 5
156 107 17 5
107 76 17 3
76 5 17 5
5 182 17 5
182 152 17 5
152 148 17 5
148 0 17 0
18 7
0 165 18 3
165 100 18 5
100 25 18 5
25 99 18 4
99 7 18 5
7 149 18 3
149 0 18 0
19 4
0 165 19 4
165 133 19 3
133 153 19 4
153 0 19 0
20 8
0 91 20 3
91 154 20 3
154 128 20 5
128 199 20 5
199 41 20 4
41 174 20 3
174 159 20 3
159 0 20 0
21 12
0 164 21 4
164 113 21 3
113 52 21 4
52 177 21 5
177 106 21 3
106 158 21 3
158 132 21 3
132 160 21 3
160 191 21 3
191 136 21 3
136 167 21 3
167 0 21 0
22 13
0 164 22 5
164 179 22 4
179 110 22 3
110 173 22 5
173 158 22 5
158 88 22 4
88 19 22 5
19 160 22 5
160 62 22 3
62 24 22 4
24 15 22 5
15 167 22 4
167 0 22 0
23 5
0 143 23 4
143 180 23 5
180 120 23 4
120 114 23 4
114 0 23 0
24 4
0 143 24 5
143 108 24 5
108 157 24 5
157 0 24 0
25 9
0 154 25 4
154 109 25 3
109 103 25 5
103 163 25 4
163 48 25 5
48 186 25 3
186 169 25 4
169 159 25 4
159 0 25 0
26 9
0 170 26 4
170 49 26 5
49 130 26 4
130 104 26 4
104 144 26 4
144 38 26 3
38 17 26 5
17 118 26 3
118 0 26 0
27 3
0 170 27 5
170 197 27 5
197 0 27 0
28 2
0 153 28 5
153 0 28 0
29 1
0 0 29 0
