# Solution for ../instances-HHCRSP/InstanzCPLEX_HCSRP_75_3.txt
# Cost = 650.189 Dist = 1903.49 Tard = 23.5393 TMax = 23.5393
# <vehicle> <route length>
# <origin node> <dest node> <vehicle> <service type>
0 14
0 35 0 2
35 9 0 1
9 50 0 2
50 74 0 2
74 40 0 1
40 47 0 2
47 45 0 2
45 17 0 0
17 67 0 0
67 43 0 2
43 66 0 2
66 5 0 0
5 31 0 2
31 0 0 0
1 4
0 10 1 1
10 75 1 1
75 38 1 0
38 0 1 0
2 10
0 23 2 1
23 1 2 2
1 2 2 2
2 29 2 2
29 69 2 2
69 68 2 2
68 65 2 2
65 73 2 2
73 72 2 2
72 0 2 0
3 8
0 70 3 0
70 33 3 0
33 71 3 0
71 6 3 0
6 22 3 0
22 34 3 0
34 3 3 0
3 0 3 0
4 7
0 20 4 1
20 26 4 1
26 4 4 1
4 41 4 1
41 64 4 1
64 21 4 1
21 0 4 0
5 8
0 16 5 4
16 69 5 5
69 46 5 4
46 53 5 3
53 48 5 5
48 30 5 5
30 37 5 3
37 0 5 0
6 12
0 55 6 3
55 44 6 4
44 7 6 3
7 12 6 4
12 52 6 3
52 51 6 3
51 57 6 5
57 60 6 3
60 66 6 4
66 11 6 3
11 54 6 3
54 0 6 0
7 9
0 55 7 4
55 59 7 3
59 74 7 5
74 8 7 4
8 32 7 5
32 13 7 5
13 64 7 5
64 72 7 4
72 0 7 0
8 8
0 63 8 3
63 59 8 4
59 71 8 4
71 67 8 4
67 57 8 4
57 60 8 4
60 54 8 4
54 0 8 0
9 8
0 63 9 4
63 56 9 4
56 62 9 4
62 18 9 3
18 19 9 4
19 58 9 3
58 68 9 4
68 0 9 0
10 5
0 49 10 4
49 42 10 5
42 61 10 4
61 24 10 5
24 0 10 0
11 7
0 70 11 5
70 36 11 3
36 56 11 5
56 62 11 5
62 14 11 4
14 25 11 4
25 0 11 0
12 7
0 15 12 3
15 27 12 5
27 28 12 5
28 75 12 4
75 53 12 4
53 73 12 5
73 0 12 0
13 4
0 61 13 5
61 39 13 3
39 65 13 5
65 0 13 0
14 2
0 58 14 4
58 0 14 0
