# Solution for ../instances-HHCRSP/InstanzVNS_HCSRP_100_7.txt
# Cost = 737.057 Dist = 2210.47 Tard = 0.37345 TMax = 0.32456
# <vehicle> <route length>
# <origin node> <dest node> <vehicle> <service type>
0 16
0 38 0 0
38 11 0 0
11 95 0 2
95 65 0 2
65 64 0 1
64 90 0 0
90 24 0 1
24 51 0 0
51 91 0 0
91 68 0 1
68 26 0 2
26 96 0 0
96 94 0 1
94 46 0 1
46 57 0 0
57 0 0 0
1 13
0 99 1 2
99 100 1 1
100 45 1 1
45 93 1 0
93 67 1 2
67 59 1 0
59 29 1 0
29 15 1 1
15 33 1 1
33 12 1 0
12 9 1 0
9 86 1 1
86 0 1 0
2 7
0 50 2 0
50 10 2 0
10 98 2 1
98 39 2 0
39 13 2 0
13 63 2 0
63 0 2 0
3 5
0 97 3 2
97 89 3 2
89 54 3 2
54 36 3 2
36 0 3 0
4 7
0 2 4 2
2 42 4 2
42 40 4 2
40 88 4 2
88 14 4 1
14 87 4 2
87 0 4 0
5 2
0 22 5 2
22 0 5 0
6 5
0 18 6 0
18 25 6 2
25 53 6 0
53 92 6 2
92 0 6 0
7 18
0 3 7 3
3 21 7 4
21 31 7 3
31 95 7 3
95 70 7 5
70 77 7 3
77 41 7 5
41 78 7 5
78 79 7 3
79 91 7 4
91 80 7 3
80 16 7 4
16 85 7 5
85 96 7 5
96 94 7 5
94 30 7 5
30 71 7 3
71 0 7 0
8 8
0 99 8 3
99 100 8 4
100 43 8 3
43 73 8 3
73 5 8 4
5 66 8 3
66 83 8 3
83 0 8 0
9 5
0 82 9 3
82 20 9 3
20 89 9 3
89 76 9 3
76 0 9 0
10 9
0 82 10 4
82 97 10 5
97 28 10 4
28 93 10 3
93 6 10 4
6 37 10 4
37 47 10 4
47 86 10 3
86 0 10 0
11 13
0 49 11 4
49 4 11 4
4 35 11 3
35 56 11 4
56 90 11 3
90 32 11 3
32 62 11 3
62 80 11 4
80 85 11 4
85 55 11 4
55 7 11 4
7 71 11 4
71 0 11 0
12 9
0 81 12 4
81 75 12 4
75 1 12 4
1 77 12 4
77 78 12 4
78 79 12 4
79 52 12 3
52 88 12 4
88 0 12 0
13 6
0 81 13 5
81 75 13 5
75 69 13 5
69 8 13 5
8 74 13 3
74 0 13 0
14 9
0 34 14 3
34 98 14 4
98 17 14 3
17 48 14 3
48 19 14 3
19 87 14 5
87 61 14 4
61 76 14 4
76 0 14 0
15 6
0 72 15 3
72 23 15 3
23 58 15 3
58 73 15 5
73 83 15 5
83 0 15 0
16 5
0 84 16 3
84 92 16 3
92 60 16 3
60 44 16 3
44 0 16 0
17 2
0 72 17 4
72 0 17 0
18 2
0 84 18 4
84 0 18 0
19 3
0 27 19 3
27 74 19 4
74 0 19 0
