# Solution for ../instances-HHCRSP/InstanzVNS_HCSRP_100_7.txt
# Cost = 742.564 Dist = 2218.61 Tard = 4.54066 TMax = 4.54066
# <vehicle> <route length>
# <origin node> <dest node> <vehicle> <service type>
0 16
0 38 0 0
38 11 0 0
11 95 0 2
95 65 0 2
65 64 0 1
64 90 0 0
90 24 0 1
24 51 0 0
51 91 0 0
91 68 0 1
68 26 0 2
26 96 0 0
96 94 0 1
94 46 0 1
46 57 0 0
57 0 0 0
1 12
0 18 1 0
18 99 1 2
99 100 1 1
100 53 1 0
53 25 1 2
25 45 1 1
45 93 1 0
93 67 1 2
67 9 1 0
9 12 1 0
12 86 1 1
86 0 1 0
2 7
0 98 2 1
98 59 2 0
59 29 2 0
29 15 2 1
15 33 2 1
33 39 2 0
39 0 2 0
3 5
0 97 3 2
97 89 3 2
89 54 3 2
54 22 3 2
22 0 3 0
4 7
0 2 4 2
2 42 4 2
42 40 4 2
40 88 4 2
88 14 4 1
14 87 4 2
87 0 4 0
5 2
0 92 5 2
92 0 5 0
6 6
0 50 6 0
50 10 6 0
10 36 6 2
36 13 6 0
13 63 6 0
63 0 6 0
7 11
0 3 7 3
3 32 7 3
32 21 7 4
21 90 7 3
90 77 7 3
77 78 7 4
78 79 7 3
79 7 7 4
7 71 7 3
71 55 7 4
55 0 7 0
8 8
0 99 8 3
99 100 8 4
100 43 8 3
43 73 8 5
73 5 8 4
5 66 8 3
66 83 8 5
83 0 8 0
9 9
0 34 9 3
34 82 9 3
82 20 9 3
20 89 9 3
89 47 9 4
47 17 9 3
17 48 9 3
48 76 9 3
76 0 9 0
10 8
0 82 10 4
82 97 10 5
97 28 10 4
28 93 10 3
93 6 10 4
6 37 10 4
37 86 10 3
86 0 10 0
11 6
0 72 11 3
72 23 11 3
23 58 11 3
58 73 11 3
73 83 11 3
83 0 11 0
12 7
0 72 12 4
72 98 12 4
98 4 12 4
4 35 12 3
35 19 12 3
19 74 12 4
74 0 12 0
13 10
0 95 13 3
95 31 13 3
31 80 13 3
80 70 13 5
70 62 13 3
62 85 13 5
85 96 13 5
96 94 13 5
94 30 13 5
30 0 13 0
14 11
0 81 14 4
81 75 14 4
75 1 14 4
1 41 14 5
41 77 14 4
77 78 14 5
78 79 14 4
79 52 14 3
52 88 14 4
88 71 14 4
71 0 14 0
15 6
0 81 15 5
81 75 15 5
75 69 15 5
69 8 15 5
8 74 15 3
74 0 15 0
16 5
0 84 16 3
84 92 16 3
92 60 16 3
60 44 16 3
44 0 16 0
17 10
0 49 17 4
49 56 17 4
56 80 17 4
80 91 17 4
91 85 17 4
85 16 17 4
16 87 17 5
87 61 17 4
61 76 17 4
76 0 17 0
18 2
0 84 18 4
84 0 18 0
19 2
0 27 19 3
27 0 19 0
