# Solution for ../instances-HHCRSP/InstanzVNS_HCSRP_300_6.txt
# Cost = 1784.08 Dist = 5322.95 Tard = 19.8063 TMax = 9.468
# <vehicle> <route length>
# <origin node> <dest node> <vehicle> <service type>
0 9
0 290 0 0
290 5 0 1
5 90 0 0
90 260 0 0
260 259 0 0
259 199 0 0
199 286 0 0
286 272 0 0
272 0 0 0
1 4
0 159 1 1
159 281 1 1
281 298 1 1
298 0 1 0
2 14
0 143 2 2
143 299 2 2
299 284 2 0
284 36 2 1
36 255 2 2
255 285 2 1
285 265 2 2
265 72 2 0
72 129 2 2
129 177 2 1
177 270 2 1
270 142 2 0
142 181 2 2
181 0 2 0
3 14
0 282 3 2
282 67 3 2
67 264 3 1
264 97 3 2
97 184 3 2
184 40 3 2
40 23 3 1
23 267 3 2
267 15 3 1
15 126 3 1
126 168 3 2
168 266 3 2
266 150 3 2
150 0 3 0
4 14
0 16 4 0
16 283 4 0
283 66 4 0
66 183 4 1
183 33 4 0
33 103 4 0
103 18 4 0
18 2 4 0
2 273 4 1
273 136 4 0
136 261 4 1
261 257 4 1
257 76 4 1
76 0 4 0
5 13
0 13 5 0
13 258 5 0
258 4 5 0
4 158 5 1
158 252 5 1
252 188 5 1
188 271 5 0
271 174 5 1
174 262 5 0
262 268 5 1
268 191 5 1
191 289 5 1
289 0 5 0
6 5
0 30 6 2
30 92 6 2
92 300 6 2
300 116 6 2
116 0 6 0
7 10
0 31 7 2
31 25 7 2
25 82 7 2
82 128 7 2
128 296 7 2
296 98 7 2
98 99 7 2
99 180 7 2
180 79 7 2
79 0 7 0
8 9
0 43 8 1
43 279 8 1
279 95 8 1
95 19 8 1
19 104 8 1
104 278 8 1
278 58 8 1
58 1 8 1
1 0 8 0
9 16
0 51 9 2
51 20 9 2
20 165 9 0
165 198 9 0
198 134 9 0
134 173 9 0
173 256 9 1
256 292 9 1
292 61 9 1
61 288 9 1
288 172 9 1
172 114 9 0
114 12 9 2
12 73 9 2
73 113 9 0
113 0 9 0
10 14
0 151 10 0
151 157 10 0
157 275 10 1
275 182 10 1
182 269 10 1
269 295 10 0
295 277 10 1
277 189 10 0
189 127 10 1
127 190 10 0
190 109 10 0
109 106 10 1
106 254 10 0
254 0 10 0
11 11
0 139 11 2
139 22 11 2
22 124 11 2
124 133 11 2
133 119 11 2
119 64 11 2
64 197 11 2
197 187 11 2
187 156 11 2
156 294 11 2
294 0 11 0
12 14
0 144 12 2
144 60 12 2
60 276 12 2
276 47 12 2
47 3 12 2
3 287 12 2
287 53 12 1
53 94 12 0
94 24 12 1
24 251 12 2
251 80 12 1
80 297 12 1
297 253 12 1
253 0 12 0
13 10
0 131 13 0
131 122 13 1
122 291 13 0
291 280 13 0
280 193 13 1
193 78 13 0
78 77 13 0
77 26 13 0
26 147 13 1
147 0 13 0
14 3
0 41 14 0
41 44 14 0
44 0 14 0
15 5
0 121 15 1
121 111 15 1
111 293 15 1
293 274 15 1
274 0 15 0
16 5
0 59 16 1
59 112 16 1
112 263 16 1
263 85 16 1
85 0 16 0
17 3
0 161 17 0
161 132 17 0
132 0 17 0
18 15
0 171 18 5
171 207 18 3
207 195 18 4
195 138 18 3
138 216 18 4
216 242 18 3
242 287 18 5
287 248 18 4
248 102 18 5
102 28 18 5
28 206 18 4
206 230 18 3
230 135 18 4
135 254 18 3
254 0 18 0
19 16
0 238 19 3
238 215 19 4
215 207 19 5
207 204 19 4
204 214 19 3
214 228 19 3
228 108 19 4
108 295 19 4
295 277 19 5
277 9 19 4
9 166 19 5
166 206 19 5
206 230 19 4
230 110 19 3
110 229 19 3
229 0 19 0
20 16
0 238 20 4
238 215 20 5
215 282 20 5
282 264 20 3
264 62 20 4
62 162 20 5
162 91 20 4
91 185 20 5
185 235 20 3
235 296 20 5
296 170 20 5
170 175 20 3
175 69 20 3
69 125 20 3
125 226 20 3
226 0 20 0
21 12
0 299 21 3
299 233 21 4
233 284 21 5
284 255 21 3
255 285 21 4
285 265 21 3
265 273 21 3
273 32 21 4
32 227 21 4
227 225 21 3
225 224 21 3
224 0 21 0
22 13
0 178 22 4
178 233 22 5
233 34 22 5
34 209 22 3
209 223 22 4
223 105 22 5
105 232 22 3
232 221 22 3
221 118 22 4
118 213 22 5
213 270 22 5
270 42 22 4
42 0 22 0
23 14
0 49 23 4
49 7 23 5
7 148 23 4
148 137 23 5
137 243 23 3
243 291 23 3
291 280 23 4
280 194 23 5
194 235 23 4
235 130 23 3
130 227 23 5
227 225 23 4
225 224 23 5
224 0 23 0
24 11
0 290 24 5
290 210 24 3
210 6 24 5
6 86 24 5
86 146 24 3
146 81 24 4
81 179 24 5
179 272 24 4
272 201 24 3
201 96 24 3
96 0 24 0
25 14
0 167 25 4
167 210 25 4
210 83 25 4
83 68 25 5
68 260 25 3
260 203 25 4
203 220 25 4
220 222 25 3
222 259 25 5
259 293 25 4
293 274 25 5
274 286 25 5
286 201 25 4
201 0 25 0
26 18
0 27 26 4
27 249 26 3
249 11 26 4
11 74 26 5
74 141 26 5
141 192 26 3
192 89 26 4
89 84 26 5
84 256 26 5
256 219 26 3
219 211 26 3
211 288 26 4
288 218 26 3
218 236 26 3
236 297 26 3
297 247 26 3
247 253 26 4
253 0 26 0
27 10
0 56 27 5
56 283 27 5
283 54 27 3
54 50 27 3
50 240 27 3
240 217 27 5
217 300 27 4
300 263 27 4
263 245 27 3
245 0 27 0
28 15
0 249 28 5
249 258 28 3
258 48 28 4
48 276 28 3
276 216 28 5
216 242 28 5
242 46 28 4
46 244 28 3
244 239 28 4
239 155 28 5
155 267 28 4
267 163 28 5
163 278 28 4
278 29 28 3
29 0 28 0
29 4
0 246 29 3
246 160 29 5
160 57 29 3
57 0 29 0
30 9
0 246 30 5
246 281 30 5
281 298 30 3
298 203 30 5
203 220 30 5
220 222 30 5
222 75 30 4
75 294 30 3
294 0 30 0
31 15
0 35 31 5
35 88 31 4
88 231 31 3
231 204 31 5
204 214 31 5
214 228 31 5
228 145 31 3
145 271 31 5
271 244 31 4
244 239 31 5
239 241 31 3
241 87 31 5
87 262 31 3
262 266 31 5
266 0 31 0
32 15
0 231 32 5
231 93 32 5
93 65 32 3
65 52 32 3
52 153 32 5
153 17 32 5
17 275 32 5
275 248 32 5
248 100 32 4
100 251 32 3
251 38 32 5
38 196 32 4
196 176 32 5
176 229 32 4
229 0 32 0
33 15
0 202 33 3
202 250 33 3
250 154 33 3
154 140 33 5
140 55 33 4
55 8 33 4
8 71 33 5
71 21 33 3
21 149 33 4
149 200 33 4
200 241 33 4
241 268 33 3
268 289 33 4
289 169 33 4
169 0 33 0
34 15
0 202 34 4
202 250 34 4
250 279 34 3
279 152 34 5
152 186 34 5
186 252 34 5
252 292 34 3
292 219 34 4
219 211 34 5
211 107 34 4
107 101 34 3
101 218 34 4
218 236 34 5
236 247 34 4
247 0 34 0
35 9
0 39 35 5
39 45 35 5
45 37 35 4
37 243 35 4
243 269 35 4
269 123 35 3
123 120 35 5
120 226 35 4
226 0 35 0
36 7
0 208 36 3
208 63 36 3
63 240 36 4
240 217 36 4
217 70 36 3
70 213 36 4
213 0 36 0
37 6
0 234 37 4
234 205 37 4
205 237 37 4
237 164 37 3
164 212 37 4
212 0 37 0
38 11
0 208 38 5
208 209 38 5
209 223 38 5
223 232 38 4
232 221 38 5
221 261 38 4
261 117 38 4
117 257 38 4
257 115 38 5
115 14 38 3
14 0 38 0
39 7
0 234 39 5
234 205 39 5
205 237 39 5
237 212 39 5
212 10 39 5
10 245 39 4
245 0 39 0
