# Solution for ../instances-HHCRSP/InstanzVNS_HCSRP_200_8.txt
# Cost = 1150.66 Dist = 3442 Tard = 5.86414 TMax = 4.10962
# <vehicle> <route length>
# <origin node> <dest node> <vehicle> <service type>
0 14
0 195 0 0
195 200 0 1
200 125 0 0
125 184 0 1
184 185 0 0
185 53 0 1
53 75 0 1
75 132 0 0
132 120 0 0
120 187 0 0
187 180 0 1
180 44 0 1
44 72 0 0
72 0 0 0
1 13
0 42 1 0
42 188 1 0
188 134 1 0
134 186 1 0
186 95 1 0
95 55 1 0
55 171 1 0
171 119 1 0
119 51 1 0
51 62 1 0
62 81 1 0
81 191 1 0
191 0 1 0
2 11
0 91 2 2
91 179 2 0
179 197 2 0
197 102 2 2
102 139 2 0
139 94 2 0
94 192 2 0
192 74 2 0
74 56 2 2
56 109 2 0
109 0 2 0
3 15
0 87 3 1
87 126 3 1
126 110 3 1
110 92 3 1
92 23 3 2
23 68 3 2
68 183 3 2
183 172 3 2
172 6 3 2
6 12 3 2
12 113 3 2
113 77 3 2
77 71 3 1
71 18 3 1
18 0 3 0
4 8
0 54 4 1
54 32 4 1
32 66 4 1
66 131 4 1
131 4 4 1
4 176 4 1
176 27 4 1
27 0 4 0
5 8
0 189 5 1
189 33 5 1
33 22 5 1
22 194 5 1
194 107 5 1
107 174 5 1
174 48 5 1
48 0 5 0
6 22
0 10 6 0
10 45 6 2
45 40 6 0
40 193 6 0
193 65 6 0
65 117 6 2
117 130 6 0
130 135 6 0
135 178 6 0
178 182 6 0
182 100 6 0
100 198 6 0
198 58 6 2
58 5 6 0
5 16 6 0
16 76 6 0
76 181 6 2
181 73 6 0
73 98 6 0
98 103 6 2
103 93 6 2
93 0 6 0
7 9
0 60 7 2
60 177 7 2
177 104 7 2
104 196 7 2
196 13 7 2
13 46 7 2
46 105 7 2
105 127 7 2
127 0 7 0
8 14
0 112 8 0
112 57 8 1
57 11 8 0
11 17 8 0
17 21 8 0
21 78 8 0
78 36 8 1
36 190 8 1
190 173 8 0
173 90 8 0
90 175 8 1
175 115 8 1
115 129 8 0
129 0 8 0
9 3
0 199 9 1
199 138 9 1
138 0 9 0
10 10
0 151 10 4
151 61 10 4
61 170 10 4
170 178 10 4
178 182 10 4
182 156 10 4
156 140 10 5
140 162 10 5
162 133 10 4
133 0 10 0
11 7
0 151 11 5
151 124 11 3
124 170 11 5
170 38 11 4
38 176 11 5
176 28 11 3
28 0 11 0
12 17
0 136 12 3
136 106 12 4
106 14 12 5
14 116 12 5
116 63 12 5
63 26 12 3
26 190 12 5
190 19 12 3
19 173 12 4
173 2 12 4
2 142 12 3
142 146 12 3
146 154 12 4
154 29 12 3
29 30 12 5
30 147 12 3
147 0 12 0
13 16
0 8 13 5
8 195 13 4
195 200 13 3
200 149 13 4
149 34 13 5
34 166 13 3
166 167 13 3
167 114 13 5
114 122 13 5
122 111 13 5
111 181 13 4
181 165 13 4
165 158 13 3
158 150 13 4
150 191 13 5
191 0 13 0
14 12
0 179 14 3
179 197 14 3
197 50 14 4
50 86 14 4
86 155 14 5
155 159 14 3
159 183 14 4
183 172 14 3
172 141 14 3
141 169 14 5
169 85 14 3
85 0 14 0
15 2
0 67 15 5
67 0 15 0
16 13
0 168 16 3
168 189 16 3
189 193 16 4
193 47 16 4
47 83 16 3
83 164 16 3
164 89 16 4
89 174 16 5
174 39 16 4
39 35 16 4
35 153 16 4
153 152 16 3
152 0 16 0
17 14
0 168 17 5
168 7 17 3
7 1 17 4
1 145 17 3
145 128 17 4
128 186 17 3
186 97 17 4
97 164 17 5
164 118 17 5
118 24 17 4
24 171 17 4
171 153 17 5
153 152 17 4
152 0 17 0
18 12
0 188 18 3
188 194 18 5
194 64 18 3
64 166 18 5
166 167 18 4
167 196 18 4
196 69 18 3
69 157 18 3
157 3 18 4
3 88 18 5
88 80 18 5
80 0 18 0
19 15
0 108 19 3
108 49 19 5
49 70 19 5
70 121 19 3
121 137 19 4
137 25 19 5
25 184 19 5
184 185 19 5
185 82 19 4
82 149 19 5
149 187 19 4
187 180 19 4
180 99 19 5
99 157 19 5
157 0 19 0
20 12
0 161 20 3
161 143 20 5
143 145 20 5
145 37 20 5
37 156 20 5
156 162 20 3
162 31 20 5
31 79 20 3
79 165 20 3
165 158 20 5
158 150 20 5
150 0 20 0
21 6
0 84 21 4
84 155 21 4
155 159 21 4
159 20 21 3
20 169 21 3
169 0 21 0
22 10
0 161 22 5
161 43 22 4
43 143 22 4
143 198 22 3
198 52 22 4
52 146 22 5
146 154 22 5
154 9 22 5
9 147 22 4
147 0 22 0
23 7
0 163 23 5
163 59 23 3
59 192 23 5
192 148 23 5
148 144 23 3
144 142 23 5
142 0 23 0
24 1
0 0 24 0
25 6
0 199 25 4
199 177 25 5
177 41 25 5
41 96 25 5
96 160 25 4
160 0 25 0
26 1
0 0 26 0
27 1
0 0 27 0
28 8
0 163 28 4
163 15 28 4
15 148 28 4
148 144 28 4
144 141 28 5
141 175 28 5
175 101 28 4
101 0 28 0
29 3
0 123 29 4
123 160 29 5
160 0 29 0
