# Solution for ../instances-HHCRSP/InstanzVNS_HCSRP_300_2.txt
# Cost = 1929.28 Dist = 5768.49 Tard = 13.6413 TMax = 5.7001
# <vehicle> <route length>
# <origin node> <dest node> <vehicle> <service type>
0 17
0 290 0 0
290 146 0 1
146 297 0 1
297 108 0 1
108 91 0 0
91 269 0 0
269 289 0 0
289 252 0 0
252 180 0 0
180 56 0 1
56 33 0 1
33 57 0 0
57 279 0 1
279 7 0 0
7 185 0 0
185 128 0 1
128 0 0 0
1 12
0 275 1 2
275 177 1 1
177 189 1 2
189 59 1 2
59 3 1 2
3 123 1 1
123 38 1 1
38 92 1 1
92 43 1 2
43 273 1 1
273 264 1 2
264 0 1 0
2 11
0 272 2 0
272 26 2 0
26 45 2 0
45 262 2 0
262 10 2 0
10 105 2 0
105 106 2 0
106 179 2 0
179 21 2 0
21 253 2 0
253 0 2 0
3 13
0 254 3 2
254 263 3 2
263 172 3 2
172 168 3 2
168 173 3 2
173 266 3 2
266 274 3 2
274 159 3 2
159 19 3 2
19 281 3 2
281 280 3 2
280 97 3 2
97 0 3 0
4 16
0 258 4 1
258 259 4 2
259 147 4 1
147 145 4 1
145 140 4 1
140 80 4 1
80 158 4 1
158 196 4 1
196 34 4 2
34 66 4 2
66 129 4 1
129 65 4 2
65 292 4 1
292 165 4 1
165 12 4 2
12 0 4 0
5 12
0 299 5 1
299 199 5 0
199 293 5 0
293 83 5 0
83 295 5 1
295 117 5 1
117 17 5 1
17 271 5 0
271 291 5 1
291 32 5 0
32 6 5 0
6 0 5 0
6 12
0 193 6 1
193 67 6 0
67 14 6 0
14 54 6 1
54 72 6 2
72 284 6 0
284 265 6 0
265 277 6 1
277 288 6 0
288 82 6 1
82 256 6 1
256 0 6 0
7 4
0 121 7 2
121 100 7 2
100 90 7 2
90 0 7 0
8 2
0 175 8 0
175 0 8 0
9 2
0 115 9 0
115 0 9 0
10 1
0 0 10 0
11 11
0 154 11 2
154 9 11 1
9 40 11 2
40 162 11 2
162 131 11 1
131 197 11 2
197 36 11 2
36 44 11 1
44 191 11 1
191 296 11 2
296 0 11 0
12 2
0 157 12 2
157 0 12 0
13 17
0 132 13 1
132 11 13 2
11 283 13 0
283 182 13 1
182 255 13 1
255 138 13 1
138 133 13 1
133 282 13 1
282 41 13 2
41 160 13 1
160 103 13 2
103 113 13 1
113 267 13 1
267 268 13 2
268 42 13 1
42 4 13 1
4 0 13 0
14 6
0 39 14 1
39 120 14 1
120 278 14 1
278 298 14 1
298 166 14 1
166 0 14 0
15 20
0 71 15 1
71 161 15 0
161 287 15 1
287 198 15 2
198 276 15 2
276 294 15 2
294 61 15 2
61 167 15 2
167 136 15 2
136 257 15 1
257 261 15 0
261 2 15 0
2 114 15 0
114 31 15 1
31 286 15 2
286 285 15 1
285 270 15 1
270 149 15 1
149 15 15 2
15 0 15 0
16 7
0 251 16 2
251 96 16 1
96 46 16 0
46 260 16 2
260 116 16 0
116 300 16 2
300 0 16 0
17 2
0 16 17 2
16 0 17 0
18 15
0 60 18 5
60 210 18 4
210 241 18 4
241 228 18 3
228 186 18 4
186 107 18 4
107 236 18 3
236 211 18 4
211 23 18 5
23 195 18 3
195 238 18 4
238 70 18 5
70 279 18 5
279 223 18 3
223 0 18 0
19 17
0 212 19 4
212 243 19 3
243 77 19 4
77 221 19 4
221 13 19 4
13 218 19 3
218 244 19 3
244 151 19 3
151 144 19 5
144 156 19 5
156 257 19 3
257 261 19 5
261 250 19 3
250 18 19 3
18 153 19 3
153 270 19 3
270 0 19 0
20 14
0 212 20 5
212 243 20 4
243 221 20 5
221 28 20 5
28 118 20 4
118 76 20 3
76 101 20 3
101 238 20 5
238 37 20 3
37 296 20 3
296 224 20 3
224 201 20 3
201 256 20 5
256 0 20 0
21 15
0 290 21 3
290 275 21 4
275 137 21 3
137 127 21 5
127 110 21 5
110 163 21 5
163 194 21 5
194 51 21 5
51 295 21 4
295 119 21 5
119 98 21 4
98 95 21 3
95 169 21 5
169 233 21 3
233 0 21 0
22 20
0 53 22 4
53 104 22 3
104 227 22 3
227 181 22 5
181 259 22 3
259 94 22 5
94 171 22 4
171 240 22 3
240 81 22 3
81 222 22 3
222 75 22 5
75 234 22 3
234 216 22 4
216 29 22 3
29 150 22 4
150 79 22 3
79 55 22 5
55 139 22 3
139 232 22 3
232 0 22 0
23 9
0 210 23 5
210 241 23 5
241 50 23 5
50 126 23 5
126 220 23 5
220 20 23 5
20 219 23 5
219 264 23 5
264 0 23 0
24 20
0 272 24 5
272 258 24 3
258 263 24 5
263 174 24 3
174 244 24 5
244 88 24 3
88 229 24 3
229 204 24 3
204 239 24 3
239 188 24 3
188 134 24 4
134 250 24 4
250 286 24 3
286 176 24 4
176 285 24 5
285 155 24 4
155 281 24 5
281 280 24 4
280 232 24 5
232 0 24 0
25 11
0 89 25 5
89 228 25 4
228 62 25 4
62 236 25 4
236 211 25 5
211 278 25 3
278 247 25 3
247 288 25 5
288 224 25 5
224 201 25 4
201 0 25 0
26 11
0 227 26 4
227 8 26 3
8 135 26 5
135 240 26 5
240 269 26 4
269 284 26 4
284 183 26 3
183 265 26 4
265 277 26 5
277 247 26 5
247 0 26 0
27 9
0 230 27 5
230 299 27 4
299 293 27 4
293 52 27 4
52 248 27 4
248 220 27 4
220 63 27 4
63 143 27 4
143 0 27 0
28 16
0 230 28 3
230 225 28 3
225 287 28 5
287 200 28 5
200 276 28 5
276 294 28 5
294 99 28 4
99 22 28 3
22 85 28 4
85 271 28 4
271 47 28 4
47 291 28 3
291 24 28 4
24 178 28 5
178 223 28 5
223 0 28 0
29 19
0 254 29 5
254 297 29 4
297 218 29 5
218 48 29 3
48 289 29 4
289 266 29 4
266 274 29 3
274 252 29 5
252 122 29 3
122 25 29 4
25 125 29 4
125 267 29 5
267 237 29 4
237 148 29 3
148 226 29 4
226 268 29 3
268 235 29 4
235 217 29 4
217 0 29 0
30 19
0 207 30 4
207 231 30 3
231 283 30 3
283 214 30 3
214 255 30 4
255 73 30 3
73 229 30 4
229 204 30 5
204 239 30 4
239 262 30 5
262 109 30 5
109 209 30 3
209 292 30 4
292 213 30 3
213 202 30 4
202 111 30 4
111 235 30 5
235 217 30 5
217 0 30 0
31 14
0 207 31 5
207 231 31 4
231 214 31 5
214 203 31 3
203 222 31 4
222 234 31 5
234 216 31 5
216 130 31 3
130 58 31 4
58 237 31 5
237 226 31 5
226 184 31 5
184 253 31 3
253 0 31 0
32 17
0 206 32 4
206 242 32 3
242 208 32 3
208 49 32 4
49 27 32 4
27 124 32 4
124 170 32 3
170 84 32 4
84 5 32 3
5 246 32 3
246 68 32 4
68 35 32 4
35 187 32 5
187 202 32 5
202 205 32 3
205 74 32 4
74 0 32 0
33 8
0 298 33 4
298 69 33 4
69 86 33 3
86 192 33 4
192 249 33 3
249 245 33 3
245 64 33 3
64 0 33 0
34 2
0 215 34 3
215 0 34 0
35 11
0 206 35 5
206 242 35 4
242 208 35 4
208 203 35 4
203 282 35 3
282 246 35 4
246 209 35 4
209 213 35 4
213 78 35 3
78 205 35 4
205 0 35 0
36 18
0 225 36 5
225 1 36 4
1 251 36 5
251 93 36 3
93 141 36 4
141 190 36 4
190 248 36 3
248 152 36 3
152 30 36 4
30 112 36 5
112 260 36 4
260 300 36 5
300 142 36 4
142 87 36 4
87 273 36 4
273 219 36 4
219 233 36 4
233 0 36 0
37 5
0 164 37 5
164 102 37 3
102 249 37 4
249 245 37 4
245 0 37 0
38 2
0 215 38 5
215 0 38 0
39 1
0 0 39 0
