# Solution for ../instances-HHCRSP/InstanzVNS_HCSRP_200_3.txt
# Cost = 1273.67 Dist = 3795.74 Tard = 19.3674 TMax = 5.909
# <vehicle> <route length>
# <origin node> <dest node> <vehicle> <service type>
0 13
0 23 0 1
23 179 0 1
179 63 0 1
63 188 0 1
188 68 0 0
68 21 0 1
21 65 0 1
65 186 0 0
186 135 0 0
135 133 0 1
133 97 0 0
97 200 0 1
200 0 0 0
1 10
0 35 1 2
35 33 1 0
33 122 1 0
122 174 1 2
174 191 1 2
191 45 1 2
45 31 1 2
31 139 1 0
139 76 1 2
76 0 1 0
2 13
0 20 2 1
20 176 2 1
176 182 2 2
182 108 2 1
108 4 2 1
4 62 2 1
62 192 2 2
192 112 2 2
112 64 2 2
64 118 2 2
118 72 2 2
72 103 2 2
103 0 2 0
3 10
0 2 3 2
2 172 3 0
172 91 3 0
91 184 3 2
184 89 3 2
89 140 3 2
140 38 3 0
38 138 3 2
138 187 3 2
187 0 3 0
4 6
0 61 4 2
61 88 4 2
88 1 4 2
1 79 4 2
79 136 4 2
136 0 4 0
5 8
0 114 5 0
114 117 5 0
117 22 5 0
22 171 5 0
171 6 5 0
6 34 5 0
34 189 5 0
189 0 5 0
6 17
0 195 6 1
195 9 6 1
9 50 6 2
50 40 6 1
40 175 6 2
175 59 6 0
59 47 6 2
47 125 6 1
125 43 6 2
43 183 6 2
183 137 6 0
137 123 6 1
123 87 6 2
87 130 6 2
130 86 6 2
86 54 6 1
54 0 6 0
7 2
0 3 7 0
3 0 7 0
8 13
0 181 8 1
181 107 8 1
107 10 8 1
10 124 8 2
124 196 8 1
196 41 8 1
41 180 8 1
180 69 8 2
69 29 8 2
29 193 8 2
193 185 8 1
185 199 8 2
199 0 8 0
9 19
0 111 9 1
111 26 9 1
26 198 9 1
198 80 9 1
80 90 9 1
90 197 9 1
197 190 9 1
190 177 9 0
177 194 9 1
194 173 9 1
173 178 9 1
178 121 9 0
121 128 9 0
128 17 9 0
17 67 9 1
67 60 9 0
60 5 9 0
5 126 9 0
126 0 9 0
10 7
0 127 10 4
127 196 10 4
196 100 10 4
100 169 10 4
169 193 10 4
193 150 10 4
150 0 10 0
11 13
0 158 11 4
158 176 11 5
176 55 11 3
55 197 11 5
197 149 11 3
149 173 11 5
173 32 11 5
32 131 11 4
131 155 11 3
155 82 11 5
82 170 11 3
170 167 11 3
167 0 11 0
12 14
0 158 12 5
158 195 12 5
195 71 12 5
71 98 12 5
98 182 12 4
182 102 12 4
102 171 12 5
171 160 12 3
160 192 12 4
192 85 12 4
85 157 12 3
157 101 12 5
101 166 12 5
166 0 12 0
13 7
0 27 13 5
27 165 13 5
165 163 13 5
163 187 13 5
187 81 13 5
81 77 13 5
77 0 13 0
14 8
0 147 14 4
147 156 14 5
156 181 14 4
181 162 14 4
162 142 14 5
142 46 14 4
46 48 14 5
48 0 14 0
15 10
0 147 15 3
147 156 15 3
156 16 15 4
16 92 15 4
92 162 15 3
162 142 15 4
142 184 15 3
184 154 15 3
154 148 15 3
148 0 15 0
16 12
0 36 16 3
36 143 16 3
143 110 16 5
110 174 16 3
174 191 16 4
191 51 16 3
51 52 16 3
52 178 16 5
178 155 16 4
155 134 16 4
134 170 16 5
170 0 16 0
17 7
0 179 17 3
179 28 17 5
28 116 17 3
116 95 17 5
95 53 17 3
53 200 17 4
200 0 17 0
18 10
0 165 18 4
165 172 18 3
172 83 18 4
83 180 18 3
180 154 18 5
154 105 18 5
105 148 18 5
148 186 18 5
186 73 18 4
73 0 18 0
19 15
0 113 19 4
113 143 19 4
143 7 19 3
7 74 19 3
74 168 19 3
168 151 19 4
151 8 19 4
8 109 19 3
109 149 19 5
149 75 19 4
75 119 19 3
119 78 19 5
78 94 19 4
94 167 19 5
167 0 19 0
20 10
0 70 20 5
70 129 20 5
129 115 20 3
115 42 20 5
42 169 20 3
169 185 20 3
185 30 20 5
30 199 20 5
199 150 20 3
150 0 20 0
21 14
0 152 21 3
152 161 21 3
161 198 21 5
198 168 21 4
168 151 21 5
151 190 21 4
190 177 21 5
177 194 21 3
194 18 21 3
18 19 21 4
19 120 21 5
120 14 21 4
14 159 21 4
159 0 21 0
22 12
0 152 22 4
152 161 22 5
161 93 22 5
93 153 22 4
153 164 22 4
164 160 22 4
160 13 22 5
13 58 22 4
58 189 22 4
189 25 22 4
25 144 22 4
144 0 22 0
23 5
0 49 23 4
49 24 23 5
24 163 23 3
163 39 23 3
39 0 23 0
24 7
0 96 24 5
96 153 24 3
153 164 24 3
164 157 24 5
157 99 24 3
99 159 24 5
159 0 24 0
25 12
0 146 25 3
146 145 25 3
145 132 25 4
132 44 25 4
44 84 25 3
84 175 25 5
175 183 25 3
183 57 25 3
57 12 25 4
12 141 25 4
141 104 25 5
104 0 25 0
26 3
0 15 26 3
15 166 26 3
166 0 26 0
27 6
0 146 27 5
146 145 27 5
145 66 27 3
66 11 27 3
11 141 27 5
141 0 27 0
28 5
0 56 28 4
56 188 28 3
188 106 28 5
106 144 28 5
144 0 28 0
29 2
0 37 29 3
37 0 29 0
