# Solution for ../instances-HHCRSP/InstanzVNS_HCSRP_200_6.txt
# Cost = 1379.85 Dist = 4138.48 Tard = 0.53357 TMax = 0.53357
# <vehicle> <route length>
# <origin node> <dest node> <vehicle> <service type>
0 12
0 16 0 0
16 82 0 2
82 66 0 0
66 182 0 0
182 136 0 0
136 177 0 1
177 185 0 1
185 72 0 0
72 128 0 2
128 180 0 1
180 98 0 2
98 0 0 0
1 11
0 198 1 2
198 60 1 2
60 173 1 2
173 20 1 2
20 3 1 2
3 186 1 2
186 188 1 2
188 40 1 2
40 129 1 2
129 191 1 2
191 0 1 0
2 17
0 131 2 0
131 139 2 2
139 36 2 1
36 25 2 2
25 18 2 0
18 184 2 1
184 33 2 0
33 19 2 1
19 104 2 1
104 190 2 2
190 127 2 1
127 126 2 1
126 174 2 1
174 113 2 0
113 114 2 0
114 172 2 0
172 0 2 0
3 14
0 43 3 1
43 5 3 1
5 122 3 1
122 31 3 2
31 22 3 2
22 30 3 2
30 111 3 1
111 59 3 1
59 112 3 1
112 92 3 2
92 119 3 2
119 121 3 1
121 79 3 2
79 0 3 0
4 15
0 171 4 0
171 195 4 1
195 4 4 0
4 13 4 0
13 134 4 0
134 61 4 1
61 24 4 1
24 94 4 0
94 80 4 1
80 196 4 1
196 109 4 0
109 58 4 1
58 1 4 1
1 106 4 1
106 0 4 0
5 8
0 193 5 0
193 2 5 0
2 103 5 0
103 77 5 0
77 78 5 0
78 26 5 0
26 41 5 0
41 0 5 0
6 8
0 124 6 2
124 178 6 2
178 64 6 2
64 133 6 2
133 197 6 2
197 116 6 2
116 187 6 2
187 0 6 0
7 13
0 183 7 1
183 95 7 1
95 51 7 2
51 192 7 2
192 47 7 2
47 53 7 1
53 23 7 1
23 189 7 2
189 15 7 1
15 176 7 2
176 12 7 2
12 73 7 2
73 0 7 0
8 7
0 67 8 2
67 97 8 2
97 194 8 2
194 76 8 1
76 99 8 2
99 175 8 2
175 0 8 0
9 9
0 44 9 0
44 199 9 0
199 90 9 0
90 200 9 1
200 181 9 0
181 132 9 0
132 85 9 1
85 179 9 0
179 0 9 0
10 8
0 160 10 3
160 154 10 3
154 148 10 3
148 193 10 3
193 170 10 3
170 147 10 3
147 123 10 3
123 0 10 0
11 12
0 159 11 4
159 167 11 4
167 146 11 4
146 86 11 5
86 83 11 4
83 68 11 5
68 63 11 3
63 96 11 3
96 42 11 4
42 75 11 4
75 70 11 3
70 0 11 0
12 7
0 159 12 5
159 167 12 5
167 146 12 5
146 164 12 5
164 142 12 5
142 156 12 5
156 0 12 0
13 11
0 160 13 5
160 154 13 5
154 137 13 5
137 162 13 3
162 177 13 5
177 21 13 3
21 71 13 5
71 149 13 3
149 189 13 3
189 166 13 5
166 0 13 0
14 14
0 165 14 5
165 65 14 3
65 198 14 3
198 195 14 3
195 152 14 5
152 17 14 5
17 138 14 3
138 158 14 3
158 153 14 3
153 52 14 3
52 102 14 5
102 196 14 3
196 101 14 3
101 0 14 0
15 14
0 50 15 3
50 143 15 3
143 39 15 5
39 140 15 5
140 148 15 5
148 7 15 5
7 130 15 3
130 105 15 5
105 170 15 5
170 147 15 5
147 169 15 3
169 180 15 5
180 14 15 3
14 0 15 0
16 11
0 165 16 4
165 171 16 4
171 152 16 4
152 173 16 4
173 74 16 5
74 89 16 4
89 186 16 5
186 163 16 4
163 28 16 5
28 191 16 5
191 0 16 0
17 4
0 45 17 5
45 6 17 5
6 187 17 5
187 0 17 0
18 10
0 11 18 4
11 144 18 3
144 141 18 3
141 48 18 4
48 107 18 4
107 84 18 5
84 174 18 5
174 38 18 5
38 172 18 5
172 0 18 0
19 16
0 151 19 4
151 88 19 4
88 93 19 5
93 27 19 4
27 55 19 4
55 8 19 4
8 184 19 5
184 9 19 4
9 149 19 5
149 108 19 4
108 155 19 4
155 150 19 4
150 168 19 3
168 110 19 3
110 166 19 4
166 0 19 0
20 15
0 151 20 5
151 144 20 5
144 141 20 5
141 192 20 4
192 158 20 4
158 153 20 4
153 46 20 4
46 100 20 4
100 190 20 5
190 87 20 5
87 155 20 5
155 150 20 5
150 168 20 5
168 135 20 4
135 0 20 0
21 10
0 56 21 5
56 143 21 5
143 54 21 3
54 157 21 5
157 145 21 3
145 188 21 3
188 163 21 3
163 176 21 5
176 29 21 3
29 0 21 0
22 12
0 183 22 4
183 182 22 4
182 162 22 4
162 91 22 4
91 185 22 4
185 32 22 4
32 120 22 5
120 69 22 3
69 125 22 3
125 169 22 5
169 117 22 4
117 0 22 0
23 3
0 37 23 4
37 34 23 5
34 0 23 0
24 9
0 35 24 5
35 157 24 4
157 145 24 4
145 62 24 4
62 194 24 3
194 115 24 5
115 118 24 4
118 175 24 3
175 0 24 0
25 4
0 200 25 3
200 161 25 3
161 179 25 3
179 0 25 0
26 1
0 0 26 0
27 4
0 178 27 4
178 10 27 5
10 161 27 4
161 0 27 0
28 7
0 49 28 4
49 197 28 4
197 199 28 4
199 57 28 3
57 81 28 4
81 181 28 4
181 0 28 0
29 4
0 164 29 4
164 142 29 4
142 156 29 4
156 0 29 0
