# Solution for ../instances-HHCRSP/InstanzVNS_HCSRP_200_6.txt
# Cost = 1374.46 Dist = 4099.62 Tard = 14.251 TMax = 9.52023
# <vehicle> <route length>
# <origin node> <dest node> <vehicle> <service type>
0 13
0 51 0 2
51 95 0 1
95 66 0 0
66 182 0 0
182 72 0 0
72 136 0 0
136 185 0 1
185 177 0 1
177 128 0 2
128 180 0 1
180 98 0 2
98 79 0 2
79 0 0 0
1 9
0 139 1 2
139 22 1 2
22 30 1 2
30 31 1 2
31 133 1 2
133 197 1 2
197 194 1 2
194 175 1 2
175 0 1 0
2 17
0 4 2 0
4 195 2 1
195 60 2 2
60 13 2 0
13 173 2 2
173 134 2 0
134 3 2 2
3 188 2 2
188 186 2 2
186 61 2 1
61 94 2 0
94 80 2 1
80 196 2 1
196 24 2 1
24 12 2 2
12 73 2 2
73 0 2 0
3 11
0 43 3 1
43 183 3 1
183 82 3 2
82 25 3 2
25 36 3 1
36 119 3 2
119 121 3 1
121 111 3 1
111 92 3 2
92 116 3 2
116 0 3 0
4 19
0 16 4 0
16 5 4 1
5 131 4 0
131 122 4 1
122 193 4 0
193 2 4 0
2 18 4 0
18 184 4 1
184 33 4 0
33 19 4 1
19 104 4 1
104 127 4 1
127 126 4 1
126 174 4 1
174 113 4 0
113 114 4 0
114 172 4 0
172 109 4 0
109 0 4 0
5 6
0 171 5 0
171 103 5 0
103 78 5 0
78 77 5 0
77 44 5 0
44 0 5 0
6 7
0 67 6 2
67 97 6 2
97 20 6 2
20 40 6 2
40 129 6 2
129 191 6 2
191 0 6 0
7 13
0 198 7 2
198 192 7 2
192 47 7 2
47 53 7 1
53 190 7 2
190 189 7 2
189 23 7 1
23 58 7 1
58 15 7 1
15 176 7 2
176 1 7 1
1 106 7 1
106 0 7 0
8 8
0 178 8 2
178 124 8 2
124 200 8 1
200 187 8 2
187 64 8 2
64 76 8 1
76 99 8 2
99 0 8 0
9 11
0 90 9 0
90 199 9 0
199 26 9 0
26 41 9 0
41 59 9 1
59 112 9 1
112 181 9 0
181 132 9 0
132 85 9 1
85 179 9 0
179 0 9 0
10 15
0 144 10 3
144 195 10 3
195 198 10 3
198 138 10 3
138 65 10 3
65 141 10 3
141 158 10 3
158 153 10 3
153 52 10 3
52 189 10 3
189 149 10 3
149 147 10 3
147 170 10 3
170 123 10 3
123 0 10 0
11 13
0 144 11 5
144 182 11 4
182 21 11 3
21 91 11 4
91 162 11 4
162 185 11 4
185 32 11 4
32 120 11 5
120 69 11 3
69 125 11 3
125 169 11 3
169 14 11 3
14 0 11 0
12 7
0 154 12 5
154 148 12 5
148 7 12 5
7 105 12 5
105 147 12 5
147 170 12 5
170 0 12 0
13 14
0 154 13 3
154 148 13 3
148 137 13 5
137 193 13 3
193 140 13 5
140 130 13 3
130 162 13 3
162 177 13 5
177 71 13 5
71 149 13 5
149 166 13 5
166 110 13 3
110 168 13 3
168 0 13 0
14 9
0 50 14 3
50 143 14 3
143 86 14 5
86 167 14 5
167 146 14 5
146 164 14 5
164 142 14 5
142 156 14 5
156 0 14 0
15 12
0 165 15 5
165 152 15 5
152 157 15 5
157 145 15 3
145 188 15 3
188 186 15 5
186 163 15 3
163 28 15 5
28 29 15 3
29 176 15 5
176 191 15 5
191 0 15 0
16 14
0 27 16 4
27 11 16 4
11 48 16 4
48 141 16 5
141 158 16 4
158 192 16 4
192 87 16 5
87 38 16 5
38 174 16 5
174 155 16 4
155 150 16 4
150 168 16 5
168 135 16 4
135 0 16 0
17 4
0 45 17 5
45 160 17 5
160 187 17 5
187 0 17 0
18 13
0 183 18 4
183 93 18 5
93 55 18 4
55 8 18 4
8 184 18 5
184 145 18 4
145 163 18 4
163 9 18 4
9 166 18 4
166 117 18 4
117 180 18 5
180 169 18 5
169 0 18 0
19 10
0 165 19 4
165 152 19 4
152 89 19 4
89 173 19 4
173 74 19 5
74 107 19 4
107 101 19 3
101 196 19 3
196 172 19 5
172 0 19 0
20 6
0 159 20 4
159 167 20 4
167 146 20 4
146 81 20 4
81 181 20 4
181 0 20 0
21 6
0 159 21 5
159 56 21 5
56 200 21 3
200 161 21 3
161 179 21 3
179 0 21 0
22 11
0 143 22 5
143 54 22 3
54 39 22 5
39 83 22 4
83 68 22 5
68 63 22 3
63 96 22 3
96 42 22 4
42 75 22 4
75 70 22 3
70 0 22 0
23 15
0 151 23 4
151 88 23 4
88 157 23 4
157 171 23 4
171 17 23 5
17 153 23 4
153 84 23 5
84 46 23 4
46 100 23 4
100 190 23 5
190 108 23 4
108 155 23 5
155 150 23 5
150 102 23 5
102 0 23 0
24 8
0 151 24 5
151 35 24 5
35 62 24 4
62 194 24 3
194 115 24 5
115 118 24 4
118 175 24 3
175 0 24 0
25 2
0 160 25 3
160 0 25 0
26 2
0 6 26 5
6 0 26 0
27 4
0 178 27 4
178 37 27 4
37 34 27 5
34 0 27 0
28 8
0 49 28 4
49 197 28 4
197 199 28 4
199 57 28 3
57 164 28 4
164 142 28 4
142 156 28 4
156 0 28 0
29 3
0 10 29 5
10 161 29 4
161 0 29 0
