# Solution for ../instances-HHCRSP/InstanzVNS_HCSRP_100_6.txt
# Cost = 803.162 Dist = 2409.49 Tard = 0 TMax = 0
# <vehicle> <route length>
# <origin node> <dest node> <vehicle> <service type>
0 9
0 4 0 0
4 13 0 0
13 60 0 2
60 3 0 2
3 33 0 0
33 2 0 0
2 40 0 2
40 26 0 0
26 0 0 0
1 6
0 22 1 2
22 90 1 2
90 100 1 2
100 92 1 2
92 64 1 2
64 0 1 0
2 7
0 43 2 1
43 86 2 0
86 16 2 0
16 91 2 1
91 99 2 0
99 98 2 1
98 0 2 0
3 11
0 67 3 2
67 93 3 2
93 20 3 2
20 51 3 2
51 97 3 1
97 19 3 1
19 53 3 1
53 24 3 1
24 12 3 2
12 58 3 1
58 0 3 0
4 5
0 44 4 0
44 31 4 2
31 41 4 0
41 96 4 0
96 0 4 0
5 15
0 5 5 1
5 25 5 2
25 88 5 2
88 66 5 0
66 18 5 0
18 95 5 2
95 89 5 0
89 47 5 2
47 61 5 1
61 94 5 2
94 87 5 1
87 15 5 1
15 23 5 1
23 1 5 1
1 0 5 0
6 4
0 30 6 2
30 36 6 1
36 59 6 1
59 0 6 0
7 8
0 48 7 4
48 11 7 4
11 74 7 4
74 46 7 4
46 71 7 3
71 72 7 4
72 14 7 3
14 0 7 0
8 11
0 82 8 3
82 93 8 5
93 65 8 3
65 74 8 5
74 89 8 3
89 84 8 5
84 94 8 3
94 80 8 3
80 38 8 5
38 73 8 5
73 0 8 0
9 11
0 82 9 5
82 88 9 3
88 55 9 4
55 95 9 5
95 52 9 3
52 17 9 5
17 84 9 4
84 87 9 5
87 80 9 4
80 73 9 4
73 0 9 0
10 9
0 6 10 5
6 45 10 5
45 39 10 5
39 92 10 3
92 63 10 3
63 70 10 3
70 85 10 3
85 75 10 5
75 0 10 0
11 7
0 49 11 4
49 86 11 4
86 90 11 3
90 100 11 3
100 85 11 5
85 75 11 4
75 0 11 0
12 7
0 54 12 3
54 91 12 3
91 78 12 4
78 32 12 4
32 99 12 5
99 98 12 5
98 0 12 0
13 14
0 35 13 5
35 27 13 4
27 97 13 4
97 8 13 4
8 62 13 4
62 78 13 5
78 77 13 3
77 21 13 3
21 9 13 4
9 71 13 5
71 72 13 5
72 28 13 5
28 29 13 3
29 0 13 0
14 8
0 37 14 4
37 7 14 5
7 77 14 4
77 69 14 3
69 76 14 4
76 79 14 3
79 42 14 4
42 0 14 0
15 4
0 34 15 5
34 76 15 5
76 79 15 5
79 0 15 0
16 8
0 50 16 3
50 56 16 5
56 83 16 3
83 68 16 5
68 81 16 4
81 10 16 5
10 96 16 3
96 0 16 0
17 2
0 57 17 3
57 0 17 0
18 3
0 83 18 4
83 81 18 5
81 0 18 0
19 1
0 0 19 0
