# Solution for ../instances-HHCRSP/InstanzVNS_HCSRP_100_2.txt
# Cost = 863.01 Dist = 2587.06 Tard = 1.24474 TMax = 0.72771
# <vehicle> <route length>
# <origin node> <dest node> <vehicle> <service type>
0 6
0 46 0 0
46 67 0 0
67 57 0 0
57 32 0 0
32 86 0 0
86 0 0 0
1 14
0 39 1 1
39 93 1 2
93 40 1 2
40 44 1 1
44 36 1 2
36 98 1 1
98 99 1 1
99 95 1 1
95 56 1 1
56 4 1 1
4 33 1 1
33 97 1 2
97 42 1 1
42 0 1 0
2 16
0 96 2 1
96 14 2 0
14 54 2 1
54 61 2 2
61 91 2 0
91 94 2 2
94 66 2 2
66 2 2 0
2 88 2 2
88 65 2 2
65 10 2 0
10 31 2 1
31 34 2 2
34 15 2 2
15 21 2 0
21 0 2 0
3 7
0 89 3 1
89 9 3 1
9 17 3 1
17 38 3 1
38 90 3 1
90 87 3 1
87 0 3 0
4 5
0 59 4 2
59 43 4 2
43 3 4 2
3 16 4 2
16 0 4 0
5 8
0 26 5 0
26 11 5 2
11 45 5 0
45 41 5 2
41 19 5 2
19 12 5 2
12 6 5 0
6 0 5 0
6 4
0 7 6 0
7 92 6 1
92 100 6 1
100 0 6 0
7 16
0 53 7 4
53 71 7 4
71 72 7 3
72 81 7 3
81 28 7 5
28 13 7 4
13 48 7 3
48 73 7 3
73 29 7 3
29 25 7 4
25 76 7 3
76 85 7 5
85 23 7 5
23 95 7 4
95 70 7 5
70 0 7 0
8 10
0 71 8 5
71 72 8 4
72 81 8 5
81 49 8 4
49 73 8 5
73 35 8 4
35 74 8 3
74 55 8 5
55 79 8 3
79 0 8 0
9 13
0 96 9 5
96 89 9 5
89 50 9 5
50 93 9 4
93 62 9 4
62 52 9 4
52 63 9 4
63 64 9 3
64 90 9 3
90 87 9 4
87 86 9 3
86 20 9 5
20 0 9 0
10 7
0 83 10 4
83 22 10 3
22 99 10 4
99 76 10 4
76 85 10 3
85 24 10 4
24 0 10 0
11 6
0 83 11 5
83 51 11 5
51 98 11 3
98 37 11 3
37 82 11 3
82 0 11 0
12 13
0 1 12 4
1 77 12 4
77 80 12 4
80 75 12 4
75 27 12 4
27 84 12 4
84 78 12 4
78 88 12 5
88 58 12 4
58 47 12 4
47 97 12 4
97 79 12 4
79 0 12 0
13 6
0 60 13 5
60 69 13 4
69 92 13 4
92 30 13 4
30 82 13 4
82 0 13 0
14 2
0 100 14 4
100 0 14 0
15 13
0 8 15 3
8 77 15 3
77 91 15 3
91 94 15 3
94 80 15 3
80 75 15 3
75 84 15 5
84 78 15 3
78 5 15 3
5 68 15 4
68 18 15 3
18 74 15 4
74 0 15 0
16 1
0 0 16 0
17 1
0 0 17 0
18 1
0 0 18 0
19 1
0 0 19 0
