# Solution for ../instances-HHCRSP/InstanzVNS_HCSRP_200_8.txt
# Cost = 1199.45 Dist = 3592.17 Tard = 4.34367 TMax = 1.83095
# <vehicle> <route length>
# <origin node> <dest node> <vehicle> <service type>
0 11
0 112 0 0
112 57 0 1
57 11 0 0
11 17 0 0
17 21 0 0
21 36 0 1
36 78 0 0
78 190 0 1
190 90 0 0
90 129 0 0
129 0 0 0
1 15
0 10 1 0
10 195 1 0
195 125 1 0
125 193 1 0
193 65 1 0
65 40 1 0
40 185 1 0
185 119 1 0
119 132 1 0
132 120 1 0
120 187 1 0
187 72 1 0
72 98 1 0
98 73 1 0
73 0 1 0
2 15
0 45 2 2
45 134 2 0
134 188 2 0
188 186 2 0
186 130 2 0
130 117 2 2
117 55 2 0
55 135 2 0
135 95 2 0
95 171 2 0
171 51 2 0
51 62 2 0
62 81 2 0
81 181 2 2
181 0 2 0
3 13
0 199 3 1
199 194 3 1
194 184 3 1
184 13 3 2
13 44 3 1
44 196 3 2
196 180 3 1
180 105 3 2
105 46 3 2
46 127 3 2
127 103 3 2
103 93 3 2
93 0 3 0
4 10
0 189 4 1
189 33 4 1
33 75 4 1
75 200 4 1
200 53 4 1
53 22 4 1
22 107 4 1
107 174 4 1
174 48 4 1
48 0 4 0
5 8
0 87 5 1
87 126 5 1
126 110 5 1
110 92 5 1
92 175 5 1
175 115 5 1
115 138 5 1
138 0 5 0
6 18
0 91 6 2
91 179 6 0
179 197 6 0
197 23 6 2
23 102 6 2
102 94 6 0
94 192 6 0
192 68 6 2
68 74 6 0
74 183 6 2
183 139 6 0
139 172 6 2
172 6 6 2
6 12 6 2
12 113 6 2
113 77 6 2
77 109 6 0
109 0 6 0
7 6
0 60 7 2
60 177 7 2
177 104 7 2
104 58 7 2
58 56 7 2
56 0 7 0
8 18
0 42 8 0
42 182 8 0
182 178 8 0
178 54 8 1
54 100 8 0
100 173 8 0
173 198 8 0
198 131 8 1
131 4 8 1
4 16 8 0
16 76 8 0
76 27 8 1
27 191 8 0
191 176 8 1
176 5 8 0
5 71 8 1
71 18 8 1
18 0 8 0
9 3
0 32 9 1
32 66 9 1
66 0 9 0
10 14
0 199 10 4
199 195 10 4
195 82 10 4
82 25 10 5
25 137 10 4
137 166 10 5
166 149 10 4
149 34 10 5
34 196 10 4
196 167 10 4
167 111 10 5
111 165 10 4
165 181 10 4
181 0 10 0
11 14
0 188 11 3
188 194 11 5
194 186 11 3
186 97 11 4
97 128 11 4
128 37 11 5
37 156 11 5
156 140 11 5
140 31 11 5
31 162 11 5
162 158 11 5
158 150 11 5
150 191 11 5
191 0 11 0
12 16
0 179 12 3
179 197 12 3
197 136 12 3
136 106 12 4
106 14 12 5
14 116 12 5
116 63 12 5
63 26 12 3
26 190 12 5
190 30 12 5
30 29 12 3
29 52 12 4
52 146 12 3
146 154 12 4
154 147 12 3
147 0 12 0
13 15
0 189 13 3
189 8 13 5
8 193 13 4
193 184 13 5
184 185 13 5
185 166 13 3
166 64 13 3
64 122 13 5
122 114 13 5
114 167 13 3
167 69 13 3
69 157 13 3
157 3 13 4
3 88 13 5
88 0 13 0
14 9
0 49 14 5
49 121 14 3
121 200 14 3
200 149 14 5
149 187 14 4
187 180 14 4
180 99 14 5
99 157 14 5
157 0 14 0
15 10
0 145 15 5
145 168 15 5
168 164 15 5
164 89 15 4
89 174 15 5
174 39 15 4
39 35 15 4
35 153 15 4
153 152 15 4
152 0 15 0
16 13
0 145 16 3
145 168 16 3
168 7 16 3
7 1 16 4
1 164 16 3
164 83 16 3
83 118 16 5
118 47 16 4
47 24 16 4
24 171 16 4
171 153 16 5
153 152 16 3
152 0 16 0
17 16
0 163 17 4
163 161 17 3
161 43 17 4
43 143 17 4
143 15 17 4
15 2 17 4
2 173 17 4
173 19 17 3
19 144 17 4
144 148 17 4
148 142 17 3
142 9 17 5
9 146 17 5
146 154 17 5
154 147 17 4
147 0 17 0
18 8
0 163 18 5
163 161 18 5
161 143 18 5
143 198 18 3
198 133 18 4
133 28 18 3
28 176 18 5
176 0 18 0
19 13
0 155 19 4
155 50 19 4
50 86 19 4
86 20 19 3
20 159 19 4
159 183 19 4
183 84 19 4
84 101 19 4
101 172 19 3
172 175 19 5
175 169 19 3
169 141 19 3
141 0 19 0
20 6
0 155 20 5
155 159 20 3
159 85 20 3
85 169 20 5
169 141 20 5
141 0 20 0
21 11
0 151 21 4
151 61 21 4
61 170 21 4
170 182 21 4
182 156 21 4
156 165 21 3
165 79 21 3
79 162 21 3
162 158 21 3
158 150 21 4
150 0 21 0
22 6
0 151 22 5
151 170 22 5
170 178 22 4
178 38 22 4
38 124 22 3
124 0 22 0
23 4
0 108 23 3
108 70 23 5
70 80 23 5
80 0 23 0
24 6
0 59 24 3
59 192 24 5
192 144 24 3
144 148 24 5
148 142 24 5
142 0 24 0
25 6
0 177 25 5
177 41 25 5
41 96 25 5
96 160 25 4
160 123 25 4
123 0 25 0
26 2
0 160 26 5
160 0 26 0
27 2
0 67 27 5
67 0 27 0
28 1
0 0 28 0
29 1
0 0 29 0
