# Solution for ../instances-HHCRSP/InstanzVNS_HCSRP_200_7.txt
# Cost = 1151.31 Dist = 3421.55 Tard = 24.2991 TMax = 8.08761
# <vehicle> <route length>
# <origin node> <dest node> <vehicle> <service type>
0 14
0 11 0 0
11 38 0 0
38 2 0 2
2 51 0 0
51 172 0 0
172 42 0 2
42 77 0 0
77 194 0 2
194 40 0 2
40 90 0 2
90 140 0 0
140 197 0 0
197 186 0 0
186 0 0 0
1 13
0 64 1 1
64 193 1 0
193 105 1 1
105 108 1 0
108 68 1 1
68 78 1 1
78 85 1 1
85 177 1 1
177 182 1 0
182 174 1 0
174 46 1 1
46 57 1 0
57 0 1 0
2 11
0 188 2 2
188 18 2 0
18 191 2 2
191 97 2 0
97 67 2 2
67 127 2 0
127 180 2 2
180 181 2 2
181 9 2 0
9 184 2 2
184 0 2 0
3 5
0 131 3 2
131 176 3 2
176 187 3 2
187 130 3 2
130 0 3 0
4 10
0 113 4 1
113 99 4 1
99 198 4 1
198 93 4 1
93 25 4 2
25 136 4 2
136 33 4 1
33 190 4 2
190 199 4 1
199 0 4 0
5 13
0 178 5 1
178 75 5 2
75 189 5 2
189 24 5 1
24 65 5 2
65 196 5 2
196 14 5 1
14 80 5 2
80 79 5 1
79 115 5 2
115 26 5 2
26 134 5 2
134 0 5 0
6 6
0 82 6 0
82 200 6 0
200 53 6 0
53 171 6 0
171 29 6 0
29 0 6 0
7 18
0 124 7 1
124 100 7 1
100 45 7 1
45 129 7 1
129 185 7 0
185 195 7 1
195 59 7 0
59 102 7 0
102 36 7 2
36 39 7 0
39 22 7 2
22 54 7 2
54 106 7 1
106 175 7 0
175 12 7 0
12 15 7 1
15 86 7 2
86 0 7 0
8 12
0 72 8 0
72 50 8 0
50 183 8 1
183 192 8 0
192 10 8 0
10 101 8 0
101 114 8 0
114 179 8 0
179 63 8 0
63 173 8 1
173 13 8 0
13 0 8 0
9 2
0 76 9 0
76 0 9 0
10 18
0 168 10 3
168 145 10 3
145 143 10 4
143 189 10 4
189 1 10 4
1 172 10 3
172 118 10 4
118 109 10 4
109 128 10 3
128 196 10 4
196 41 10 5
41 125 10 5
125 88 10 3
88 94 10 3
94 155 10 3
155 149 10 4
149 177 10 3
177 0 10 0
11 14
0 168 11 5
168 145 11 5
145 143 11 3
143 70 11 5
70 120 11 3
120 62 11 3
62 119 11 5
119 30 11 5
30 8 11 5
8 158 11 3
158 112 11 5
112 186 11 3
186 152 11 3
152 0 11 0
12 7
0 170 12 5
170 139 12 5
139 165 12 3
165 171 12 3
171 154 12 3
154 151 12 3
151 0 12 0
13 10
0 170 13 4
170 191 13 5
191 142 13 3
142 162 13 5
162 164 13 4
164 138 13 4
138 66 13 3
66 161 13 3
161 163 13 3
163 0 13 0
14 11
0 121 14 3
121 141 14 4
141 157 14 3
157 23 14 3
23 73 14 3
73 164 14 5
164 6 14 4
6 37 14 4
37 175 14 3
175 44 14 3
44 0 14 0
15 17
0 141 15 5
141 157 15 4
157 20 15 3
20 34 15 3
34 183 15 3
183 192 15 3
192 146 15 3
146 159 15 4
159 27 15 3
27 84 15 4
84 17 15 3
17 144 15 3
144 156 15 5
156 153 15 3
153 48 15 3
48 152 15 5
152 0 15 0
16 6
0 92 16 4
92 154 16 5
154 151 16 5
151 47 16 4
47 190 16 4
190 0 16 0
17 12
0 81 17 4
81 178 17 5
178 3 17 3
3 56 17 4
56 49 17 4
49 4 17 4
4 69 17 5
69 104 17 4
104 158 17 4
158 197 17 4
197 61 17 4
61 0 17 0
18 14
0 188 18 4
188 98 18 3
98 89 18 5
89 176 18 3
176 146 18 5
146 159 18 5
159 19 18 3
19 74 18 4
74 187 18 5
187 87 18 4
87 167 18 4
167 179 18 5
179 173 18 3
173 0 18 0
19 14
0 137 19 4
137 160 19 3
160 43 19 3
43 83 19 3
83 142 19 4
142 162 19 3
162 195 19 3
195 110 19 3
110 144 19 4
144 156 19 3
156 153 19 4
153 60 19 3
60 103 19 3
103 0 19 0
20 11
0 160 20 4
160 58 20 3
58 198 20 3
198 200 20 5
200 5 20 4
5 135 20 5
135 181 20 4
181 169 20 3
169 161 20 4
161 163 20 5
163 0 20 0
21 15
0 150 21 4
150 95 21 4
95 116 21 5
116 31 21 3
31 147 21 4
147 166 21 3
166 148 21 3
148 126 21 3
126 55 21 4
55 96 21 5
96 117 21 5
117 16 21 4
16 107 21 5
107 111 21 4
111 0 21 0
22 5
0 150 22 5
150 35 22 3
35 167 22 3
167 122 22 3
122 0 22 0
23 17
0 133 23 3
133 21 23 4
21 32 23 3
32 193 23 3
193 194 23 4
194 147 23 5
147 166 23 4
166 148 23 5
148 52 23 3
52 91 23 4
91 155 23 4
155 149 23 5
149 182 23 5
182 174 23 4
174 71 23 4
71 7 23 4
7 0 23 0
24 9
0 123 24 3
123 165 24 4
165 185 24 4
185 180 24 3
180 132 24 3
132 28 24 4
28 169 24 4
169 184 24 3
184 0 24 0
25 2
0 199 25 4
199 0 25 0
26 1
0 0 26 0
27 1
0 0 27 0
28 1
0 0 28 0
29 1
0 0 29 0
