# Solution for ../instances-HHCRSP/InstanzVNS_HCSRP_200_9.txt
# Cost = 1338.67 Dist = 3962.44 Tard = 39.252 TMax = 14.3183
# <vehicle> <route length>
# <origin node> <dest node> <vehicle> <service type>
0 2
0 180 0 0
180 0 0 0
1 12
0 116 1 2
116 36 1 2
36 95 1 2
95 196 1 2
196 11 1 2
11 139 1 2
139 77 1 2
77 72 1 2
72 45 1 2
45 176 1 2
176 112 1 2
112 0 1 0
2 14
0 179 2 1
179 192 2 0
192 50 2 1
50 27 2 0
27 4 2 1
4 79 2 0
79 178 2 0
178 8 2 0
8 21 2 1
21 200 2 0
200 193 2 1
193 137 2 1
137 191 2 1
191 0 2 0
3 11
0 82 3 1
82 54 3 1
54 189 3 0
189 98 3 1
98 197 3 0
197 10 3 1
10 198 3 1
198 181 3 1
181 135 3 1
135 53 3 0
53 0 3 0
4 17
0 117 4 1
117 89 4 1
89 9 4 1
9 177 4 0
177 1 4 1
1 123 4 0
123 182 4 0
182 30 4 1
30 26 4 0
26 186 4 1
186 122 4 1
122 105 4 1
105 125 4 1
125 20 4 0
20 190 4 0
190 188 4 0
188 0 4 0
5 18
0 64 5 2
64 47 5 2
47 81 5 0
81 35 5 2
35 124 5 2
124 56 5 0
56 84 5 2
84 195 5 2
195 80 5 0
80 58 5 2
58 61 5 0
61 28 5 2
28 127 5 2
127 55 5 0
55 174 5 2
174 126 5 2
126 93 5 2
93 0 5 0
6 2
0 32 6 0
32 0 6 0
7 17
0 42 7 2
42 59 7 2
59 73 7 0
73 43 7 0
43 71 7 0
71 194 7 0
194 33 7 0
33 90 7 0
90 187 7 2
187 44 7 2
44 140 7 0
140 31 7 0
31 183 7 2
183 171 7 0
171 172 7 0
172 60 7 2
60 0 7 0
8 17
0 101 8 1
101 185 8 2
185 16 8 2
16 87 8 2
87 173 8 2
173 134 8 1
134 83 8 0
83 175 8 2
175 18 8 2
18 86 8 1
86 78 8 1
78 138 8 1
138 74 8 1
74 69 8 0
69 57 8 2
57 111 8 2
111 0 8 0
9 7
0 23 9 2
23 97 9 1
97 96 9 1
96 199 9 2
199 85 9 1
85 184 9 2
184 0 9 0
10 11
0 154 10 4
154 145 10 4
145 2 10 4
2 163 10 4
163 103 10 5
103 128 10 5
128 199 10 5
199 184 10 4
184 169 10 4
169 159 10 4
159 0 10 0
11 13
0 154 11 3
154 145 11 5
145 109 11 3
109 163 11 3
163 48 11 5
48 182 11 5
182 76 11 3
76 186 11 3
186 169 11 3
169 102 11 3
102 171 11 4
171 172 11 4
172 0 11 0
12 14
0 179 12 4
179 192 12 5
192 106 12 3
106 132 12 3
132 62 12 3
62 160 12 3
160 19 12 5
19 88 12 4
88 158 12 3
158 131 12 5
131 200 12 5
200 193 12 5
193 191 12 3
191 0 12 0
13 8
0 91 13 3
91 185 13 5
185 189 13 5
189 142 13 3
142 198 13 4
198 14 13 4
14 149 13 3
149 0 13 0
14 8
0 165 14 4
165 100 14 5
100 25 14 5
25 99 14 4
99 151 14 4
151 7 14 5
7 149 14 4
149 0 14 0
15 3
0 165 15 3
165 151 15 3
151 0 15 0
16 17
0 147 16 3
147 22 16 4
22 155 16 3
155 166 16 3
166 162 16 3
162 63 16 4
63 195 16 3
195 129 16 5
129 144 16 3
144 115 16 3
115 187 16 3
187 29 16 3
29 152 16 3
152 148 16 4
148 40 16 5
40 188 16 5
188 0 16 0
17 3
0 143 17 5
143 180 17 5
180 0 17 0
18 13
0 147 18 4
147 155 18 5
155 166 18 5
166 162 18 5
162 67 18 5
67 6 18 3
6 144 18 4
144 37 18 5
37 38 18 3
38 141 18 3
141 183 18 3
183 65 18 5
65 0 18 0
19 4
0 143 19 4
143 120 19 4
120 114 19 4
114 0 19 0
20 17
0 164 20 4
164 146 20 3
146 150 20 3
150 68 20 4
68 161 20 3
161 196 20 5
196 168 20 4
168 119 20 3
119 70 20 5
70 75 20 5
75 175 20 4
175 92 20 4
92 24 20 4
24 167 20 3
167 176 20 3
176 51 20 4
51 0 20 0
21 12
0 164 21 5
164 146 21 4
146 150 21 5
150 161 21 5
161 168 21 5
168 178 21 5
178 12 21 4
12 160 21 5
160 158 21 5
158 136 21 3
136 167 21 4
167 0 21 0
22 8
0 52 22 4
52 104 22 4
104 130 22 4
130 17 22 5
17 13 22 4
13 141 22 4
141 118 22 3
118 0 22 0
23 13
0 34 23 4
34 66 23 3
66 107 23 5
107 5 23 5
5 177 23 5
177 113 23 3
113 110 23 3
110 173 23 5
173 15 23 5
15 152 23 5
152 148 23 5
148 190 23 3
190 0 23 0
24 4
0 156 24 5
156 174 24 3
174 159 24 3
159 0 24 0
25 5
0 156 25 4
156 41 25 4
41 108 25 5
108 157 25 3
157 0 25 0
26 10
0 170 26 4
170 49 26 5
49 39 26 3
39 194 26 5
194 46 26 5
46 142 26 4
142 3 26 4
3 94 26 4
94 181 26 5
181 0 26 0
27 5
0 170 27 5
170 133 27 3
133 153 27 4
153 197 27 5
197 0 27 0
28 4
0 153 28 5
153 121 28 4
121 157 28 5
157 0 28 0
29 1
0 0 29 0
