# Solution for ../instances-HHCRSP/InstanzCPLEX_HCSRP_75_4.txt
# Cost = 851.89 Dist = 2063.58 Tard = 384.752 TMax = 107.343
# <vehicle> <route length>
# <origin node> <dest node> <vehicle> <service type>
0 4
0 33 0 0
33 16 0 0
16 44 0 0
44 0 0 0
1 15
0 74 1 1
74 71 1 1
71 7 1 1
7 40 1 1
40 75 1 1
75 72 1 1
72 73 1 1
73 25 1 1
25 70 1 1
70 36 1 1
36 24 1 1
24 10 1 1
10 17 1 1
17 64 1 1
64 0 1 0
2 9
0 15 2 2
15 39 2 0
39 69 2 2
69 50 2 0
50 14 2 2
14 51 2 2
51 18 2 0
18 65 2 2
65 0 2 0
3 10
0 13 3 2
13 66 3 0
66 20 3 0
20 68 3 2
68 1 3 2
1 41 3 0
41 11 3 2
11 34 3 2
34 67 3 2
67 0 3 0
4 4
0 47 4 2
47 12 4 2
12 9 4 0
9 0 4 0
5 9
0 52 5 5
52 48 5 5
48 30 5 5
30 59 5 5
59 29 5 5
29 21 5 5
21 63 5 5
63 65 5 5
65 0 5 0
6 5
0 55 6 4
55 54 6 4
54 70 6 4
70 57 6 4
57 0 6 0
7 12
0 55 7 3
55 74 7 3
74 23 7 4
23 45 7 3
45 60 7 3
60 75 7 4
75 62 7 4
62 56 7 4
56 61 7 3
61 3 7 3
3 64 7 3
64 0 7 0
8 9
0 71 8 3
71 49 8 4
49 60 8 5
60 31 8 4
31 68 8 4
68 72 8 5
72 73 8 3
73 61 8 5
61 0 8 0
9 5
0 38 9 5
38 58 9 5
58 43 9 5
43 53 9 5
53 0 9 0
10 7
0 66 10 5
66 32 10 3
32 62 10 3
62 56 10 3
56 35 10 3
35 57 10 3
57 0 10 0
11 9
0 69 11 4
69 27 11 3
27 59 11 4
59 46 11 4
46 19 11 4
19 8 11 4
8 2 11 4
2 37 11 4
37 0 11 0
12 6
0 42 12 4
42 58 12 3
58 53 12 3
53 5 12 3
5 63 12 4
63 0 12 0
13 2
0 26 13 3
26 0 13 0
14 7
0 28 14 3
28 6 14 3
6 54 14 5
54 4 14 4
4 22 14 5
22 67 14 5
67 0 14 0
