# Solution for ../instances-HHCRSP/InstanzVNS_HCSRP_200_7.txt
# Cost = 1138.18 Dist = 3396.25 Tard = 13.4603 TMax = 4.83131
# <vehicle> <route length>
# <origin node> <dest node> <vehicle> <service type>
0 14
0 2 0 2
2 11 0 0
11 189 0 2
189 172 0 0
172 42 0 2
42 77 0 0
77 51 0 0
51 194 0 2
194 40 0 2
40 90 0 2
90 140 0 0
140 197 0 0
197 186 0 0
186 0 0 0
1 14
0 64 1 1
64 38 1 0
38 193 1 0
193 105 1 1
105 108 1 0
108 68 1 1
68 78 1 1
78 85 1 1
85 174 1 0
174 182 1 0
182 46 1 1
46 177 1 1
177 57 1 0
57 0 1 0
2 14
0 97 2 0
97 18 2 0
18 191 2 2
191 188 2 2
188 176 2 2
176 102 2 0
102 59 2 0
59 175 2 0
175 22 2 2
22 54 2 2
54 36 2 2
36 13 2 0
13 76 2 0
76 0 2 0
3 2
0 130 3 2
130 0 3 0
4 7
0 124 4 1
124 129 4 1
129 45 4 1
45 100 4 1
100 195 4 1
195 86 4 2
86 0 4 0
5 12
0 178 5 1
178 75 5 2
75 65 5 2
65 24 5 1
24 14 5 1
14 196 5 2
196 80 5 2
80 79 5 1
79 115 5 2
115 26 5 2
26 134 5 2
134 0 5 0
6 5
0 82 6 0
82 53 6 0
53 171 6 0
171 29 6 0
29 0 6 0
7 18
0 99 7 1
99 200 7 0
200 198 7 1
198 93 7 1
93 25 7 2
25 113 7 1
113 136 7 2
136 180 7 2
180 185 7 0
185 67 7 2
67 127 7 0
127 181 7 2
181 9 7 0
9 184 7 2
184 33 7 1
33 190 7 2
190 199 7 1
199 0 7 0
8 12
0 72 8 0
72 192 8 0
192 183 8 1
183 50 8 0
50 10 8 0
10 39 8 0
39 106 8 1
106 12 8 0
12 15 8 1
15 173 8 1
173 179 8 0
179 0 8 0
9 6
0 131 9 2
131 114 9 0
114 101 9 0
101 187 9 2
187 63 9 0
63 0 9 0
10 15
0 143 10 3
143 189 10 4
189 172 10 3
172 1 10 4
1 166 10 3
166 147 10 4
147 148 10 3
148 126 10 3
126 55 10 4
55 96 10 5
96 117 10 5
117 111 10 4
111 16 10 4
16 107 10 5
107 0 10 0
11 7
0 165 11 3
165 170 11 5
170 98 11 3
98 146 11 3
146 187 11 5
187 173 11 3
173 0 11 0
12 16
0 157 12 3
157 23 12 3
23 73 12 3
73 141 12 5
141 121 12 3
121 162 12 3
162 142 12 3
142 195 12 3
195 164 12 5
164 83 12 3
83 169 12 3
169 66 12 3
66 161 12 3
161 163 12 3
163 103 12 3
103 0 12 0
13 11
0 143 13 4
143 178 13 5
178 168 13 3
168 3 13 3
3 145 13 3
145 109 13 4
109 69 13 5
69 112 13 5
112 186 13 3
186 158 13 3
158 0 13 0
14 13
0 165 14 4
165 170 14 4
170 191 14 5
191 162 14 5
162 142 14 4
142 164 14 4
164 6 14 4
6 37 14 4
37 175 14 3
175 110 14 3
110 44 14 3
44 60 14 3
60 0 14 0
15 10
0 157 15 4
157 20 15 3
20 34 15 3
34 84 15 4
84 17 15 3
17 144 15 3
144 156 15 5
156 153 15 3
153 152 15 3
152 0 15 0
16 8
0 160 16 4
160 137 16 4
137 139 16 5
139 141 16 4
141 138 16 4
138 161 16 4
161 163 16 5
163 0 16 0
17 15
0 160 17 3
160 58 17 3
58 200 17 5
200 198 17 3
198 5 17 4
5 135 17 5
135 43 17 3
43 180 17 3
180 185 17 4
185 132 17 3
132 28 17 4
28 169 17 4
169 181 17 4
181 184 17 3
184 0 17 0
18 17
0 168 18 5
168 145 18 5
145 41 18 5
41 70 18 5
70 120 18 3
120 118 18 4
118 196 18 4
196 128 18 3
128 125 18 5
125 88 18 3
88 94 18 3
94 149 18 4
149 155 18 3
155 174 18 4
174 71 18 4
71 7 18 4
7 0 18 0
19 6
0 92 19 4
92 154 19 3
154 171 19 3
171 151 19 3
151 190 19 4
190 0 19 0
20 14
0 150 20 4
150 95 20 4
95 116 20 5
116 31 20 3
31 166 20 4
166 147 20 5
147 148 20 5
148 52 20 3
52 91 20 4
91 149 20 5
149 155 20 4
155 182 20 5
182 177 20 3
177 0 20 0
21 13
0 150 21 5
150 35 21 3
35 21 21 4
21 32 21 3
32 193 21 3
193 194 21 4
194 62 21 3
62 119 21 5
119 30 21 5
30 8 21 5
8 197 21 4
197 158 21 4
158 0 21 0
22 4
0 133 22 3
133 167 22 3
167 122 22 3
122 0 22 0
23 4
0 154 23 5
154 151 23 5
151 47 23 4
47 0 23 0
24 16
0 81 24 4
81 56 24 4
56 49 24 4
49 192 24 3
192 183 24 3
183 4 24 4
4 104 24 4
104 74 24 4
74 19 24 3
19 159 24 4
159 27 24 3
27 144 24 4
144 156 24 3
156 153 24 4
153 48 24 3
48 0 24 0
25 8
0 123 25 3
123 188 25 4
188 89 25 5
89 176 25 3
176 146 25 5
146 159 25 5
159 152 25 5
152 0 25 0
26 5
0 167 26 4
167 87 26 4
87 61 26 4
61 179 26 5
179 0 26 0
27 2
0 199 27 4
199 0 27 0
28 1
0 0 28 0
29 1
0 0 29 0
