# Solution for ../instances-HHCRSP/InstanzVNS_HCSRP_200_4.txt
# Cost = 1135.08 Dist = 3405.23 Tard = 0 TMax = 0
# <vehicle> <route length>
# <origin node> <dest node> <vehicle> <service type>
0 12
0 183 0 2
183 191 0 2
191 88 0 2
88 128 0 2
128 194 0 2
194 171 0 0
171 41 0 0
41 62 0 0
62 192 0 2
192 200 0 2
200 56 0 2
56 0 0 0
1 15
0 94 1 1
94 14 1 2
14 130 1 0
130 7 1 1
7 108 1 0
108 76 1 2
76 176 1 2
176 181 1 0
181 25 1 1
25 87 1 2
87 125 1 2
125 89 1 2
89 178 1 0
178 111 1 1
111 0 1 0
2 15
0 40 2 1
40 177 2 1
177 190 2 0
190 20 2 0
20 139 2 1
139 54 2 0
54 173 2 1
173 184 2 0
184 10 2 1
10 132 2 1
132 9 2 0
9 36 2 1
36 17 2 1
17 95 2 1
95 0 2 0
3 19
0 186 3 2
186 50 3 0
50 39 3 0
39 16 3 0
16 92 3 1
92 33 3 0
33 127 3 0
127 98 3 2
98 185 3 2
185 113 3 2
113 188 3 2
188 140 3 1
140 112 3 2
112 18 3 0
18 100 3 0
100 102 3 0
102 65 3 1
65 120 3 0
120 0 3 0
4 15
0 122 4 2
122 15 4 2
15 77 4 1
77 69 4 0
69 44 4 0
44 187 4 1
187 180 4 2
180 84 4 2
84 86 4 2
86 172 4 1
172 63 4 0
63 137 4 1
137 182 4 0
182 109 4 1
109 0 4 0
5 7
0 106 5 2
106 13 5 2
13 196 5 2
196 198 5 2
198 12 5 2
12 34 5 2
34 0 5 0
6 12
0 105 6 0
105 174 6 0
174 179 6 2
179 1 6 2
1 197 6 2
197 123 6 2
123 72 6 2
72 85 6 0
85 121 6 0
121 64 6 0
64 11 6 2
11 0 6 0
7 5
0 55 7 1
55 71 7 1
71 90 7 1
90 99 7 1
99 0 7 0
8 9
0 51 8 2
51 24 8 1
24 189 8 2
189 175 8 2
175 199 8 2
199 135 8 1
135 81 8 1
81 195 8 2
195 0 8 0
9 3
0 47 9 2
47 193 9 2
193 0 9 0
10 10
0 168 10 5
168 28 10 3
28 6 10 3
6 158 10 5
158 150 10 3
150 156 10 5
156 142 10 3
142 110 10 5
110 159 10 5
159 0 10 0
11 13
0 49 11 4
49 183 11 3
183 177 11 5
177 190 11 4
190 196 11 5
196 31 11 4
31 198 11 5
198 134 11 3
134 165 11 4
165 57 11 4
57 167 11 3
167 136 11 3
136 0 11 0
12 10
0 168 12 4
168 152 12 3
152 164 12 3
164 173 12 5
173 176 12 4
176 70 12 5
70 124 12 5
124 199 12 4
199 167 12 5
167 0 12 0
13 16
0 161 13 3
161 163 13 3
163 191 13 3
191 114 13 5
114 143 13 3
143 119 13 3
119 194 13 4
194 73 13 3
73 35 13 3
35 68 13 3
68 150 13 4
150 156 13 4
156 142 13 4
142 118 13 3
118 78 13 3
78 0 13 0
14 14
0 161 14 5
161 163 14 5
163 23 14 4
23 143 14 4
143 83 14 5
83 117 14 3
117 171 14 4
171 96 14 3
96 104 14 4
104 192 14 5
192 200 14 4
200 129 14 5
129 159 14 4
159 0 14 0
15 14
0 186 15 5
186 59 15 4
59 48 15 5
48 42 15 4
42 155 15 3
155 80 15 5
80 153 15 3
153 43 15 5
43 46 15 4
46 5 15 3
5 21 15 5
21 188 15 3
188 53 15 5
53 0 15 0
16 16
0 170 16 3
170 97 16 4
97 157 16 4
157 52 16 5
52 126 16 4
126 116 16 3
116 147 16 3
147 181 16 5
181 107 16 3
107 184 16 3
184 4 16 4
4 154 16 3
154 79 16 4
79 37 16 4
37 26 16 3
26 0 16 0
17 11
0 170 17 5
170 157 17 5
157 155 17 5
155 153 17 5
153 19 17 4
19 185 17 5
185 101 17 4
101 154 17 4
154 8 17 4
8 2 17 4
2 0 17 0
18 13
0 32 18 3
32 74 18 5
74 66 18 3
66 174 18 3
174 179 18 4
179 45 18 3
45 197 18 5
197 60 18 4
60 61 18 4
61 3 18 3
3 169 18 3
169 178 18 5
178 0 18 0
19 11
0 160 19 4
160 30 19 5
30 82 19 3
82 149 19 3
149 148 19 3
148 162 19 4
162 29 19 5
29 146 19 3
146 172 19 3
172 138 19 4
138 0 19 0
20 7
0 160 20 5
160 152 20 4
152 164 20 5
164 147 20 4
147 165 20 5
165 169 20 4
169 0 20 0
21 8
0 38 21 5
38 144 21 3
144 58 21 3
58 149 21 5
149 148 21 5
148 162 21 5
162 182 21 3
182 0 21 0
22 5
0 103 22 4
103 158 22 4
158 93 22 4
93 195 22 3
195 0 22 0
23 4
0 166 23 3
166 27 23 3
27 133 23 3
133 0 23 0
24 6
0 144 24 5
144 131 24 4
131 187 24 4
187 180 24 4
180 141 24 4
141 0 24 0
25 3
0 166 25 4
166 146 25 5
146 0 25 0
26 7
0 145 26 3
145 189 26 3
189 151 26 5
151 175 26 3
175 91 26 5
91 67 26 3
67 0 26 0
27 2
0 115 27 4
115 0 27 0
28 5
0 145 28 4
145 151 28 4
151 22 28 5
22 193 28 5
193 0 28 0
29 3
0 75 29 3
75 141 29 3
141 0 29 0
