# Solution for ../instances-HHCRSP/InstanzVNS_HCSRP_300_2.txt
# Cost = 1943.71 Dist = 5742.94 Tard = 73.7206 TMax = 14.4709
# <vehicle> <route length>
# <origin node> <dest node> <vehicle> <service type>
0 13
0 161 0 0
161 146 0 1
146 287 0 1
287 108 0 1
108 14 0 0
14 91 0 0
91 284 0 0
284 265 0 0
265 277 0 1
277 82 0 1
82 256 0 1
256 128 0 1
128 0 0 0
1 13
0 154 1 2
154 193 1 1
193 54 1 1
54 147 1 1
147 133 1 1
133 145 1 1
145 196 1 1
196 66 1 2
66 34 1 2
34 270 1 1
270 149 1 1
149 65 1 2
65 0 1 0
2 6
0 199 2 0
199 293 2 0
293 83 2 0
83 7 2 0
7 185 2 0
185 0 2 0
3 10
0 251 3 2
251 189 3 2
189 275 3 2
275 198 3 2
198 276 3 2
276 294 3 2
294 36 3 2
36 40 3 2
40 296 3 2
296 0 3 0
4 13
0 39 4 1
39 120 4 1
120 123 4 1
123 3 4 2
3 38 4 1
38 59 4 2
59 43 4 2
43 260 4 2
260 92 4 1
92 300 4 2
300 273 4 1
273 264 4 2
264 0 4 0
5 14
0 96 5 1
96 177 5 1
177 290 5 0
290 46 5 0
46 116 5 0
116 295 5 1
295 117 5 1
117 57 5 0
57 271 5 0
271 291 5 1
291 32 5 0
32 6 5 0
6 279 5 1
279 0 5 0
6 16
0 254 6 2
254 11 6 2
11 259 6 2
259 255 6 1
255 182 6 1
182 136 6 2
136 2 6 0
2 257 6 1
257 261 6 0
261 31 6 1
31 286 6 2
286 114 6 0
114 281 6 2
281 280 6 2
280 285 6 1
285 0 6 0
7 4
0 121 7 2
121 100 7 2
100 90 7 2
90 0 7 0
8 3
0 115 8 0
115 288 8 0
288 0 8 0
9 2
0 175 9 0
175 0 9 0
10 1
0 0 10 0
11 10
0 9 11 1
9 17 11 1
17 162 11 2
162 131 11 1
131 191 11 1
191 44 11 1
44 267 11 1
267 4 11 1
4 268 11 2
268 0 11 0
12 2
0 16 12 2
16 0 12 0
13 19
0 258 13 1
258 172 13 2
172 132 13 1
132 263 13 2
263 173 13 2
173 168 13 2
168 289 13 0
289 269 13 0
269 113 13 1
113 103 13 2
103 160 13 1
160 41 13 2
41 282 13 1
282 15 13 2
15 21 13 0
21 12 13 2
12 253 13 0
253 42 13 1
42 0 13 0
14 5
0 299 14 1
299 278 14 1
278 298 14 1
298 166 14 1
166 0 14 0
15 16
0 297 15 1
297 272 15 0
272 26 15 0
26 283 15 0
283 138 15 1
138 129 15 1
129 45 15 0
45 262 15 0
262 167 15 2
167 105 15 0
105 10 15 0
10 292 15 1
292 179 15 0
179 106 15 0
106 165 15 1
165 0 15 0
16 18
0 71 16 1
71 67 16 0
67 72 16 2
72 61 16 2
61 266 16 2
266 274 16 2
274 252 16 0
252 80 16 1
80 140 16 1
140 158 16 1
158 19 16 2
19 159 16 2
159 180 16 0
180 33 16 1
33 197 16 2
197 56 16 1
56 97 16 2
97 0 16 0
17 2
0 157 17 2
157 0 17 0
18 16
0 190 18 4
190 137 18 3
137 275 18 4
275 110 18 5
110 276 18 5
276 294 18 5
294 99 18 4
99 22 18 3
22 85 18 4
85 271 18 4
271 95 18 3
95 291 18 3
291 24 18 4
24 178 18 5
178 223 18 3
223 0 18 0
19 17
0 227 19 3
227 287 19 5
287 218 19 3
218 48 19 3
48 135 19 5
135 240 19 3
240 284 19 4
284 265 19 4
265 195 19 3
195 101 19 3
101 76 19 3
76 232 19 3
232 55 19 5
55 150 19 4
150 111 19 4
111 79 19 3
79 0 19 0
20 11
0 227 20 4
227 218 20 5
218 266 20 4
266 122 20 3
122 252 20 5
252 25 20 4
25 232 20 5
232 139 20 3
139 47 20 4
47 279 20 5
279 0 20 0
21 17
0 251 21 5
251 236 21 3
236 62 21 4
62 248 21 3
248 220 21 4
220 141 21 4
141 30 21 4
30 112 21 5
112 260 21 4
260 169 21 5
169 233 21 3
233 219 21 4
219 87 21 4
87 300 21 5
300 142 21 4
142 20 21 5
20 0 21 0
22 4
0 210 22 4
210 60 22 5
60 298 22 4
298 0 22 0
23 2
0 210 23 5
210 0 23 0
24 17
0 230 24 3
230 241 24 4
241 93 24 3
93 290 24 3
290 127 24 5
127 163 24 5
163 98 24 4
98 119 24 5
119 194 24 5
194 51 24 5
51 295 24 4
295 152 24 3
152 233 24 4
233 219 24 5
219 273 24 4
273 264 24 5
264 0 24 0
25 17
0 230 25 5
230 241 25 5
241 299 25 4
299 50 25 5
50 126 25 5
126 293 25 4
293 248 25 4
248 220 25 5
220 52 25 4
52 211 25 4
211 228 25 3
228 249 25 3
249 102 25 3
102 63 25 4
63 143 25 4
143 245 25 3
245 0 25 0
26 18
0 206 26 4
206 242 26 3
242 208 26 3
208 259 26 3
259 203 26 3
203 94 26 5
94 171 26 4
171 222 26 3
222 81 26 3
81 58 26 4
58 183 26 3
183 226 26 4
226 148 26 3
148 237 26 4
237 235 26 4
235 268 26 3
268 217 26 4
217 0 26 0
27 12
0 206 27 5
206 242 27 4
242 208 27 4
208 255 27 4
255 49 27 4
49 27 27 4
27 124 27 4
124 246 27 4
246 68 27 4
68 205 27 4
205 184 27 5
184 0 27 0
28 13
0 254 28 5
254 186 28 4
186 107 28 4
107 236 28 4
236 211 28 5
211 228 28 4
228 249 28 4
249 164 28 5
164 64 28 3
64 192 28 4
192 86 28 3
86 69 28 4
69 0 28 0
29 17
0 231 29 3
231 214 29 3
214 258 29 3
258 212 29 4
212 243 29 3
243 151 29 3
151 144 29 5
144 156 29 5
156 257 29 3
257 261 29 5
261 250 29 3
250 18 29 3
18 153 29 3
153 35 29 4
35 270 29 3
270 187 29 5
187 0 29 0
30 16
0 231 30 4
231 214 30 5
214 272 30 5
272 283 30 3
283 170 30 3
170 246 30 3
246 5 30 3
5 84 30 4
84 282 30 3
282 209 30 3
209 109 30 5
109 262 30 5
262 213 30 3
213 78 30 3
78 205 30 3
205 0 30 0
31 15
0 297 31 4
297 212 31 5
212 243 31 4
243 263 31 5
263 244 31 5
244 204 31 5
204 73 31 3
73 239 31 3
239 229 31 3
229 188 31 3
188 134 31 4
134 250 31 4
250 286 31 3
286 285 31 5
285 0 31 0
32 16
0 104 32 3
104 207 32 4
207 203 32 4
203 222 32 4
222 75 32 5
75 216 32 4
216 29 32 3
29 234 32 3
234 209 32 4
209 213 32 4
213 202 32 5
202 176 32 4
176 281 32 5
281 280 32 4
280 155 32 4
155 0 32 0
33 16
0 225 33 3
225 1 33 4
1 221 33 4
221 77 33 4
77 174 33 3
174 244 33 3
244 204 33 3
204 239 33 4
239 229 33 4
229 88 33 3
88 202 33 4
202 292 33 4
292 74 33 4
74 130 33 3
130 253 33 3
253 0 33 0
34 5
0 53 34 4
53 247 34 3
247 201 34 3
201 224 34 3
224 0 34 0
35 14
0 89 35 5
89 207 35 5
207 181 35 5
181 8 35 3
8 240 35 5
240 289 35 4
289 269 35 4
269 216 35 5
216 234 35 5
234 226 35 5
226 237 35 5
237 235 35 5
235 217 35 5
217 0 35 0
36 16
0 225 36 5
225 221 36 5
221 28 36 5
28 200 36 5
200 118 36 4
118 274 36 3
274 13 36 4
13 125 36 4
125 267 36 5
267 238 36 4
238 201 36 4
201 224 36 5
224 288 36 5
288 256 36 5
256 245 36 4
245 0 36 0
37 10
0 278 37 3
278 247 37 5
247 277 37 5
277 23 37 5
23 37 37 3
37 296 37 3
296 238 37 5
238 70 37 5
70 223 37 5
223 0 37 0
38 2
0 215 38 3
215 0 38 0
39 2
0 215 39 5
215 0 39 0
