# Solution for ../instances-HHCRSP/InstanzVNS_HCSRP_300_8.txt
# Cost = 1614.12 Dist = 4837.33 Tard = 2.97339 TMax = 2.05997
# <vehicle> <route length>
# <origin node> <dest node> <vehicle> <service type>
0 13
0 168 0 1
168 195 0 1
195 33 0 1
33 185 0 1
185 40 0 0
40 53 0 1
53 44 0 1
44 166 0 1
166 267 0 1
267 51 0 0
51 300 0 1
300 174 0 0
174 0 0 0
1 15
0 104 1 2
104 55 1 0
55 22 1 1
22 274 1 1
274 186 1 2
186 298 1 2
298 262 1 1
262 107 1 1
107 259 1 1
259 98 1 0
98 127 1 2
127 150 1 2
150 16 1 0
16 160 1 0
160 0 1 0
2 17
0 281 2 0
281 135 2 0
135 145 2 0
145 188 2 0
188 117 2 2
117 291 2 0
291 62 2 0
62 296 2 2
296 167 2 2
167 76 2 0
76 277 2 2
277 269 2 0
269 263 2 0
263 93 2 2
93 109 2 0
109 113 2 2
113 0 2 0
3 3
0 179 3 2
179 287 3 2
287 0 3 0
4 10
0 87 4 1
87 261 4 1
261 92 4 1
92 102 4 2
102 23 4 2
23 36 4 1
36 159 4 2
159 6 4 2
6 12 4 2
12 0 4 0
5 12
0 197 5 1
197 57 5 1
57 161 5 1
161 68 5 2
68 126 5 1
126 282 5 2
282 279 5 2
279 32 5 1
32 295 5 1
295 283 5 2
283 258 5 2
258 0 5 0
6 13
0 284 6 0
284 112 6 0
112 11 6 0
11 268 6 0
268 74 6 0
74 173 6 0
173 297 6 0
297 94 6 0
94 78 6 0
78 90 6 0
90 270 6 0
270 129 6 0
129 0 6 0
7 6
0 272 7 2
272 91 7 2
91 192 7 2
192 253 7 2
253 264 7 2
264 0 7 0
8 10
0 286 8 1
286 45 8 2
45 75 8 1
75 132 8 0
132 164 8 2
164 294 8 2
294 280 8 0
280 120 8 0
120 72 8 0
72 0 8 0
9 12
0 60 9 2
60 170 9 2
170 275 9 2
275 151 9 2
151 178 9 1
178 58 9 2
58 252 9 1
252 77 9 2
77 276 9 1
276 257 9 1
257 255 9 1
255 0 9 0
10 6
0 10 10 0
10 130 10 0
130 95 10 0
95 158 10 0
158 5 10 0
5 0 10 0
11 4
0 293 11 2
293 256 11 2
256 56 11 2
56 0 11 0
12 4
0 260 12 2
260 278 12 2
278 289 12 2
289 0 12 0
13 21
0 42 13 0
42 134 13 0
134 65 13 0
65 125 13 0
125 266 13 2
266 285 13 2
285 254 13 1
254 149 13 0
149 288 13 2
288 290 13 1
290 196 13 2
196 119 13 0
119 187 13 2
187 13 13 2
13 105 13 2
105 48 13 1
48 46 13 2
46 73 13 0
73 181 13 1
181 103 13 2
103 0 13 0
14 9
0 271 14 0
271 17 14 0
17 21 14 0
21 139 14 0
139 172 14 1
172 115 14 1
115 100 14 0
100 251 14 0
251 0 14 0
15 7
0 299 15 1
299 54 15 1
54 66 15 1
66 292 15 0
292 156 15 1
156 81 15 0
81 0 15 0
16 10
0 110 16 1
110 138 16 1
138 131 16 1
131 4 16 1
4 71 16 1
71 273 16 1
273 27 16 1
27 18 16 1
18 265 16 1
265 0 16 0
17 1
0 0 17 0
18 17
0 281 18 4
281 232 18 3
232 184 18 5
184 216 18 3
216 230 18 4
230 266 18 5
266 205 18 3
205 285 18 4
285 254 18 4
254 290 18 4
290 262 18 3
262 227 18 3
227 220 18 4
220 99 18 5
99 157 18 5
157 88 18 5
88 0 18 0
19 17
0 245 19 3
245 247 19 3
247 233 19 4
233 59 19 3
59 297 19 3
297 282 19 5
282 279 19 5
279 223 19 3
223 28 19 3
28 203 19 3
203 142 19 4
142 283 19 3
283 30 19 5
30 270 19 4
270 258 19 4
258 146 19 3
146 0 19 0
20 15
0 245 20 5
245 247 20 5
247 233 20 5
233 50 20 4
50 86 20 4
86 136 20 3
136 106 20 4
106 239 20 3
239 141 20 4
141 224 20 4
224 85 20 3
85 287 20 3
287 226 20 3
226 169 20 4
169 0 20 0
21 14
0 232 21 4
232 216 21 4
216 230 21 5
230 219 21 4
219 82 21 4
82 205 21 5
205 288 21 5
288 217 21 5
217 118 21 5
118 225 21 3
225 89 21 4
89 280 21 4
280 246 21 4
246 0 21 0
22 19
0 241 22 4
241 49 22 5
49 286 22 3
286 70 22 5
70 231 22 3
231 207 22 3
207 250 22 3
250 1 22 4
1 291 22 5
291 296 22 3
296 180 22 4
180 69 22 3
69 234 22 3
234 228 22 4
228 238 22 4
238 152 22 4
152 265 22 3
265 229 22 3
229 0 22 0
23 12
0 241 23 5
241 218 23 3
218 202 23 4
202 212 23 3
212 201 23 3
201 111 23 5
111 3 23 4
3 259 23 5
259 213 23 4
213 79 23 3
79 80 23 5
80 0 23 0
24 10
0 261 24 4
261 221 24 3
221 15 24 4
15 244 24 3
244 2 24 4
2 214 24 4
214 206 24 4
206 29 24 3
29 101 24 4
101 0 24 0
25 13
0 284 25 5
284 61 25 4
61 182 25 5
182 143 25 3
143 177 25 3
177 38 25 4
38 242 25 4
242 223 25 4
223 133 25 4
133 203 25 5
203 67 25 5
67 257 25 4
257 0 25 0
26 13
0 222 26 3
222 231 26 4
231 207 26 5
207 250 26 4
250 194 26 4
194 114 26 5
114 37 26 5
37 277 26 3
277 31 26 5
31 176 26 5
176 210 26 3
210 255 26 5
255 0 26 0
27 14
0 222 27 4
222 108 27 3
108 43 27 4
43 211 27 3
211 204 27 4
204 137 27 4
137 24 27 4
24 237 27 4
237 47 27 4
47 298 27 3
298 217 27 4
217 300 27 4
300 39 27 4
39 0 27 0
28 17
0 8 28 5
8 189 28 3
189 211 28 5
211 204 28 3
204 25 28 5
25 193 28 3
193 34 28 5
34 237 28 3
237 294 28 3
294 83 28 3
83 267 28 3
267 225 28 5
225 234 28 5
234 228 28 5
228 238 28 3
238 246 28 3
246 0 28 0
29 10
0 218 29 4
218 202 29 5
202 212 29 4
212 201 29 5
201 128 29 4
128 165 29 5
165 122 29 5
122 273 29 4
273 213 29 5
213 0 29 0
30 15
0 209 30 5
209 26 30 3
26 116 30 5
116 14 30 5
14 63 30 5
63 190 30 3
190 239 30 5
239 295 30 3
295 175 30 5
175 214 30 5
214 206 30 3
206 253 30 5
253 144 30 5
144 264 30 3
264 0 30 0
31 10
0 209 31 4
209 271 31 5
271 84 31 4
84 208 31 5
208 9 31 5
9 224 31 5
224 154 31 5
154 251 31 4
251 52 31 4
52 0 31 0
32 14
0 199 32 5
199 7 32 3
7 97 32 4
97 121 32 3
121 64 32 3
64 219 32 5
219 274 32 5
274 171 32 5
171 227 32 4
227 220 32 5
220 35 32 4
35 153 32 5
153 229 32 4
229 0 32 0
33 11
0 272 33 5
272 268 33 5
268 155 33 3
155 19 33 3
19 183 33 4
183 148 33 4
148 208 33 3
208 20 33 3
20 147 33 4
147 226 33 5
226 0 33 0
34 6
0 249 34 4
249 236 34 4
236 240 34 4
240 215 34 4
215 210 34 4
210 0 34 0
35 11
0 163 35 5
163 248 35 3
248 235 35 3
235 292 35 5
292 260 35 5
260 124 35 3
124 140 35 5
140 162 35 3
162 191 35 3
191 41 35 5
41 0 35 0
36 8
0 200 36 3
200 248 36 4
248 235 36 4
235 278 36 4
278 96 36 5
96 289 36 3
289 243 36 3
243 0 36 0
37 7
0 293 37 4
293 221 37 5
221 256 37 5
256 244 37 5
244 276 37 5
276 123 37 4
123 0 37 0
38 10
0 249 38 3
249 236 38 5
236 240 38 5
240 215 38 5
215 275 38 5
275 242 38 5
242 269 38 4
269 252 38 3
252 263 38 3
263 0 38 0
39 4
0 299 39 5
299 198 39 4
198 243 39 5
243 0 39 0
