# Solution for ../instances-HHCRSP/InstanzVNS_HCSRP_200_6.txt
# Cost = 1346.7 Dist = 4027.82 Tard = 9.49375 TMax = 2.79097
# <vehicle> <route length>
# <origin node> <dest node> <vehicle> <service type>
0 15
0 198 0 2
198 195 0 1
195 60 0 2
60 13 0 0
13 173 0 2
173 134 0 0
134 94 0 0
94 61 0 1
61 24 0 1
24 196 0 1
196 109 0 0
109 12 0 2
12 73 0 2
73 176 0 2
176 0 0 0
1 11
0 67 1 2
67 97 1 2
97 20 1 2
20 188 1 2
188 3 1 2
3 186 1 2
186 40 1 2
40 129 1 2
129 99 1 2
99 175 1 2
175 0 1 0
2 15
0 183 2 1
183 66 2 0
66 4 2 0
4 47 2 2
47 192 2 2
192 53 2 1
53 127 2 1
127 190 2 2
190 126 2 1
126 174 2 1
174 113 2 0
113 114 2 0
114 172 2 0
172 80 2 1
80 0 2 0
3 13
0 122 3 1
122 36 3 1
36 31 3 2
31 30 3 2
30 22 3 2
22 139 3 2
139 92 3 2
92 59 3 1
59 111 3 1
111 121 3 1
121 119 3 2
119 112 3 1
112 0 3 0
4 11
0 16 4 0
16 5 4 1
5 131 4 0
131 193 4 0
193 2 4 0
2 103 4 0
103 77 4 0
77 78 4 0
78 26 4 0
26 76 4 1
76 0 4 0
5 8
0 44 5 0
44 90 5 0
90 199 5 0
199 41 5 0
41 181 5 0
181 132 5 0
132 179 5 0
179 0 5 0
6 9
0 178 6 2
178 194 6 2
194 64 6 2
64 197 6 2
197 133 6 2
133 128 6 2
128 98 6 2
98 79 6 2
79 0 6 0
7 14
0 43 7 1
43 25 7 2
25 82 7 2
82 51 7 2
51 104 7 1
104 19 7 1
19 189 7 2
189 23 7 1
23 58 7 1
58 15 7 1
15 1 7 1
1 191 7 2
191 106 7 1
106 0 7 0
8 6
0 124 8 2
124 200 8 1
200 187 8 2
187 116 8 2
116 85 8 1
85 0 8 0
9 12
0 171 9 0
171 33 9 0
33 95 9 1
95 18 9 0
18 184 9 1
184 182 9 0
182 136 9 0
136 185 9 1
185 72 9 0
72 177 9 1
177 180 9 1
180 0 9 0
10 8
0 198 10 3
198 195 10 3
195 138 10 3
138 65 10 3
65 153 10 3
153 52 10 3
52 149 10 3
149 0 10 0
11 13
0 11 11 4
11 144 11 3
144 141 11 3
141 84 11 5
84 158 11 3
158 192 11 4
192 38 11 5
38 87 11 5
87 155 11 4
155 150 11 4
150 168 11 3
168 110 11 3
110 0 11 0
12 6
0 146 12 5
146 167 12 5
167 164 12 5
164 142 12 5
142 156 12 5
156 0 12 0
13 12
0 7 13 5
7 154 13 3
154 148 13 3
148 140 13 5
140 193 13 3
193 162 13 3
162 177 13 5
177 69 13 3
69 125 13 3
125 169 13 3
169 14 13 3
14 0 13 0
14 10
0 159 14 5
159 154 14 5
154 148 14 5
148 130 14 3
130 105 14 5
105 170 14 3
170 147 14 3
147 180 14 5
180 169 14 5
169 0 14 0
15 5
0 6 15 5
6 45 15 5
45 160 15 3
160 187 15 5
187 0 15 0
16 8
0 146 16 4
146 167 16 4
167 164 16 4
164 81 16 4
81 181 16 4
181 142 16 4
142 156 16 4
156 0 16 0
17 4
0 56 17 5
56 143 17 5
143 86 17 5
86 0 17 0
18 17
0 183 18 4
183 27 18 4
27 93 18 5
93 55 18 4
55 8 18 4
8 184 18 5
184 182 18 4
182 21 18 3
21 71 18 5
71 9 18 4
9 170 18 5
170 147 18 5
147 117 18 4
117 118 18 4
118 115 18 5
115 175 18 3
175 0 18 0
19 14
0 159 19 4
159 49 19 4
49 137 19 5
137 162 19 4
162 91 19 4
91 32 19 4
32 120 19 5
120 185 19 4
185 108 19 4
108 149 19 5
149 135 19 4
135 166 19 4
166 123 19 3
123 0 19 0
20 12
0 50 20 3
50 143 20 3
143 54 20 3
54 39 20 5
39 63 20 3
63 68 20 5
68 83 20 4
83 75 20 4
75 70 20 3
70 96 20 3
96 42 20 4
42 0 20 0
21 12
0 165 21 5
165 157 21 5
157 152 21 5
152 17 21 5
17 188 21 3
188 145 21 3
145 163 21 3
163 28 21 5
28 189 21 3
189 102 21 5
102 166 21 5
166 0 21 0
22 14
0 165 22 4
165 157 22 4
157 171 22 4
171 152 22 4
152 48 22 4
48 89 22 4
89 173 22 4
173 74 22 5
74 107 22 4
107 186 22 5
186 196 22 3
196 101 22 3
101 172 22 5
172 0 22 0
23 13
0 151 23 4
151 144 23 5
144 141 23 5
141 158 23 4
158 153 23 4
153 46 23 4
46 100 23 4
100 190 23 5
190 174 23 5
174 155 23 5
155 150 23 5
150 168 23 5
168 0 23 0
24 11
0 151 24 5
151 35 24 5
35 88 24 4
88 62 24 4
62 194 24 3
194 145 24 4
145 163 24 4
163 29 24 3
29 191 24 5
191 176 24 5
176 0 24 0
25 5
0 200 25 3
200 161 25 3
161 179 25 3
179 10 25 5
10 0 25 0
26 1
0 0 26 0
27 3
0 37 27 4
37 34 27 5
34 0 27 0
28 6
0 178 28 4
178 160 28 5
160 199 28 4
199 197 28 4
197 57 28 3
57 0 28 0
29 2
0 161 29 4
161 0 29 0
