# Solution for ../instances-HHCRSP/InstanzVNS_HCSRP_300_10.txt
# Cost = 1952.61 Dist = 5849.31 Tard = 5.44404 TMax = 3.06365
# <vehicle> <route length>
# <origin node> <dest node> <vehicle> <service type>
0 18
0 273 0 0
273 256 0 0
256 125 0 1
125 138 0 0
138 165 0 0
165 298 0 0
298 19 0 1
19 282 0 0
282 161 0 0
161 294 0 1
294 139 0 1
139 173 0 1
173 177 0 0
177 297 0 1
297 281 0 0
281 60 0 0
60 47 0 0
47 0 0 0
1 13
0 63 1 2
63 61 1 2
61 144 1 2
144 34 1 2
34 296 1 2
296 126 1 2
126 27 1 2
27 288 1 2
288 157 1 2
157 133 1 2
133 30 1 2
30 59 1 2
59 0 1 0
2 8
0 102 2 2
102 254 2 2
254 259 2 2
259 24 2 2
24 32 2 2
32 299 2 2
299 31 2 2
31 0 2 0
3 9
0 141 3 1
141 274 3 1
274 35 3 1
35 268 3 1
268 262 3 1
262 111 3 1
111 132 3 1
132 186 3 1
186 0 3 0
4 10
0 159 4 2
159 124 4 2
124 80 4 2
80 129 4 2
129 293 4 2
293 300 4 2
300 197 4 2
197 29 4 2
29 28 4 2
28 0 4 0
5 12
0 148 5 0
148 257 5 0
257 276 5 0
276 2 5 0
2 265 5 0
265 279 5 0
279 252 5 0
252 44 5 0
44 95 5 0
95 291 5 0
291 48 5 0
48 0 5 0
6 9
0 292 6 2
292 70 6 2
70 57 6 2
57 171 6 2
171 107 6 2
107 137 6 2
137 179 6 2
179 164 6 2
164 0 6 0
7 13
0 267 7 1
267 11 7 1
11 158 7 1
158 264 7 1
264 64 7 1
64 295 7 1
295 191 7 2
191 269 7 2
269 166 7 2
166 272 7 2
272 42 7 1
42 43 7 2
43 0 7 0
8 14
0 163 8 0
163 94 8 1
94 113 8 0
113 50 8 1
50 18 8 1
18 151 8 0
151 99 8 0
99 275 8 1
275 284 8 0
284 66 8 0
66 14 8 0
14 286 8 0
286 196 8 0
196 0 8 0
9 2
0 253 9 2
253 0 9 0
10 7
0 22 10 1
22 266 10 1
266 170 10 1
170 26 10 1
26 36 10 1
36 77 10 1
77 0 10 0
11 10
0 89 11 0
89 287 11 0
287 58 11 0
58 84 11 0
84 83 11 0
83 156 11 0
156 190 11 0
190 122 11 0
122 283 11 0
283 0 11 0
12 13
0 176 12 0
176 290 12 0
290 33 12 0
33 289 12 0
289 174 12 0
174 198 12 0
198 62 12 0
62 263 12 1
263 91 12 1
91 153 12 0
153 270 12 0
270 251 12 0
251 0 12 0
13 15
0 104 13 0
104 4 13 0
4 7 13 1
7 147 13 0
147 105 13 1
105 16 13 0
16 118 13 0
118 182 13 1
182 277 13 1
277 152 13 0
152 187 13 1
187 162 13 1
162 278 13 1
278 285 13 1
285 0 13 0
14 2
0 142 14 2
142 0 14 0
15 13
0 103 15 1
103 271 15 2
271 90 15 1
90 108 15 2
108 143 15 2
143 258 15 1
258 260 15 1
260 154 15 1
154 255 15 2
255 261 15 1
261 280 15 2
280 40 15 1
40 0 15 0
16 1
0 0 16 0
17 1
0 0 17 0
18 15
0 106 18 3
106 188 18 3
188 5 18 4
5 213 18 3
213 293 18 3
293 216 18 3
216 219 18 3
219 202 18 4
202 250 18 3
250 229 18 3
229 215 18 4
215 299 18 4
299 283 18 5
283 233 18 3
233 0 18 0
19 17
0 273 19 5
273 175 19 5
175 256 19 3
256 230 19 3
230 38 19 4
38 119 19 4
119 279 19 4
279 252 19 5
252 79 19 5
79 220 19 3
220 238 19 3
238 72 19 4
72 212 19 3
212 281 19 5
281 239 19 4
239 206 19 3
206 0 19 0
20 14
0 78 20 3
78 3 20 3
3 123 20 3
123 140 20 3
140 264 20 3
264 247 20 3
247 289 20 3
289 236 20 4
236 243 20 4
243 245 20 3
245 116 20 4
116 208 20 4
208 222 20 4
222 0 20 0
21 17
0 227 21 3
227 267 21 5
267 290 21 5
290 150 21 5
150 181 21 4
181 247 21 5
247 136 21 5
136 236 21 5
236 295 21 5
295 245 21 4
245 269 21 4
269 199 21 5
199 74 21 5
74 231 21 3
231 114 21 4
114 121 21 4
121 0 21 0
22 17
0 227 22 5
227 240 22 4
240 228 22 3
228 37 22 4
37 130 22 3
130 221 22 3
221 230 22 5
230 68 22 5
68 86 22 5
86 258 22 3
258 260 22 4
260 282 22 5
282 220 22 5
220 238 22 4
238 98 22 4
98 233 22 5
233 0 22 0
23 11
0 241 23 3
241 15 23 3
15 20 23 4
20 207 23 3
207 234 23 3
234 135 23 3
135 261 23 3
261 280 23 3
280 210 23 3
210 270 23 3
270 0 23 0
24 7
0 76 24 3
76 253 24 3
253 224 24 3
224 225 24 3
225 262 24 3
262 205 24 3
205 0 24 0
25 18
0 241 25 4
241 192 25 5
192 211 25 3
211 246 25 3
246 93 25 3
93 131 25 4
131 203 25 3
203 242 25 3
242 232 25 4
232 243 25 5
243 69 25 5
69 277 25 4
277 193 25 3
193 1 25 3
1 272 25 5
272 208 25 5
208 222 25 5
222 0 25 0
26 12
0 287 26 5
287 85 26 4
85 274 26 5
274 217 26 3
217 97 26 3
97 268 26 3
268 65 26 4
65 128 26 4
128 82 26 4
82 291 26 4
291 54 26 5
54 0 26 0
27 3
0 257 27 3
257 249 27 3
249 0 27 0
28 12
0 204 28 4
204 213 28 4
213 71 28 4
71 216 28 5
216 219 28 4
219 215 28 5
215 275 28 5
275 168 28 5
168 92 28 5
92 286 28 4
286 205 28 4
205 0 28 0
29 16
0 204 29 5
204 240 29 5
240 228 29 5
228 221 29 4
221 298 29 4
298 185 29 4
185 88 29 5
88 9 29 3
9 214 29 4
214 294 29 5
294 109 29 5
109 51 29 5
51 297 29 4
297 160 29 3
160 200 29 4
200 0 29 0
30 13
0 49 30 5
49 276 30 5
276 259 30 5
259 223 30 5
223 127 30 5
127 265 30 3
265 202 30 3
202 250 30 5
250 229 30 5
229 212 30 5
212 239 30 5
239 206 30 5
206 0 30 0
31 13
0 101 31 3
101 100 31 5
100 189 31 3
189 53 31 3
53 110 31 5
110 300 31 3
300 117 31 3
117 41 31 5
41 224 31 4
224 225 31 5
225 25 31 5
25 284 31 4
284 0 31 0
32 15
0 254 32 5
254 12 32 5
12 134 32 4
134 223 32 4
223 195 32 3
195 207 32 4
207 234 32 4
234 81 32 3
81 255 32 5
255 184 32 5
184 201 32 3
201 56 32 5
56 231 32 4
231 67 32 4
67 0 32 0
33 11
0 218 33 3
218 194 33 4
194 73 33 4
73 87 33 5
87 183 33 3
183 169 33 5
169 46 33 5
46 146 33 4
146 55 33 5
55 237 33 3
237 0 33 0
34 6
0 218 34 4
218 172 34 5
172 226 34 4
226 209 34 4
209 244 34 4
244 0 34 0
35 14
0 45 35 4
45 149 35 4
149 211 35 5
211 246 35 5
246 266 35 5
266 52 35 5
52 214 35 5
214 235 35 3
235 248 35 4
248 75 35 5
75 112 35 4
112 21 35 5
21 10 35 4
10 0 35 0
36 6
0 249 36 5
249 217 36 4
217 17 36 4
17 209 36 5
209 244 36 5
244 0 36 0
37 16
0 180 37 3
180 155 37 5
155 39 37 3
39 8 37 4
8 296 37 3
296 145 37 4
145 23 37 3
23 6 37 4
6 178 37 3
178 167 37 3
167 235 37 5
235 248 37 5
248 278 37 5
278 285 37 5
285 13 37 3
13 0 37 0
38 14
0 115 38 3
115 292 38 4
292 271 38 5
271 120 38 4
120 203 38 4
203 242 38 5
242 232 38 5
232 263 38 4
263 288 38 5
288 96 38 3
96 201 38 4
201 210 38 5
210 251 38 4
251 0 38 0
39 3
0 226 39 5
226 237 39 5
237 0 39 0
