# Solution for ../instances-HHCRSP/InstanzVNS_HCSRP_300_2.txt
# Cost = 1907.76 Dist = 5699.93 Tard = 18.2235 TMax = 5.13925
# <vehicle> <route length>
# <origin node> <dest node> <vehicle> <service type>
0 13
0 145 0 1
145 182 0 1
182 255 0 1
255 289 0 0
289 252 0 0
252 180 0 0
180 56 0 1
56 271 0 0
271 291 0 1
291 32 0 0
32 6 0 0
6 279 0 1
279 0 0 0
1 19
0 258 1 1
258 11 1 2
11 147 1 1
147 259 1 2
259 133 1 1
133 41 1 2
41 103 1 2
103 160 1 1
160 282 1 1
282 138 1 1
138 196 1 1
196 66 1 2
66 129 1 1
129 65 1 2
65 292 1 1
292 165 1 1
165 268 1 2
268 4 1 1
4 0 1 0
2 6
0 293 2 0
293 290 2 0
290 83 2 0
83 7 2 0
7 185 2 0
185 0 2 0
3 7
0 251 3 2
251 275 3 2
275 198 3 2
198 294 3 2
294 197 3 2
197 97 3 2
97 0 3 0
4 19
0 297 4 1
297 146 4 1
146 276 4 2
276 287 4 1
287 108 4 1
108 173 4 2
173 61 4 2
61 266 4 2
266 274 4 2
274 158 4 1
158 140 4 1
140 167 4 2
167 80 4 1
80 159 4 2
159 19 4 2
19 281 4 2
281 280 4 2
280 285 4 1
285 0 4 0
5 11
0 96 5 1
96 46 5 0
46 177 5 1
177 295 5 1
295 117 5 1
117 17 5 1
17 33 5 1
33 57 5 0
57 288 5 0
288 256 5 1
256 0 5 0
6 13
0 193 6 1
193 161 6 0
161 14 6 0
14 54 6 1
54 284 6 0
284 72 6 2
72 113 6 1
113 267 6 1
267 12 6 2
12 21 6 0
21 253 6 0
253 42 6 1
42 0 6 0
7 2
0 16 7 2
16 0 7 0
8 12
0 272 8 0
272 283 8 0
283 26 8 0
26 91 8 0
91 269 8 0
269 262 8 0
262 45 8 0
45 10 8 0
10 105 8 0
105 106 8 0
106 179 8 0
179 0 8 0
9 2
0 175 9 0
175 0 9 0
10 1
0 0 10 0
11 12
0 254 11 2
254 162 11 2
162 9 11 1
9 71 11 1
71 131 11 1
131 44 11 1
44 36 11 2
36 40 11 2
40 191 11 1
191 296 11 2
296 128 11 1
128 0 11 0
12 4
0 121 12 2
121 100 12 2
100 90 12 2
90 0 12 0
13 15
0 299 13 1
299 199 13 0
199 189 13 2
189 59 13 2
59 3 13 2
3 123 13 1
123 92 13 1
92 43 13 2
43 260 13 2
260 116 13 0
116 38 13 1
38 264 13 2
264 300 13 2
300 273 13 1
273 0 13 0
14 6
0 39 14 1
39 120 14 1
120 278 14 1
278 298 14 1
298 166 14 1
166 0 14 0
15 7
0 154 15 2
154 115 15 0
115 67 15 0
67 265 15 0
265 277 15 1
277 82 15 1
82 0 15 0
16 16
0 132 16 1
132 168 16 2
168 263 16 2
263 172 16 2
172 136 16 2
136 2 16 0
2 257 16 1
257 261 16 0
261 31 16 1
31 114 16 0
114 286 16 2
286 270 16 1
270 34 16 2
34 149 16 1
149 15 16 2
15 0 16 0
17 2
0 157 17 2
157 0 17 0
18 18
0 258 18 3
258 174 18 3
174 212 18 4
212 243 18 3
243 151 18 3
151 244 18 3
244 144 18 5
144 156 18 5
156 257 18 3
257 261 18 5
261 18 18 3
18 153 18 3
153 250 18 3
250 286 18 3
286 270 18 3
270 285 18 5
285 176 18 4
176 0 18 0
19 16
0 212 19 5
212 243 19 4
243 263 19 5
263 244 19 5
244 88 19 3
88 229 19 3
229 204 19 3
204 239 19 3
239 262 19 5
262 213 19 3
213 202 19 4
202 292 19 4
292 74 19 4
74 205 19 3
205 130 19 3
130 0 19 0
20 18
0 231 20 3
231 272 20 5
272 259 20 3
259 94 20 5
94 255 20 4
255 208 20 3
208 73 20 3
73 229 20 4
229 204 20 5
204 239 20 4
239 187 20 5
187 188 20 3
188 134 20 4
134 250 20 4
250 281 20 5
281 280 20 4
280 155 20 4
155 0 20 0
21 20
0 231 21 4
231 283 21 3
283 206 21 4
206 214 21 3
214 242 21 3
242 208 21 4
208 49 21 4
49 27 21 4
27 246 21 3
246 5 21 3
5 84 21 4
84 282 21 3
282 209 21 3
209 234 21 3
234 237 21 4
237 148 21 3
148 226 21 4
226 253 21 3
253 184 21 5
184 0 21 0
22 14
0 297 22 4
297 77 22 4
77 221 22 4
221 28 22 5
28 13 22 4
13 218 22 3
218 266 22 4
266 274 22 3
274 252 22 5
252 122 22 3
122 25 22 4
25 232 22 3
232 47 22 4
47 0 22 0
23 4
0 210 23 5
210 60 23 5
60 215 23 5
215 0 23 0
24 15
0 293 24 4
293 152 24 3
152 51 24 5
51 295 24 4
295 194 24 5
194 119 24 5
119 98 24 4
98 95 24 3
95 233 24 3
233 219 24 4
219 87 24 4
87 142 24 4
142 300 24 5
300 273 24 4
273 0 24 0
25 15
0 210 25 4
210 241 25 4
241 299 25 4
299 228 25 3
228 211 25 4
211 186 25 4
186 107 25 4
107 236 25 3
236 238 25 4
238 296 25 3
296 224 25 3
224 201 25 3
201 288 25 5
288 256 25 5
256 0 25 0
26 15
0 251 26 5
251 1 26 4
1 276 26 5
276 287 26 5
287 221 26 5
221 200 26 5
200 118 26 4
118 125 26 4
125 22 26 3
22 85 26 4
85 271 26 4
271 291 26 3
291 178 26 5
178 223 26 3
223 0 26 0
27 16
0 254 27 5
254 227 27 4
227 240 27 5
240 181 27 5
181 75 27 5
75 203 27 4
203 222 27 4
222 171 27 4
171 216 27 4
216 109 27 5
109 213 27 4
213 202 27 5
202 111 27 4
111 150 27 4
150 235 27 4
235 0 27 0
28 14
0 230 28 3
230 93 28 3
93 275 28 4
275 110 28 5
110 163 28 5
163 127 28 5
127 112 28 5
112 260 28 4
260 169 28 5
169 233 28 4
233 219 28 5
219 264 28 5
264 20 28 5
20 0 28 0
29 10
0 230 29 5
230 241 29 5
241 50 29 5
50 126 29 5
126 248 29 3
248 30 29 4
30 220 29 5
220 63 29 4
63 143 29 4
143 0 29 0
30 17
0 104 30 3
104 227 30 3
227 240 30 3
240 135 30 5
135 289 30 4
289 48 30 3
48 218 30 5
218 269 30 4
269 216 30 5
216 29 30 3
29 209 30 4
209 234 30 5
234 58 30 4
58 235 30 5
235 268 30 3
268 217 30 4
217 0 30 0
31 13
0 207 31 4
207 8 31 3
8 206 31 5
206 214 31 5
214 242 31 4
242 170 31 3
170 246 31 4
246 68 31 4
68 124 31 4
124 35 31 4
35 78 31 3
78 205 31 4
205 0 31 0
32 11
0 207 32 5
207 81 32 3
81 203 32 3
203 222 32 3
222 183 32 3
183 284 32 4
284 265 32 4
265 237 32 5
237 226 32 5
226 217 32 5
217 0 32 0
33 11
0 225 33 3
225 137 33 3
137 290 33 3
290 190 33 4
190 141 33 4
141 248 33 4
248 220 33 4
220 52 33 4
52 249 33 3
249 245 33 3
245 0 33 0
34 4
0 53 34 4
53 247 34 3
247 215 34 3
215 0 34 0
35 9
0 89 35 5
89 228 35 4
228 211 35 5
211 62 35 4
62 236 35 4
236 238 35 5
238 224 35 5
224 201 35 4
201 0 35 0
36 12
0 225 36 5
225 99 36 4
99 294 36 5
294 76 36 3
76 101 36 3
101 267 36 5
267 79 36 3
79 55 36 5
55 232 36 5
232 139 36 3
139 24 36 4
24 0 36 0
37 10
0 278 37 3
278 247 37 5
247 277 37 5
277 23 37 5
23 195 37 3
195 37 37 3
37 70 37 5
70 279 37 5
279 223 37 5
223 0 37 0
38 6
0 298 38 4
298 86 38 3
86 69 38 4
69 192 38 4
192 64 38 3
64 0 38 0
39 5
0 164 39 5
164 102 39 3
102 249 39 4
249 245 39 4
245 0 39 0
