# Solution for ../instances-HHCRSP/InstanzVNS_HCSRP_100_1.txt
# Cost = 1347.41 Dist = 2788.73 Tard = 1029.63 TMax = 223.883
# <vehicle> <route length>
# <origin node> <dest node> <vehicle> <service type>
0 18
0 33 0 0
33 56 0 1
56 47 0 0
47 86 0 0
86 94 0 0
94 15 0 0
15 48 0 0
48 100 0 0
100 90 0 0
90 66 0 0
66 61 0 0
61 18 0 0
18 38 0 0
38 92 0 0
92 19 0 0
19 46 0 0
46 55 0 0
55 0 0 0
1 13
0 42 1 2
42 31 1 1
31 43 1 1
43 98 1 2
98 70 1 2
70 95 1 2
95 13 1 1
13 87 1 2
87 67 1 2
67 89 1 2
89 58 1 1
58 21 1 2
21 0 1 0
2 9
0 91 2 2
91 62 2 1
62 60 2 2
60 97 2 1
97 30 2 2
30 99 2 2
99 11 2 1
11 53 2 2
53 0 2 0
3 9
0 88 3 2
88 17 3 2
17 5 3 2
5 22 3 2
22 57 3 2
57 25 3 2
25 59 3 2
59 7 3 2
7 0 3 0
4 2
0 40 4 2
40 0 4 0
5 6
0 12 5 1
12 41 5 1
41 3 5 1
3 93 5 1
93 96 5 1
96 0 5 0
6 1
0 0 6 0
7 12
0 83 7 4
83 52 7 3
52 84 7 4
84 85 7 3
85 26 7 5
26 73 7 3
73 4 7 3
4 74 7 3
74 32 7 4
32 75 7 3
75 51 7 4
51 0 7 0
8 9
0 83 8 5
83 98 8 4
98 84 8 5
84 85 8 4
85 73 8 5
73 82 8 4
82 87 8 5
87 92 8 4
92 0 8 0
9 7
0 49 9 4
49 86 9 4
86 90 9 4
90 93 9 5
93 96 9 4
96 28 9 5
28 0 9 0
10 13
0 14 10 3
14 27 10 4
27 65 10 4
65 94 10 4
94 39 10 3
39 16 10 4
16 100 10 3
100 77 10 4
77 76 10 3
76 64 10 3
64 80 10 4
80 72 10 3
72 0 10 0
11 14
0 81 11 3
81 45 11 3
45 54 11 3
54 24 11 5
24 79 11 3
79 71 11 3
71 6 11 4
6 23 11 4
23 63 11 4
63 77 11 5
77 76 11 4
76 29 11 3
29 99 11 5
99 0 11 0
12 10
0 81 12 4
81 91 12 3
91 37 12 3
37 20 12 5
20 79 12 4
79 71 12 4
71 97 12 4
97 36 12 3
36 69 12 5
69 0 12 0
13 8
0 10 13 4
10 88 13 3
88 68 13 4
68 2 13 4
2 78 13 3
78 34 13 4
34 44 13 3
44 0 13 0
14 7
0 50 14 5
50 78 14 5
78 35 14 5
35 1 14 3
1 80 14 3
80 72 14 5
72 0 14 0
15 7
0 8 15 4
8 95 15 4
95 82 15 3
82 74 15 5
74 89 15 4
89 75 15 5
75 0 15 0
16 1
0 0 16 0
17 1
0 0 17 0
18 2
0 9 18 4
9 0 18 0
19 1
0 0 19 0
