# Solution for ../instances-HHCRSP/InstanzVNS_HCSRP_300_4.txt
# Cost = 1598.46 Dist = 4762.49 Tard = 25.2689 TMax = 7.60639
# <vehicle> <route length>
# <origin node> <dest node> <vehicle> <service type>
0 11
0 90 0 1
90 139 0 1
139 55 0 1
55 279 0 0
279 191 0 1
191 262 0 0
262 290 0 0
290 99 0 1
99 288 0 0
288 292 0 0
292 0 0 0
1 6
0 285 1 0
285 263 1 0
263 186 1 0
186 44 1 0
44 18 1 0
18 0 1 0
2 11
0 7 2 1
7 168 2 1
168 94 2 1
94 155 2 1
155 268 2 1
268 24 2 1
24 108 2 0
108 132 2 1
132 296 2 0
296 65 2 1
65 0 2 0
3 16
0 261 3 2
261 259 3 1
259 1 3 2
1 128 3 2
128 260 3 0
260 297 3 2
297 281 3 2
281 192 3 1
192 62 3 0
62 41 3 0
41 276 3 1
276 64 3 0
64 142 3 1
142 111 3 1
111 11 3 2
11 0 3 0
4 14
0 283 4 2
283 15 4 2
15 33 4 0
33 122 4 2
122 284 4 2
284 149 4 0
149 16 4 0
16 185 4 2
185 98 4 2
98 127 4 0
127 63 4 0
63 86 4 2
86 112 4 2
112 0 4 0
5 15
0 287 5 2
287 71 5 1
71 13 5 2
13 158 5 2
158 264 5 2
264 271 5 2
271 254 5 1
254 12 5 2
12 25 5 1
25 135 5 1
135 76 5 2
76 184 5 2
184 282 5 2
282 36 5 1
36 0 5 0
6 16
0 77 6 1
77 144 6 2
144 92 6 1
92 50 6 0
50 257 6 2
257 166 6 2
166 84 6 2
84 146 6 1
146 280 6 0
280 162 6 0
162 102 6 0
102 255 6 2
255 137 6 1
137 148 6 2
148 286 6 1
286 0 6 0
7 7
0 251 7 2
251 183 7 2
183 277 7 2
277 87 7 2
87 258 7 2
258 34 7 2
34 0 7 0
8 12
0 160 8 1
160 51 8 2
51 106 8 2
106 278 8 1
278 176 8 2
176 173 8 1
173 253 8 1
253 81 8 1
81 17 8 1
17 167 8 1
167 95 8 1
95 0 8 0
9 2
0 195 9 2
195 0 9 0
10 13
0 270 10 1
270 174 10 1
174 273 10 2
273 289 10 2
289 163 10 1
163 88 10 2
88 197 10 2
197 269 10 1
269 72 10 2
72 56 10 2
56 299 10 2
299 256 10 1
256 0 10 0
11 4
0 157 11 0
157 293 11 0
293 120 11 0
120 0 11 0
12 13
0 300 12 0
300 266 12 0
266 105 12 0
105 123 12 2
123 20 12 0
20 125 12 2
125 121 12 0
121 85 12 0
85 178 12 0
178 89 12 2
89 291 12 0
291 265 12 0
265 0 12 0
13 8
0 69 13 0
69 275 13 2
275 39 13 0
39 113 13 2
113 100 13 0
100 140 13 1
140 252 13 1
252 0 13 0
14 8
0 170 14 0
170 298 14 0
298 54 14 0
54 295 14 0
295 181 14 0
181 165 14 0
165 294 14 0
294 0 14 0
15 4
0 152 15 2
152 47 15 2
47 14 15 2
14 0 15 0
16 8
0 40 16 1
40 267 16 1
267 272 16 1
272 274 16 1
274 10 16 1
10 109 16 1
109 193 16 1
193 0 16 0
17 3
0 130 17 0
130 9 17 0
9 0 17 0
18 17
0 261 18 4
261 226 18 3
226 259 18 5
259 212 18 3
212 239 18 3
239 243 18 3
243 237 18 4
237 96 18 3
96 235 18 4
235 223 18 3
223 240 18 3
240 276 18 3
276 225 18 3
225 3 18 3
3 236 18 3
236 256 18 5
256 0 18 0
19 12
0 226 19 5
226 23 19 4
23 212 19 4
212 239 19 5
239 243 19 4
243 297 19 5
297 281 19 5
281 104 19 4
104 208 19 4
208 61 19 4
61 218 19 4
218 0 19 0
20 10
0 42 20 4
42 202 20 4
202 231 20 4
231 285 20 3
285 204 20 3
204 46 20 4
46 21 20 5
21 53 20 5
53 207 20 3
207 0 20 0
21 11
0 202 21 5
202 231 21 5
231 263 21 5
263 246 21 4
246 245 21 5
245 201 21 4
201 153 21 4
153 280 21 5
280 205 21 4
205 252 21 4
252 0 21 0
22 16
0 283 22 5
283 48 22 5
48 30 22 5
30 59 22 4
59 131 22 4
131 245 22 3
245 201 22 5
201 241 22 4
241 232 22 4
232 29 22 5
29 19 22 4
19 205 22 5
205 5 22 3
5 224 22 3
224 182 22 3
182 0 22 0
23 12
0 145 23 4
145 242 23 3
242 211 23 4
211 147 23 5
147 209 23 3
209 267 23 3
267 272 23 4
272 107 23 3
107 229 23 4
229 221 23 4
221 292 23 4
292 0 23 0
24 6
0 242 24 4
242 211 24 5
211 209 24 4
209 229 24 5
229 221 24 5
221 0 24 0
25 19
0 116 25 3
116 287 25 3
287 6 25 3
6 164 25 3
164 248 25 4
248 213 25 3
213 227 25 3
227 278 25 3
278 126 25 4
126 298 25 3
298 175 25 4
175 199 25 5
199 210 25 3
210 37 25 4
37 79 25 4
79 8 25 4
8 296 25 4
296 207 25 5
207 0 25 0
26 13
0 206 26 3
206 230 26 3
230 179 26 3
179 300 26 3
300 273 26 4
273 266 26 5
266 45 26 3
45 143 26 5
143 156 26 3
156 269 26 4
269 129 26 5
129 78 26 3
78 0 26 0
27 14
0 206 27 5
206 230 27 5
230 270 27 5
270 289 27 3
289 49 27 4
49 68 27 3
68 216 27 4
216 254 27 5
254 217 27 3
217 219 27 4
219 210 27 5
210 67 27 3
67 282 27 3
282 0 27 0
28 19
0 161 28 5
161 228 28 3
228 244 28 3
244 251 28 5
251 196 28 5
196 134 28 3
134 279 28 3
279 31 28 4
31 73 28 3
73 83 28 5
83 171 28 4
171 220 28 3
220 222 28 4
222 249 28 3
249 294 28 4
294 250 28 3
250 265 28 4
265 136 28 3
136 0 28 0
29 16
0 228 29 5
228 244 29 4
244 194 29 4
194 190 29 3
190 198 29 4
198 114 29 5
114 290 29 5
290 277 29 5
277 119 29 3
119 35 29 3
35 150 29 4
150 288 29 3
288 258 29 3
258 118 29 3
118 225 29 5
225 0 29 0
30 13
0 248 30 5
248 213 30 5
213 227 30 4
227 264 30 4
264 271 30 3
271 216 30 5
216 217 30 5
217 219 30 5
219 110 30 5
110 159 30 3
159 250 30 4
250 57 30 4
57 0 30 0
31 14
0 97 31 4
97 52 31 5
52 82 31 3
82 58 31 3
58 275 31 5
275 246 31 5
246 204 31 5
204 257 31 3
257 180 31 3
180 268 31 5
268 138 31 4
138 133 31 3
133 154 31 3
154 0 31 0
32 15
0 203 32 5
203 32 32 3
32 66 32 3
66 74 32 5
74 238 32 3
238 262 32 5
262 214 32 3
214 117 32 3
117 169 32 5
169 220 32 5
220 222 32 5
222 249 32 5
249 291 32 5
291 218 32 5
218 0 32 0
33 14
0 203 33 4
203 177 33 4
177 238 33 5
238 214 33 4
214 60 33 4
60 260 33 4
260 237 33 5
237 235 33 5
235 223 33 5
223 240 33 5
240 208 33 5
208 299 33 3
299 236 33 4
236 0 33 0
34 9
0 27 34 3
27 80 34 5
80 187 34 3
187 241 34 3
241 232 34 5
232 234 34 3
234 233 34 5
233 274 34 5
274 0 34 0
35 9
0 215 35 3
215 38 35 5
38 284 35 5
284 43 35 5
43 188 35 4
188 255 35 5
255 224 35 5
224 286 35 3
286 0 35 0
36 6
0 215 36 4
215 293 36 5
293 75 36 3
75 233 36 4
233 141 36 4
141 0 36 0
37 9
0 28 37 3
28 103 37 4
103 93 37 4
93 253 37 3
253 295 37 5
295 91 37 5
91 26 37 3
26 200 37 4
200 0 37 0
38 5
0 247 38 3
247 101 38 4
101 234 38 4
234 172 38 3
172 0 38 0
39 10
0 247 39 4
247 151 39 5
151 115 39 4
115 189 39 5
189 70 39 5
70 124 39 5
124 22 39 5
22 4 39 4
4 2 39 4
2 0 39 0
