# Solution for ../instances-HHCRSP/InstanzCPLEX_HCSRP_75_9.txt
# Cost = 728.843 Dist = 2164.13 Tard = 14.7037 TMax = 7.69181
# <vehicle> <route length>
# <origin node> <dest node> <vehicle> <service type>
0 10
0 64 0 1
64 66 0 1
66 9 0 1
9 1 0 1
1 30 0 1
30 33 0 0
33 20 0 0
20 26 0 0
26 74 0 1
74 0 0 0
1 1
0 0 1 0
2 12
0 47 2 2
47 35 2 2
35 50 2 1
50 4 2 1
4 67 2 0
67 8 2 0
8 75 2 2
75 72 2 1
72 70 2 1
70 18 2 2
18 21 2 1
21 0 2 0
3 12
0 73 3 2
73 71 3 1
71 16 3 2
16 23 3 2
23 32 3 0
32 43 3 0
43 10 3 1
10 31 3 0
31 28 3 2
28 65 3 2
65 44 3 2
44 0 3 0
4 8
0 42 4 2
42 36 4 2
36 11 4 2
11 27 4 0
27 68 4 2
68 45 4 2
45 69 4 2
69 0 4 0
5 11
0 64 5 4
64 63 5 5
63 56 5 4
56 68 5 4
68 70 5 4
70 62 5 4
62 15 5 5
15 51 5 4
51 69 5 4
69 57 5 5
57 0 5 0
6 5
0 63 6 3
63 58 6 3
58 61 6 5
61 55 6 3
55 0 6 0
7 4
0 73 7 4
73 14 7 4
14 53 7 4
53 0 7 0
8 13
0 52 8 4
52 22 8 4
22 6 8 3
6 56 8 5
56 67 8 4
67 12 8 4
12 75 8 5
75 72 8 3
72 19 8 5
19 62 8 3
62 24 8 4
24 74 8 3
74 0 8 0
9 7
0 39 9 3
39 46 9 5
46 3 9 4
3 41 9 4
41 13 9 4
13 65 9 4
65 0 9 0
10 11
0 54 10 5
54 71 10 5
71 66 10 3
66 17 10 5
17 48 10 5
48 58 10 5
58 38 10 3
38 29 10 3
29 40 10 5
40 57 10 3
57 0 10 0
11 9
0 54 11 4
54 34 11 4
34 49 11 5
49 2 11 4
2 5 11 5
5 37 11 5
37 61 11 4
61 55 11 5
55 0 11 0
12 4
0 59 12 3
59 25 12 5
25 60 12 3
60 0 12 0
13 4
0 59 13 4
59 7 13 5
7 60 13 5
60 0 13 0
14 2
0 53 14 3
53 0 14 0
