# Solution for ../instances-HHCRSP/InstanzCPLEX_HCSRP_75_7.txt
# Cost = 597.515 Dist = 1792.54 Tard = 0 TMax = 0
# <vehicle> <route length>
# <origin node> <dest node> <vehicle> <service type>
0 5
0 18 0 0
18 73 0 0
73 9 0 0
9 12 0 0
12 0 0 0
1 12
0 2 1 2
2 42 1 2
42 11 1 0
11 38 1 0
38 40 1 2
40 14 1 1
14 70 1 1
70 68 1 1
68 26 1 2
26 71 1 0
71 46 1 1
46 0 1 0
2 14
0 50 2 0
50 65 2 1
65 24 2 1
24 51 2 0
51 64 2 0
64 10 2 0
10 69 2 1
69 74 2 0
74 29 2 0
29 33 2 1
33 39 2 0
39 15 2 1
15 13 2 0
13 0 2 0
3 2
0 72 3 1
72 0 3 0
4 8
0 75 4 1
75 25 4 2
25 45 4 1
45 67 4 2
67 66 4 1
66 22 4 2
22 36 4 2
36 0 4 0
5 9
0 21 5 4
21 65 5 5
65 31 5 3
31 52 5 3
52 55 5 3
55 16 5 4
16 57 5 4
57 30 5 5
30 0 5 0
6 6
0 23 6 3
23 53 6 3
53 58 6 3
58 75 6 4
75 37 6 4
37 0 6 0
7 14
0 72 7 4
72 56 7 3
56 35 7 3
35 32 7 3
32 1 7 4
1 41 7 5
41 62 7 4
62 70 7 5
70 68 7 4
68 55 7 4
55 57 7 5
57 7 7 4
7 71 7 3
71 0 7 0
8 3
0 48 8 3
48 27 8 3
27 0 8 0
9 9
0 56 9 5
56 3 9 3
3 64 9 4
64 62 9 5
62 69 9 3
69 74 9 4
74 61 9 3
61 63 9 3
63 0 9 0
10 10
0 53 10 5
53 58 10 4
58 5 10 4
5 43 10 3
43 73 10 3
73 28 10 4
28 6 10 4
6 67 10 5
67 66 10 3
66 0 10 0
11 9
0 34 11 3
34 20 11 3
20 49 11 4
49 4 11 4
4 19 11 3
19 8 11 5
8 61 11 4
61 63 11 4
63 0 11 0
12 2
0 17 12 3
17 0 12 0
13 5
0 59 13 4
59 47 13 4
47 60 13 3
60 54 13 4
54 0 13 0
14 5
0 59 14 3
59 44 14 3
44 60 14 5
60 54 14 3
54 0 14 0
