# Solution for ../instances-HHCRSP/InstanzCPLEX_HCSRP_50_7.txt
# Cost = 539.641 Dist = 1618.92 Tard = 0 TMax = 0
# <vehicle> <route length>
# <origin node> <dest node> <vehicle> <service type>
0 13
0 18 0 0
18 50 0 0
50 45 0 0
45 25 0 2
25 43 0 0
43 10 0 0
10 29 0 0
29 12 0 0
12 48 0 0
48 13 0 0
13 22 0 2
22 9 0 0
9 0 0 0
1 9
0 49 1 1
49 24 1 1
24 14 1 1
14 47 1 2
47 44 1 1
44 15 1 1
15 33 1 1
33 46 1 1
46 0 1 0
2 4
0 2 2 2
2 11 2 0
11 26 2 2
26 0 2 0
3 5
0 23 3 3
23 5 3 4
5 43 3 3
43 37 3 3
37 0 3 0
4 8
0 20 4 3
20 34 4 3
34 50 4 3
50 45 4 5
45 6 4 4
6 28 4 4
28 37 4 5
37 0 4 0
5 6
0 49 5 5
49 27 5 3
27 19 5 3
19 17 5 3
17 48 5 3
48 0 5 0
6 10
0 3 6 3
3 42 6 3
42 38 6 3
38 32 6 3
32 31 6 3
31 41 6 3
41 40 6 5
40 30 6 5
30 8 6 5
8 0 6 0
7 10
0 21 7 4
21 42 7 4
42 1 7 4
1 38 7 4
38 41 7 4
41 40 7 4
40 7 7 4
7 16 7 4
16 46 7 5
46 0 7 0
8 7
0 4 8 4
4 35 8 3
35 36 8 4
36 47 8 4
47 44 8 5
44 39 8 3
39 0 8 0
9 3
0 36 9 5
36 39 9 4
39 0 9 0
