# Solution for ../instances-HHCRSP/InstanzCPLEX_HCSRP_75_10.txt
# Cost = 1351.68 Dist = 2536.64 Tard = 1213.58 TMax = 304.819
# <vehicle> <route length>
# <origin node> <dest node> <vehicle> <service type>
0 19
0 70 0 0
70 2 0 0
2 64 0 0
64 7 0 1
7 33 0 0
33 4 0 0
4 16 0 0
16 69 0 0
69 19 0 1
19 44 0 0
44 72 0 0
72 71 0 0
71 73 0 0
73 14 0 0
14 48 0 0
48 47 0 0
47 67 0 0
67 42 0 1
42 0 0 0
1 5
0 34 1 2
34 27 1 2
27 43 1 2
43 30 1 2
30 0 1 0
2 2
0 29 2 2
29 0 2 0
3 14
0 22 3 1
22 11 3 1
11 26 3 1
26 68 3 1
68 35 3 1
35 50 3 1
50 18 3 1
18 65 3 1
65 40 3 1
40 31 3 2
31 74 3 1
74 36 3 1
36 75 3 1
75 0 3 0
4 5
0 32 4 2
32 24 4 2
24 66 4 2
66 28 4 2
28 0 4 0
5 14
0 5 5 4
5 70 5 3
70 3 5 3
3 64 5 3
64 6 5 4
6 8 5 4
8 9 5 3
9 56 5 3
56 23 5 3
23 1 5 3
1 21 5 5
21 10 5 4
10 59 5 5
59 0 5 0
6 10
0 45 6 4
45 37 6 4
37 57 6 4
57 63 6 4
63 61 6 5
61 69 6 4
69 52 6 5
52 62 6 4
62 67 6 4
67 0 6 0
7 7
0 53 7 5
53 41 7 5
41 46 7 5
46 25 7 5
25 55 7 5
55 66 7 5
66 0 7 0
8 3
0 53 8 3
53 73 8 5
73 0 8 0
9 9
0 57 9 5
57 63 9 3
63 61 9 3
61 39 9 3
39 51 9 5
51 56 9 5
56 74 9 3
74 13 9 3
13 0 9 0
10 6
0 20 10 4
20 15 10 3
15 38 10 4
38 62 10 3
62 59 10 4
59 0 10 0
11 4
0 58 11 3
58 60 11 4
60 54 11 3
54 0 11 0
12 6
0 49 12 5
49 68 12 5
68 72 12 5
72 60 12 5
60 54 12 5
54 0 12 0
13 7
0 12 13 5
12 58 13 4
58 65 13 5
65 17 13 4
17 55 13 3
55 75 13 3
75 0 13 0
14 2
0 71 14 4
71 0 14 0
