# Solution for ../instances-HHCRSP/InstanzCPLEX_HCSRP_75_6.txt
# Cost = 746.794 Dist = 2230.81 Tard = 5.8898 TMax = 3.68169
# <vehicle> <route length>
# <origin node> <dest node> <vehicle> <service type>
0 11
0 5 0 1
5 36 0 1
36 43 0 1
43 31 0 2
31 64 0 1
64 26 0 0
26 72 0 2
72 71 0 0
71 69 0 2
69 75 0 1
75 0 0 0
1 3
0 22 1 2
22 30 1 2
30 0 1 0
2 10
0 16 2 0
16 25 2 2
25 66 2 2
66 18 2 0
18 2 2 0
2 44 2 0
44 41 2 0
41 68 2 2
68 70 2 0
70 0 2 0
3 6
0 20 3 2
20 51 3 2
51 3 3 2
3 47 3 2
47 12 3 2
12 0 3 0
4 14
0 67 4 1
67 65 4 1
65 4 4 0
4 13 4 0
13 74 4 0
74 33 4 0
33 19 4 1
19 40 4 2
40 15 4 1
15 23 4 1
23 24 4 1
24 73 4 1
73 1 4 1
1 0 4 0
5 10
0 35 5 5
35 67 5 3
67 62 5 5
62 66 5 3
66 17 5 5
17 74 5 3
74 53 5 3
53 61 5 5
61 58 5 3
58 0 5 0
6 8
0 56 6 4
56 45 6 5
45 50 6 3
50 6 6 5
6 32 6 4
32 64 6 3
64 10 6 5
10 0 6 0
7 3
0 56 7 5
56 75 7 4
75 0 7 0
8 12
0 60 8 4
60 11 8 4
11 27 8 4
27 55 8 3
55 52 8 3
52 46 8 4
46 53 8 4
53 61 8 4
61 73 8 4
73 38 8 5
38 29 8 3
29 0 8 0
9 9
0 60 9 5
60 48 9 4
48 65 9 5
65 55 9 4
55 9 9 4
9 21 9 3
21 28 9 5
28 58 9 5
58 0 9 0
10 7
0 62 10 4
62 8 10 4
8 72 10 4
72 71 10 4
71 69 10 4
69 14 10 3
14 0 10 0
11 6
0 54 11 4
54 63 11 4
63 59 11 4
59 57 11 3
57 42 11 4
42 0 11 0
12 7
0 54 12 5
54 7 12 5
7 39 12 5
39 63 12 5
63 59 12 5
59 68 12 5
68 0 12 0
13 6
0 49 13 4
49 37 13 4
37 34 13 5
34 57 13 5
57 70 13 5
70 0 13 0
14 1
0 0 14 0
