# Solution for ../instances-HHCRSP/InstanzVNS_HCSRP_200_8.txt
# Cost = 1150.47 Dist = 3430.36 Tard = 14.5234 TMax = 6.53288
# <vehicle> <route length>
# <origin node> <dest node> <vehicle> <service type>
0 10
0 57 0 1
57 11 0 0
11 17 0 0
17 21 0 0
21 36 0 1
36 78 0 0
78 190 0 1
190 90 0 0
90 129 0 0
129 0 0 0
1 13
0 112 1 0
112 42 1 0
42 195 1 0
195 125 1 0
125 185 1 0
185 119 1 0
119 132 1 0
132 120 1 0
120 187 1 0
187 72 1 0
72 98 1 0
98 73 1 0
73 0 1 0
2 16
0 179 2 0
179 197 2 0
197 102 2 2
102 91 2 2
91 68 2 2
68 23 2 2
23 139 2 0
139 74 2 0
74 192 2 0
192 94 2 0
94 56 2 2
56 12 2 2
12 173 2 0
173 113 2 2
113 109 2 0
109 0 2 0
3 14
0 199 3 1
199 194 3 1
194 104 3 2
104 22 3 1
22 196 3 2
196 13 3 2
13 44 3 1
44 180 3 1
180 105 3 2
105 46 3 2
46 127 3 2
127 103 3 2
103 93 3 2
93 0 3 0
4 8
0 87 4 1
87 126 4 1
126 110 4 1
110 92 4 1
92 175 4 1
175 115 4 1
115 138 4 1
138 0 4 0
5 10
0 189 5 1
189 33 5 1
33 75 5 1
75 200 5 1
200 53 5 1
53 107 5 1
107 27 5 1
27 66 5 1
66 32 5 1
32 0 5 0
6 18
0 188 6 0
188 45 6 2
45 117 6 2
117 130 6 0
130 135 6 0
135 178 6 0
178 182 6 0
182 100 6 0
100 198 6 0
198 77 6 2
77 58 6 2
58 16 6 0
16 76 6 0
76 181 6 2
181 81 6 0
81 5 6 0
5 191 6 0
191 0 6 0
7 6
0 60 7 2
60 177 7 2
177 183 7 2
183 172 7 2
172 6 7 2
6 0 7 0
8 15
0 10 8 0
10 134 8 0
134 40 8 0
40 184 8 1
184 193 8 0
193 65 8 0
65 186 8 0
186 95 8 0
95 171 8 0
171 55 8 0
55 62 8 0
62 174 8 1
174 51 8 0
51 48 8 1
48 0 8 0
9 7
0 54 9 1
54 131 9 1
131 4 9 1
4 71 9 1
71 18 9 1
18 176 9 1
176 0 9 0
10 14
0 151 10 4
151 61 10 4
61 170 10 4
170 178 10 4
178 182 10 4
182 15 10 4
15 148 10 4
148 144 10 4
144 142 10 5
142 9 10 5
9 146 10 5
146 154 10 4
154 147 10 4
147 0 10 0
11 7
0 151 11 5
151 124 11 3
124 170 11 5
170 38 11 4
38 176 11 5
176 28 11 3
28 0 11 0
12 8
0 155 12 4
155 84 12 4
84 159 12 3
159 20 12 3
20 141 12 3
141 169 12 3
169 85 12 3
85 0 12 0
13 9
0 155 13 5
155 50 13 4
50 86 13 4
86 159 13 4
159 183 13 4
183 175 13 5
175 172 13 3
172 101 13 4
101 0 13 0
14 15
0 108 14 3
108 199 14 4
199 188 14 3
188 194 14 5
194 64 14 3
64 137 14 4
137 166 14 3
166 167 14 3
167 196 14 4
196 69 14 3
69 157 14 3
157 3 14 4
3 88 14 5
88 80 14 5
80 0 14 0
15 10
0 163 15 4
163 161 15 5
161 143 15 4
143 145 15 5
145 128 15 4
128 156 15 4
156 140 15 5
140 31 15 5
31 162 15 5
162 0 15 0
16 13
0 163 16 5
163 161 16 3
161 143 16 5
143 145 16 3
145 37 16 5
37 156 16 5
156 162 16 3
162 79 16 3
79 165 16 3
165 158 16 3
158 150 16 4
150 191 16 5
191 0 16 0
17 17
0 179 17 3
179 197 17 3
197 136 17 3
136 106 17 4
106 14 17 5
14 116 17 5
116 26 17 3
26 63 17 5
63 19 17 3
19 190 17 5
190 30 17 5
30 29 17 3
29 52 17 4
52 146 17 3
146 154 17 5
154 147 17 3
147 0 17 0
18 17
0 8 18 5
8 195 18 4
195 184 18 5
184 193 18 4
193 185 18 5
185 149 18 4
149 34 18 5
34 166 18 5
166 167 18 4
167 114 18 5
114 122 18 5
122 111 18 5
111 181 18 4
181 165 18 4
165 158 18 5
158 150 18 5
150 0 18 0
19 16
0 168 19 3
168 7 19 3
7 1 19 4
1 97 19 4
97 186 19 3
186 24 19 4
24 171 19 4
171 47 19 4
47 118 19 5
118 164 19 3
164 89 19 4
89 39 19 4
39 35 19 4
35 153 19 4
153 152 19 4
152 0 19 0
20 8
0 168 20 5
168 189 20 3
189 83 20 3
83 164 20 5
164 174 20 5
174 153 20 5
153 152 20 3
152 0 20 0
21 7
0 43 21 4
43 198 21 3
198 133 21 4
133 173 21 4
173 2 21 4
2 142 21 3
142 0 21 0
22 12
0 49 22 5
49 70 22 5
70 121 22 3
121 25 22 5
25 82 22 4
82 200 22 3
200 149 22 5
149 187 22 4
187 180 22 4
180 99 22 5
99 157 22 5
157 0 22 0
23 2
0 67 23 5
67 0 23 0
24 7
0 59 24 3
59 192 24 5
192 148 24 5
148 144 24 3
144 141 24 5
141 169 24 5
169 0 24 0
25 5
0 177 25 5
177 41 25 5
41 96 25 5
96 160 25 4
160 0 25 0
26 1
0 0 26 0
27 1
0 0 27 0
28 3
0 123 28 4
123 160 28 5
160 0 28 0
29 1
0 0 29 0
