# Solution for ../instances-HHCRSP/InstanzCPLEX_HCSRP_75_7.txt
# Cost = 596.06 Dist = 1783.79 Tard = 2.7848 TMax = 1.60147
# <vehicle> <route length>
# <origin node> <dest node> <vehicle> <service type>
0 7
0 50 0 0
50 64 0 0
64 10 0 0
10 74 0 0
74 39 0 0
39 13 0 0
13 0 0 0
1 16
0 65 1 1
65 11 1 0
11 38 1 0
38 2 1 2
2 42 1 2
42 51 1 0
51 24 1 1
24 69 1 1
69 40 1 2
40 70 1 1
70 68 1 1
68 14 1 1
14 46 1 1
46 26 1 2
26 71 1 0
71 0 1 0
2 10
0 72 2 1
72 18 2 0
18 73 2 0
73 75 2 1
75 12 2 0
12 29 2 0
29 15 2 1
15 9 2 0
9 33 2 1
33 0 2 0
3 1
0 0 3 0
4 7
0 25 4 2
25 45 4 1
45 67 4 2
67 66 4 1
66 22 4 2
22 36 4 2
36 0 4 0
5 11
0 21 5 4
21 65 5 5
65 31 5 3
31 52 5 3
52 55 5 3
55 16 5 4
16 57 5 4
57 30 5 5
30 61 5 4
61 63 5 4
63 0 5 0
6 7
0 23 6 3
23 53 6 3
53 58 6 3
58 5 6 4
5 75 6 4
75 37 6 4
37 0 6 0
7 14
0 56 7 3
56 3 7 3
3 64 7 4
64 1 7 4
1 41 7 5
41 32 7 3
32 62 7 4
62 70 7 5
70 68 7 4
68 55 7 4
55 57 7 5
57 7 7 4
7 71 7 3
71 0 7 0
8 7
0 56 8 5
56 69 8 3
69 62 8 5
62 8 8 5
8 61 8 3
61 63 8 3
63 0 8 0
9 9
0 53 9 5
53 58 9 4
58 43 9 3
43 73 9 3
73 28 9 4
28 6 9 4
6 67 9 5
67 66 9 3
66 0 9 0
10 7
0 72 10 4
72 34 10 3
34 20 10 3
20 47 10 4
47 54 10 3
54 60 10 5
60 0 10 0
11 5
0 17 11 3
17 74 11 4
74 27 11 3
27 48 11 3
48 0 11 0
12 7
0 35 12 3
35 4 12 4
4 49 12 4
49 19 12 3
19 54 12 4
54 60 12 3
60 0 12 0
13 3
0 59 13 4
59 44 13 3
44 0 13 0
14 2
0 59 14 3
59 0 14 0
