# Solution for ../instances-HHCRSP/InstanzVNS_HCSRP_300_4.txt
# Cost = 1607.48 Dist = 4769.47 Tard = 42.5947 TMax = 10.3879
# <vehicle> <route length>
# <origin node> <dest node> <vehicle> <service type>
0 11
0 163 0 1
163 270 0 1
270 174 0 1
174 105 0 0
105 269 0 1
269 262 0 0
262 178 0 0
178 291 0 0
291 142 0 1
142 111 0 1
111 0 0 0
1 8
0 285 1 0
285 69 1 0
69 39 1 0
39 186 1 0
186 44 1 0
44 280 1 0
280 162 1 0
162 0 1 0
2 14
0 77 2 1
77 92 2 1
92 50 2 0
50 263 2 0
263 155 2 1
155 94 2 1
94 268 2 1
268 24 2 1
24 108 2 0
108 296 2 0
296 65 2 1
65 18 2 0
18 100 2 0
100 0 2 0
3 16
0 251 3 2
251 259 3 1
259 1 3 2
1 128 3 2
128 260 3 0
260 297 3 2
297 281 3 2
281 62 3 0
62 41 3 0
41 192 3 1
192 256 3 1
256 299 3 2
299 64 3 0
64 276 3 1
276 11 3 2
11 0 3 0
4 16
0 273 4 2
273 300 4 0
300 266 4 0
266 289 4 2
289 20 4 0
20 88 4 2
88 197 4 2
197 123 4 2
123 125 4 2
125 72 4 2
72 121 4 0
121 56 4 2
56 85 4 0
85 89 4 2
89 265 4 0
265 0 4 0
5 8
0 106 5 2
106 278 5 1
278 287 5 2
287 271 5 2
271 254 5 1
254 12 5 2
12 36 5 1
36 0 5 0
6 18
0 40 6 1
40 261 6 2
261 191 6 1
191 279 6 0
279 183 6 2
183 139 6 1
139 290 6 0
290 277 6 2
277 288 6 0
288 87 6 2
87 258 6 2
258 34 6 2
34 99 6 1
99 294 6 0
294 17 6 1
17 167 6 1
167 95 6 1
95 0 6 0
7 2
0 195 7 2
195 0 7 0
8 14
0 160 8 1
160 51 8 2
51 47 8 2
47 152 8 2
152 168 8 1
168 166 8 2
166 14 8 2
14 132 8 1
132 146 8 1
146 140 8 1
140 137 8 1
137 286 8 1
286 252 8 1
252 0 8 0
9 7
0 144 9 2
144 275 9 2
275 113 9 2
113 257 9 2
257 84 9 2
84 86 9 2
86 0 9 0
10 13
0 90 10 1
90 55 10 1
55 71 10 1
71 13 10 2
13 158 10 2
158 264 10 2
264 25 10 1
25 176 10 2
176 135 10 1
135 76 10 2
76 184 10 2
184 282 10 2
282 0 10 0
11 8
0 170 11 0
170 298 11 0
298 54 11 0
54 295 11 0
295 181 11 0
181 165 11 0
165 292 11 0
292 0 11 0
12 10
0 33 12 0
33 122 12 2
122 284 12 2
284 149 12 0
149 16 12 0
16 148 12 2
148 255 12 2
255 102 12 0
102 63 12 0
63 0 12 0
13 12
0 157 13 0
157 283 13 2
283 293 13 0
293 272 13 1
272 267 13 1
267 274 13 1
274 127 13 0
127 10 13 1
10 109 13 1
109 120 13 0
120 193 13 1
193 0 13 0
14 3
0 130 14 0
130 9 14 0
9 0 14 0
15 5
0 15 15 2
15 185 15 2
185 98 15 2
98 112 15 2
112 0 15 0
16 5
0 7 16 1
7 253 16 1
253 173 16 1
173 81 16 1
81 0 16 0
17 1
0 0 17 0
18 16
0 38 18 5
38 30 18 5
30 48 18 5
48 284 18 5
284 59 18 4
59 80 18 5
80 232 18 4
232 241 18 3
241 19 18 4
19 205 18 4
205 5 18 3
5 255 18 5
255 188 18 4
188 224 18 3
224 182 18 3
182 0 18 0
19 15
0 206 19 5
206 273 19 4
273 49 19 4
49 226 19 5
226 60 19 4
60 83 19 5
83 196 19 5
196 254 19 5
254 216 19 4
216 217 19 5
217 219 19 4
219 199 19 5
199 70 19 5
70 124 19 5
124 0 19 0
20 18
0 206 20 3
206 270 20 5
270 66 20 3
66 259 20 5
259 212 20 3
212 237 20 4
237 243 20 3
243 260 20 4
260 297 20 5
297 281 20 5
281 104 20 4
104 235 20 4
235 96 20 3
96 208 20 4
208 299 20 3
299 223 20 3
223 236 20 3
236 0 20 0
21 15
0 228 21 5
228 244 21 4
244 251 21 5
251 23 21 4
23 212 21 4
212 237 21 5
237 243 21 4
243 239 21 5
239 240 21 5
240 235 21 5
235 208 21 5
208 61 21 4
61 218 21 4
218 222 21 4
222 0 21 0
22 15
0 228 22 3
228 244 22 3
244 32 22 3
32 261 22 4
261 226 22 3
226 238 22 3
238 214 22 3
214 239 22 3
239 240 22 3
240 3 22 3
3 225 22 3
225 256 22 5
256 223 22 5
223 236 22 4
236 0 22 0
23 15
0 215 23 3
215 242 23 3
242 211 23 4
211 147 23 5
147 209 23 4
209 134 23 3
134 216 23 5
216 217 23 3
217 219 23 5
219 68 23 3
68 78 23 3
78 110 23 5
110 250 23 3
250 57 23 4
57 0 23 0
24 16
0 215 24 4
215 242 24 4
242 211 24 5
211 190 24 3
190 114 24 5
114 194 24 4
194 119 24 3
119 277 24 5
277 35 24 3
35 150 24 4
150 288 24 3
288 258 24 3
258 118 24 3
118 225 24 5
225 276 24 3
276 0 24 0
25 16
0 231 25 4
231 285 25 3
285 42 25 4
42 202 25 4
202 204 25 3
204 131 25 4
131 245 25 3
245 201 25 4
201 232 25 5
232 241 25 4
241 29 25 5
29 43 25 5
43 286 25 3
286 224 25 5
224 252 25 4
252 0 25 0
26 12
0 231 26 5
231 202 26 5
202 204 26 5
204 246 26 4
246 263 26 5
263 257 26 3
257 180 26 3
180 46 26 4
46 21 26 5
21 53 26 5
53 207 26 3
207 0 26 0
27 16
0 103 27 4
103 248 27 4
248 116 27 3
116 213 27 3
213 278 27 3
278 271 27 3
271 264 27 4
264 227 27 3
227 210 27 3
210 175 27 4
175 93 27 4
93 295 27 5
295 91 27 5
91 26 27 3
26 200 27 4
200 0 27 0
28 15
0 248 28 5
248 213 28 5
213 287 28 3
287 6 28 3
6 164 28 3
164 126 28 4
126 227 28 4
227 210 28 5
210 37 28 4
37 79 28 4
79 8 28 4
8 296 28 4
296 138 28 4
138 207 28 5
207 0 28 0
29 15
0 97 29 4
97 52 29 5
52 82 29 3
82 58 29 3
58 275 29 5
275 246 29 5
246 245 29 5
245 201 29 5
201 153 29 4
153 280 29 5
280 205 29 5
205 187 29 3
187 234 29 3
234 141 29 4
141 0 29 0
30 14
0 74 30 5
74 230 30 3
230 300 30 3
300 266 30 5
266 179 30 3
179 45 30 3
45 143 30 5
143 156 30 3
156 269 30 4
269 129 30 5
129 169 30 5
169 218 30 5
218 222 30 5
222 0 30 0
31 14
0 230 31 5
230 289 31 3
289 238 31 5
238 214 31 4
214 117 31 3
117 262 31 5
262 220 31 3
220 249 31 3
249 291 31 5
291 159 31 3
159 250 31 4
250 265 31 4
265 136 31 3
136 0 31 0
32 11
0 203 32 5
203 209 32 3
209 253 32 3
253 298 32 3
298 189 32 5
189 268 32 5
268 133 32 3
133 154 32 3
154 67 32 3
67 282 32 3
282 0 32 0
33 9
0 145 33 4
145 161 33 5
161 272 33 4
272 267 33 3
267 107 33 3
107 229 33 4
229 221 33 4
221 292 33 4
292 0 33 0
34 8
0 283 34 5
283 293 34 5
293 274 34 5
274 233 34 5
233 75 34 3
75 229 34 5
229 221 34 5
221 0 34 0
35 12
0 203 35 4
203 177 35 4
177 279 35 3
279 31 35 4
31 198 35 4
198 290 35 5
290 171 35 4
171 73 35 3
73 220 35 5
220 249 35 5
249 294 35 4
294 0 35 0
36 6
0 27 36 3
27 101 36 4
101 233 36 4
233 172 36 3
172 234 36 4
234 0 36 0
37 7
0 28 37 3
28 151 37 5
151 115 37 4
115 4 37 4
4 22 37 5
22 2 37 4
2 0 37 0
38 2
0 247 38 3
247 0 38 0
39 2
0 247 39 4
247 0 39 0
