# Solution for ../instances-HHCRSP/InstanzVNS_HCSRP_300_7.txt
# Cost = 1705.17 Dist = 5072.24 Tard = 30.8627 TMax = 12.4063
# <vehicle> <route length>
# <origin node> <dest node> <vehicle> <service type>
0 10
0 82 0 0
82 124 0 1
124 18 0 0
18 113 0 1
113 129 0 1
129 45 0 1
45 164 0 1
164 175 0 1
175 287 0 1
287 0 0 0
1 11
0 136 1 2
136 53 1 0
53 300 1 2
300 257 1 0
257 185 1 0
185 169 1 2
169 161 1 0
161 9 1 0
9 163 1 2
163 12 1 0
12 0 1 0
2 18
0 265 2 2
265 100 2 1
100 141 2 1
141 99 2 1
99 97 2 0
97 93 2 1
93 191 2 2
191 170 2 0
170 102 2 0
102 165 2 0
165 151 2 1
151 285 2 2
285 274 2 0
274 86 2 2
86 29 2 0
29 106 2 1
106 22 2 2
22 0 2 0
3 13
0 65 3 2
65 42 3 2
42 252 3 2
252 2 3 2
2 40 3 2
40 193 3 2
193 281 3 2
281 80 3 2
80 26 3 2
26 134 3 2
134 251 3 2
251 294 3 2
294 0 3 0
4 9
0 267 4 1
267 64 4 1
64 24 4 1
24 196 4 1
196 172 4 1
172 272 4 1
272 78 4 1
78 46 4 1
46 0 4 0
5 10
0 188 5 2
188 278 5 2
278 183 5 1
183 150 5 2
150 75 5 2
75 283 5 1
283 90 5 2
90 14 5 1
14 264 5 2
264 0 5 0
6 18
0 50 6 0
50 266 6 1
266 268 6 1
268 262 6 1
262 143 6 0
143 105 6 1
105 101 6 0
101 297 6 1
297 295 6 0
295 57 6 0
57 197 6 1
197 259 6 0
259 158 6 1
158 186 6 0
186 63 6 0
63 156 6 0
156 13 6 0
13 0 6 0
7 16
0 11 7 0
11 108 7 0
108 275 7 0
275 145 7 1
145 189 7 0
189 280 7 1
280 51 7 0
51 147 7 0
147 296 7 1
296 68 7 1
68 155 7 1
155 79 7 1
79 253 7 0
253 85 7 1
85 298 7 1
298 0 7 0
8 9
0 192 8 0
192 131 8 2
131 114 8 0
114 140 8 0
140 276 8 2
276 187 8 0
187 130 8 2
130 152 8 2
152 0 8 0
9 14
0 260 9 2
260 270 9 0
270 290 9 2
290 286 9 0
286 25 9 2
25 59 9 0
59 293 9 0
293 67 9 2
67 127 9 0
127 269 9 2
269 291 9 0
291 33 9 1
33 15 9 1
15 0 9 0
10 3
0 254 10 2
254 279 10 2
279 0 10 0
11 16
0 282 11 1
282 258 11 1
258 38 11 0
38 77 11 0
77 273 11 2
273 256 11 2
256 289 11 2
289 148 11 0
148 115 11 2
115 255 11 1
255 277 11 0
277 149 11 2
149 182 11 0
182 174 11 1
174 271 11 0
271 0 11 0
12 3
0 299 12 2
299 54 12 2
54 0 12 0
13 3
0 146 13 1
146 284 13 1
284 0 13 0
14 11
0 72 14 0
72 261 14 1
261 176 14 1
176 288 14 2
288 10 14 0
10 263 14 1
263 76 14 0
76 36 14 2
36 190 14 1
190 39 14 0
39 0 14 0
15 2
0 292 15 0
292 0 15 0
16 1
0 0 16 0
17 1
0 0 17 0
18 25
0 208 18 3
208 1 18 4
1 237 18 3
237 266 18 5
266 219 18 4
219 21 18 4
21 109 18 4
109 262 18 5
262 70 18 5
70 281 18 5
281 62 18 3
62 194 18 5
194 296 18 3
296 88 18 3
88 96 18 5
96 166 18 3
166 247 18 3
247 228 18 3
228 255 18 5
255 277 18 3
277 71 18 4
71 7 18 4
7 249 18 4
249 271 18 4
271 0 18 0
19 9
0 206 19 3
206 123 19 3
123 195 19 3
195 154 19 3
154 98 19 3
98 212 19 3
212 204 19 3
204 60 19 3
60 0 19 0
20 15
0 208 20 4
208 240 20 4
240 233 20 5
233 207 20 4
207 95 20 4
95 217 20 5
217 203 20 5
203 116 20 5
116 242 20 4
242 55 20 4
55 230 20 4
230 218 20 5
218 16 20 4
16 243 20 4
243 0 20 0
21 12
0 216 21 4
216 139 21 5
139 171 21 5
171 92 21 4
92 261 21 4
261 17 21 3
17 299 21 5
299 212 21 4
212 204 21 5
204 44 21 3
44 110 21 3
110 0 21 0
22 11
0 216 22 5
216 213 22 4
213 5 22 4
5 246 22 4
246 198 22 3
198 238 22 3
238 221 22 3
221 245 22 4
245 103 22 3
103 199 22 5
199 0 22 0
23 13
0 200 23 4
200 232 23 5
232 231 23 4
231 137 23 4
137 162 23 5
162 28 23 4
28 238 23 5
238 180 23 5
180 285 23 5
285 274 23 4
274 269 23 4
269 201 23 4
201 0 23 0
24 15
0 240 24 5
240 233 24 3
233 207 24 3
207 120 24 3
120 275 24 4
275 280 24 3
280 118 24 4
118 289 24 3
289 125 24 5
125 230 24 3
230 128 24 3
128 107 24 5
107 218 24 3
218 249 24 5
249 0 24 0
25 9
0 23 25 3
23 160 25 3
160 73 25 3
73 58 25 3
58 43 25 3
43 213 25 3
213 241 25 3
241 257 25 3
257 0 25 0
26 19
0 49 26 4
49 133 26 3
133 81 26 4
81 219 26 5
219 268 26 5
268 69 26 5
69 104 26 4
104 35 26 3
35 74 26 4
74 248 26 4
248 159 26 5
159 225 26 4
225 239 26 4
239 144 26 3
144 215 26 3
215 224 26 4
224 226 26 4
226 47 26 4
47 0 26 0
27 17
0 206 27 4
206 34 27 3
34 235 27 3
235 89 27 5
89 84 27 4
84 288 27 5
288 229 27 5
229 276 27 3
276 167 27 5
167 225 27 5
225 239 27 5
239 215 27 4
215 224 27 5
224 226 27 5
226 291 27 3
291 201 27 3
201 0 27 0
28 19
0 265 28 5
265 121 28 3
121 232 28 3
232 231 28 3
231 270 28 5
270 290 28 3
290 286 28 3
286 135 28 5
135 83 28 3
83 142 28 4
142 293 28 3
293 221 28 4
221 245 28 5
245 132 28 3
132 37 28 4
37 214 28 3
214 220 28 3
220 287 28 4
287 0 28 0
29 13
0 237 29 4
237 252 29 4
252 222 29 3
222 234 29 4
234 205 29 4
205 244 29 4
244 247 29 4
247 228 29 4
228 253 29 4
253 177 29 3
177 94 29 3
94 298 29 4
298 0 29 0
30 14
0 178 30 5
178 202 30 3
202 210 30 3
210 31 30 3
31 222 30 5
222 41 30 5
41 234 30 3
234 205 30 5
205 244 30 5
244 126 30 3
126 209 30 3
209 236 30 5
236 251 30 5
251 0 30 0
31 16
0 260 31 5
260 278 31 3
278 20 31 3
20 235 31 4
235 157 31 3
157 246 31 5
246 138 31 4
138 300 31 5
300 66 31 3
66 241 31 5
241 181 31 4
181 6 31 4
6 184 31 4
184 214 31 5
214 220 31 5
220 0 31 0
32 14
0 211 32 4
211 223 32 3
223 4 32 4
4 56 32 4
56 267 32 4
267 229 32 4
229 87 32 4
87 263 32 4
263 27 32 3
27 61 32 4
61 259 32 3
259 122 32 3
122 179 32 3
179 0 32 0
33 17
0 211 33 5
211 223 33 4
223 202 33 4
202 210 33 4
210 217 33 3
217 203 33 3
203 91 33 4
91 273 33 4
273 256 33 4
256 242 33 3
242 52 33 3
52 272 33 4
272 117 33 5
117 30 33 5
30 264 33 4
264 243 33 5
243 0 33 0
34 16
0 282 34 3
282 258 34 3
258 168 34 5
168 3 34 3
3 119 34 5
119 32 34 3
32 283 34 5
283 248 34 5
248 8 34 5
8 297 34 5
297 295 34 4
295 209 34 5
209 111 34 4
111 236 34 4
236 294 34 4
294 0 34 0
35 3
0 153 35 4
153 227 35 4
227 0 35 0
36 5
0 254 36 3
254 279 36 5
279 284 36 4
284 112 36 5
112 0 36 0
37 4
0 250 37 3
250 19 37 3
19 173 37 5
173 0 37 0
38 4
0 250 38 5
250 292 38 3
292 48 38 3
48 0 38 0
39 2
0 227 39 5
227 0 39 0
