# Solution for ../instances-HHCRSP/InstanzVNS_HCSRP_200_5.txt
# Cost = 1329.29 Dist = 3914.69 Tard = 62.3043 TMax = 10.8815
# <vehicle> <route length>
# <origin node> <dest node> <vehicle> <service type>
0 18
0 199 0 0
199 93 0 0
93 183 0 1
183 46 0 2
46 184 0 1
184 9 0 2
9 17 0 0
17 186 0 2
186 200 0 2
200 69 0 2
69 39 0 1
39 27 0 2
27 97 0 1
97 4 0 2
4 5 0 0
5 33 0 1
33 189 0 2
189 0 0 0
1 12
0 71 1 1
71 174 1 1
174 192 1 1
192 194 1 1
194 34 1 1
34 51 1 1
51 86 1 1
86 197 1 1
197 102 1 1
102 176 1 1
176 75 1 1
75 0 1 0
2 7
0 135 2 2
135 195 2 2
195 124 2 2
124 117 2 2
117 173 2 2
173 140 2 2
140 0 2 0
3 12
0 115 3 0
115 182 3 0
182 70 3 0
70 126 3 0
126 23 3 0
23 85 3 0
85 74 3 0
74 193 3 0
193 114 3 0
114 41 3 0
41 137 3 0
137 0 3 0
4 17
0 196 4 2
196 188 4 2
188 121 4 1
121 180 4 2
180 64 4 2
64 198 4 2
198 18 4 1
18 3 4 2
3 36 4 2
36 76 4 1
76 40 4 1
40 171 4 2
171 187 4 2
187 82 4 1
82 35 4 1
35 24 4 2
24 0 4 0
5 18
0 77 5 1
77 14 5 0
14 172 5 1
172 131 5 0
131 118 5 1
118 99 5 0
99 91 5 1
91 185 5 1
185 31 5 1
31 119 5 1
119 177 5 0
177 87 5 0
87 25 5 1
25 178 5 0
178 106 5 1
106 88 5 0
88 116 5 0
116 0 5 0
6 3
0 100 6 2
100 32 6 2
32 0 6 0
7 9
0 179 7 0
179 181 7 0
181 43 7 0
43 190 7 0
190 191 7 0
191 21 7 0
21 56 7 0
56 104 7 0
104 0 7 0
8 2
0 81 8 1
81 0 8 0
9 9
0 15 9 2
15 175 9 1
175 84 9 1
84 90 9 1
90 30 9 2
30 108 9 2
108 13 9 1
13 96 9 1
96 0 9 0
10 10
0 199 10 3
199 54 10 5
54 180 10 3
180 52 10 5
52 144 10 5
144 147 10 5
147 170 10 3
170 156 10 5
156 148 10 3
148 0 10 0
11 19
0 16 11 4
16 6 11 5
6 59 11 3
59 183 11 5
183 164 11 3
164 11 11 5
11 142 11 3
142 53 11 4
53 125 11 4
125 149 11 3
149 83 11 4
83 68 11 5
68 168 11 4
168 7 11 4
7 134 11 3
134 170 11 5
170 156 11 4
156 148 11 5
148 0 11 0
12 23
0 154 12 3
154 45 12 3
45 78 12 4
78 164 12 4
164 172 12 5
172 142 12 4
142 184 12 4
184 127 12 5
127 186 12 5
186 200 12 3
200 67 12 3
67 168 12 5
168 113 12 3
113 48 12 4
48 89 12 3
89 61 12 5
61 146 12 3
146 150 12 3
150 92 12 3
92 123 12 4
123 159 12 4
159 189 12 4
189 0 12 0
13 13
0 154 13 5
154 188 13 5
188 50 13 3
50 8 13 5
8 182 13 4
182 79 13 3
79 132 13 4
132 65 13 4
65 19 13 5
19 171 13 5
171 95 13 4
95 145 13 3
145 0 13 0
14 8
0 143 14 5
143 167 14 4
167 181 14 5
181 175 14 4
175 141 14 4
141 73 14 4
73 57 14 5
57 0 14 0
15 10
0 143 15 3
143 167 15 3
167 195 15 3
195 58 15 4
58 20 15 3
20 128 15 3
128 193 15 4
193 141 15 5
141 110 15 5
110 0 15 0
16 5
0 152 16 5
152 98 16 3
98 190 16 3
190 191 16 3
191 0 16 0
17 14
0 196 17 4
196 174 17 4
174 192 17 4
192 194 17 3
194 12 17 3
12 120 17 4
120 161 17 3
161 151 17 4
151 173 17 4
173 37 17 4
37 187 17 3
187 136 17 5
136 145 17 5
145 0 17 0
18 9
0 152 18 4
152 111 18 4
111 38 18 3
38 55 18 5
55 129 18 3
129 94 18 3
94 109 18 4
109 1 18 5
1 0 18 0
19 17
0 153 19 3
153 122 19 4
122 165 19 3
165 163 19 3
163 155 19 3
155 185 19 3
185 10 19 3
10 2 19 4
2 66 19 3
66 47 19 4
47 157 19 3
157 103 19 4
103 158 19 4
158 162 19 3
162 26 19 4
26 150 19 4
150 0 19 0
20 15
0 153 20 5
153 165 20 4
165 163 20 5
163 155 20 4
155 72 20 4
72 80 20 5
80 63 20 3
63 149 20 5
149 177 20 3
177 157 20 5
157 158 20 5
158 162 20 5
162 146 20 4
146 159 20 5
159 0 20 0
21 13
0 160 21 3
160 166 21 3
166 28 21 3
28 49 21 5
49 60 21 5
60 139 21 3
139 161 21 4
161 151 21 5
151 62 21 3
62 112 21 5
112 178 21 4
178 107 21 5
107 0 21 0
22 14
0 160 22 5
160 166 22 5
166 42 22 5
42 133 22 3
133 22 22 5
22 29 22 3
29 198 22 4
198 144 22 4
144 130 22 4
130 147 22 4
147 105 22 4
105 197 22 4
197 176 22 3
176 0 22 0
23 3
0 138 23 5
138 179 23 5
179 0 23 0
24 2
0 169 24 3
169 0 24 0
25 2
0 169 25 5
169 0 25 0
26 2
0 44 26 3
44 0 26 0
27 2
0 101 27 5
101 0 27 0
28 1
0 0 28 0
29 1
0 0 29 0
