# Solution for ../instances-HHCRSP/InstanzVNS_HCSRP_300_6.txt
# Cost = 1771.12 Dist = 5286.75 Tard = 22.4376 TMax = 4.15878
# <vehicle> <route length>
# <origin node> <dest node> <vehicle> <service type>
0 12
0 183 0 1
183 66 0 0
66 103 0 0
103 157 0 0
157 275 0 1
275 33 0 0
33 271 0 0
271 190 0 0
190 127 0 1
127 189 0 0
189 147 0 1
147 0 0 0
1 8
0 279 1 1
279 95 1 1
95 19 1 1
19 188 1 1
188 174 1 1
174 126 1 1
126 1 1 1
1 0 1 0
2 12
0 51 2 2
51 20 2 2
20 144 2 2
144 258 2 0
258 256 2 1
256 288 2 1
288 172 2 1
172 114 2 0
114 12 2 2
12 73 2 2
73 113 2 0
113 0 2 0
3 15
0 143 3 2
143 299 3 2
299 255 3 2
255 285 3 1
285 265 3 2
265 273 3 1
273 177 3 1
177 129 3 2
129 104 3 1
104 168 3 2
168 278 3 1
278 58 3 1
58 266 3 2
266 150 3 2
150 0 3 0
4 14
0 165 4 0
165 198 4 0
198 4 4 0
4 158 4 1
158 134 4 0
134 173 4 0
173 252 4 1
252 292 4 1
292 61 4 1
61 262 4 0
262 268 4 1
268 191 4 1
191 289 4 1
289 0 4 0
5 15
0 43 5 1
43 283 5 0
283 16 5 0
16 284 5 0
284 36 5 1
36 2 5 0
2 136 5 0
136 18 5 0
18 78 5 0
78 77 5 0
77 72 5 0
72 261 5 1
261 257 5 1
257 76 5 1
76 0 5 0
6 11
0 139 6 2
139 22 6 2
22 124 6 2
124 133 6 2
133 119 6 2
119 64 6 2
64 197 6 2
197 187 6 2
187 156 6 2
156 294 6 2
294 0 6 0
7 6
0 30 7 2
30 92 7 2
92 300 7 2
300 116 7 2
116 181 7 2
181 0 7 0
8 4
0 159 8 1
159 281 8 1
281 298 8 1
298 0 8 0
9 15
0 60 9 2
60 13 9 0
13 276 9 2
276 3 9 2
3 287 9 2
287 53 9 1
53 47 9 2
47 94 9 0
94 24 9 1
24 80 9 1
80 251 9 2
251 253 9 1
253 297 9 1
297 109 9 0
109 0 9 0
10 13
0 131 10 0
131 290 10 0
290 5 10 1
5 122 10 1
122 151 10 0
151 280 10 0
280 26 10 0
26 291 10 0
291 199 10 0
199 286 10 0
286 293 10 1
293 274 10 1
274 0 10 0
11 13
0 282 11 2
282 67 11 2
67 82 11 2
82 97 11 2
97 184 11 2
184 40 11 2
40 128 11 2
128 296 11 2
296 98 11 2
98 99 11 2
99 180 11 2
180 79 11 2
79 0 11 0
12 14
0 31 12 2
31 25 12 2
25 193 12 1
193 269 12 1
269 264 12 1
264 182 12 1
182 277 12 1
277 295 12 0
295 15 12 1
15 267 12 2
267 23 12 1
23 106 12 1
106 254 12 0
254 0 12 0
13 6
0 41 13 0
41 59 13 1
59 142 13 0
142 85 13 1
85 161 13 0
161 0 13 0
14 6
0 44 14 0
44 260 14 0
260 90 14 0
90 259 14 0
259 272 14 0
272 0 14 0
15 3
0 111 15 1
111 121 15 1
121 0 15 0
16 4
0 112 16 1
112 263 16 1
263 270 16 1
270 0 16 0
17 2
0 132 17 0
132 0 17 0
18 16
0 204 18 4
204 216 18 4
216 48 18 4
48 258 18 3
258 89 18 4
89 84 18 5
84 74 18 5
74 292 18 3
292 256 18 5
256 107 18 4
107 288 18 4
288 219 18 3
219 211 18 3
211 218 18 3
218 176 18 5
176 0 18 0
19 17
0 204 19 5
204 216 19 5
216 276 19 3
276 242 19 3
242 287 19 5
287 153 19 5
153 248 19 4
248 244 19 3
244 239 19 4
239 196 19 4
196 236 19 3
236 38 19 5
38 251 19 3
251 247 19 3
247 253 19 4
253 297 19 3
297 0 19 0
20 15
0 202 20 3
202 250 20 3
250 27 20 4
27 279 20 3
279 55 20 4
55 8 20 4
8 71 20 5
71 277 20 5
277 295 20 4
295 163 20 5
163 267 20 4
267 110 20 3
110 229 20 3
229 254 20 3
254 0 20 0
21 13
0 202 21 4
202 250 21 4
250 255 21 3
255 285 21 4
285 200 21 4
200 149 21 4
149 21 21 3
21 261 21 4
261 117 21 4
117 257 21 4
257 115 21 5
115 14 21 3
14 0 21 0
22 12
0 86 22 5
86 146 22 3
146 83 22 4
83 210 22 3
210 68 22 5
68 260 22 3
260 203 22 4
203 259 22 5
259 272 22 4
272 201 22 3
201 226 22 3
226 0 22 0
23 15
0 160 23 5
160 7 23 5
7 35 23 5
35 137 23 5
137 148 23 4
148 243 23 3
243 280 23 4
280 291 23 3
291 120 23 5
120 286 23 5
286 293 23 4
293 274 23 5
274 201 23 4
201 96 23 3
96 0 23 0
24 15
0 208 24 3
208 88 24 4
88 93 24 5
93 65 24 3
65 275 24 5
275 17 24 5
17 100 24 4
100 248 24 5
248 108 24 4
108 28 24 5
28 206 24 4
206 230 24 3
230 229 24 4
229 135 24 4
135 0 24 0
25 15
0 208 25 5
208 238 25 3
238 231 25 3
231 214 25 3
214 228 25 3
228 215 25 4
215 140 25 5
140 223 25 4
223 105 25 5
105 32 25 4
32 130 25 3
130 227 25 4
227 225 25 3
225 224 25 3
224 0 25 0
26 14
0 238 26 4
238 231 26 5
231 214 26 5
214 228 26 5
228 145 26 3
145 207 26 3
207 46 26 4
46 244 26 4
244 239 26 5
239 155 26 5
155 236 26 5
236 247 26 4
247 102 26 5
102 0 26 0
27 17
0 249 27 3
249 171 27 5
171 138 27 3
138 195 27 4
195 242 27 5
242 207 27 5
207 52 27 3
52 271 27 5
271 186 27 5
186 241 27 3
241 87 27 5
87 262 27 3
262 268 27 3
268 29 27 3
29 278 27 4
278 266 27 5
266 0 27 0
28 12
0 249 28 5
249 11 28 4
11 141 28 5
141 152 28 5
152 192 28 3
192 252 28 5
252 241 28 4
241 219 28 4
219 211 28 5
211 218 28 4
218 101 28 3
101 0 28 0
29 12
0 178 29 4
178 209 29 3
209 34 29 5
34 233 29 4
233 223 29 5
223 232 29 3
232 221 29 3
221 213 29 4
213 118 29 4
118 289 29 4
289 169 29 4
169 0 29 0
30 12
0 209 30 5
209 154 30 3
154 215 30 5
215 265 30 3
265 273 30 3
273 232 30 4
232 221 30 5
221 213 30 5
213 270 30 5
270 42 30 4
42 70 30 3
70 0 30 0
31 13
0 50 31 3
50 56 31 5
56 283 31 5
283 54 31 3
54 299 31 3
299 284 31 5
284 233 31 5
233 240 31 3
240 217 31 5
217 300 31 4
300 263 31 4
263 245 31 3
245 0 31 0
32 13
0 282 32 5
282 269 32 4
269 62 32 4
62 264 32 3
264 9 32 4
9 235 32 3
235 185 32 5
185 170 32 5
170 175 32 3
175 69 32 3
69 125 32 3
125 226 32 4
226 0 32 0
33 16
0 39 33 5
39 49 33 4
49 45 33 5
45 6 33 5
6 37 33 4
37 243 33 4
243 91 33 4
91 194 33 5
194 162 33 5
162 235 33 4
235 296 33 5
296 123 33 3
123 206 33 5
206 230 33 4
230 166 33 5
166 0 33 0
34 12
0 246 34 3
246 167 34 4
167 205 34 4
205 237 34 4
237 281 34 5
281 220 34 4
220 298 34 3
298 222 34 3
222 203 34 5
203 81 34 4
81 179 34 5
179 0 34 0
35 7
0 246 35 5
246 212 35 5
212 57 35 3
57 227 35 5
227 225 35 4
225 224 35 5
224 0 35 0
36 6
0 234 36 4
234 63 36 3
63 240 36 4
240 217 36 4
217 245 36 4
245 0 36 0
37 2
0 212 37 4
212 0 37 0
38 7
0 290 38 5
290 210 38 4
210 220 38 5
220 222 38 5
222 75 38 4
75 294 38 3
294 0 38 0
39 6
0 234 39 5
234 205 39 5
205 237 39 5
237 164 39 3
164 10 39 5
10 0 39 0
