# Solution for ../instances-HHCRSP/InstanzVNS_HCSRP_100_8.txt
# Cost = 775.064 Dist = 2304.95 Tard = 13.9843 TMax = 6.25941
# <vehicle> <route length>
# <origin node> <dest node> <vehicle> <service type>
0 14
0 10 0 0
10 42 0 0
42 65 0 0
65 45 0 2
45 97 0 0
97 40 0 0
40 95 0 0
95 55 0 0
55 13 0 2
13 89 0 0
89 51 0 0
51 62 0 0
62 46 0 2
46 0 0 0
1 16
0 57 1 1
57 86 1 2
86 92 1 1
92 21 1 0
21 17 1 0
17 23 1 2
23 36 1 1
36 94 1 0
94 56 1 2
56 58 1 2
58 32 1 1
32 4 1 1
4 99 1 0
99 98 1 2
98 88 1 1
88 0 1 0
2 2
0 11 2 0
11 0 2 0
3 7
0 22 3 1
22 33 3 1
33 53 3 1
53 100 3 1
100 44 3 1
44 48 3 1
48 0 3 0
4 6
0 91 4 2
91 68 4 2
68 12 4 2
12 6 4 2
6 90 4 2
90 0 4 0
5 4
0 87 5 2
87 60 5 2
60 93 5 2
93 0 5 0
6 8
0 54 6 1
54 66 6 1
66 96 6 1
96 5 6 0
5 16 6 0
16 27 6 1
27 18 6 1
18 0 6 0
7 11
0 25 7 5
25 75 7 3
75 8 7 5
8 82 7 3
82 34 7 5
34 47 7 4
47 83 7 3
83 72 7 3
72 35 7 4
35 79 7 3
79 0 7 0
8 12
0 75 8 4
75 82 8 5
82 24 8 4
24 64 8 3
64 95 8 5
95 100 8 3
100 89 8 4
89 83 8 4
83 72 8 4
72 69 8 3
69 39 8 4
39 0 8 0
9 9
0 86 9 5
86 92 9 5
92 78 9 5
78 94 9 3
94 19 9 3
19 90 9 3
90 30 9 5
30 29 9 3
29 0 9 0
10 5
0 84 10 3
84 59 10 3
59 74 10 3
74 85 10 4
85 0 10 0
11 3
0 87 11 4
87 77 11 4
77 0 11 0
12 11
0 49 12 5
49 7 12 3
7 97 12 4
97 1 12 4
1 70 12 5
70 76 12 3
76 80 12 5
80 71 12 3
71 28 12 3
28 93 12 5
93 0 12 0
13 11
0 91 13 5
91 26 13 3
26 50 13 4
50 14 13 5
14 20 13 3
20 78 13 4
78 63 13 5
63 15 13 4
15 52 13 4
52 2 13 4
2 0 13 0
14 6
0 43 14 4
43 61 14 4
61 76 14 4
76 80 14 4
80 71 14 4
71 0 14 0
15 5
0 84 15 5
84 74 15 5
74 85 15 5
85 9 15 5
9 0 15 0
16 8
0 38 16 4
38 81 16 3
81 31 16 5
31 73 16 3
73 99 16 3
99 98 16 4
98 88 16 3
88 0 16 0
17 6
0 81 17 5
81 37 17 5
37 73 17 5
73 3 17 4
3 79 17 4
79 0 17 0
18 4
0 41 18 5
41 96 18 3
96 77 18 3
77 0 18 0
19 2
0 67 19 5
67 0 19 0
