# Solution for ../instances-HHCRSP/InstanzVNS_HCSRP_300_1.txt
# Cost = 1814.45 Dist = 5391.35 Tard = 37.994 TMax = 14
# <vehicle> <route length>
# <origin node> <dest node> <vehicle> <service type>
0 10
0 47 0 0
47 272 0 0
272 294 0 1
294 193 0 0
193 56 0 1
56 278 0 0
278 78 0 1
78 275 0 1
275 73 0 1
73 0 0 0
1 5
0 292 1 2
292 267 1 2
267 252 1 2
252 22 1 2
22 0 1 0
2 14
0 182 2 2
182 260 2 2
260 291 2 2
291 169 2 2
169 277 2 2
277 93 2 2
93 274 2 2
274 261 2 2
261 254 2 2
254 99 2 2
99 30 2 2
30 158 2 2
158 53 2 2
53 0 2 0
3 19
0 31 3 1
31 42 3 2
42 12 3 1
12 263 3 1
263 123 3 2
123 17 3 2
17 282 3 1
282 5 3 2
5 111 3 1
111 259 3 2
259 176 3 2
176 157 3 1
157 59 3 2
59 25 3 2
25 191 3 1
191 164 3 1
164 7 3 2
7 257 3 1
257 0 3 0
4 5
0 70 4 2
70 151 4 2
151 67 4 2
67 133 4 2
133 0 4 0
5 2
0 40 5 2
40 0 5 0
6 2
0 129 6 2
129 0 6 0
7 10
0 262 7 0
262 189 7 0
189 139 7 0
139 61 7 0
61 101 7 0
101 75 7 0
75 100 7 0
100 38 7 0
38 92 7 0
92 0 7 0
8 13
0 300 8 1
300 33 8 0
33 299 8 0
299 175 8 0
175 77 8 0
77 283 8 0
283 71 8 1
71 48 8 0
48 184 8 0
184 11 8 1
11 196 8 0
196 298 8 1
298 0 8 0
9 16
0 288 9 0
288 273 9 1
273 280 9 1
280 253 9 1
253 281 9 0
281 258 9 1
258 3 9 1
3 90 9 0
90 106 9 0
106 295 9 2
295 147 9 1
147 269 9 2
269 103 9 0
103 171 9 1
171 276 9 1
276 0 9 0
10 2
0 266 10 2
266 0 10 0
11 9
0 98 11 1
98 43 11 1
43 256 11 1
256 13 11 1
13 150 11 1
150 290 11 1
290 284 11 1
284 89 11 1
89 0 11 0
12 18
0 279 12 0
279 264 12 2
264 104 12 1
104 289 12 0
289 62 12 1
62 60 12 2
60 268 12 2
268 160 12 1
160 142 12 2
142 15 12 0
15 97 12 1
97 265 12 0
265 270 12 1
270 41 12 1
41 66 12 0
66 57 12 2
57 110 12 1
110 0 12 0
13 10
0 148 13 1
148 81 13 2
81 287 13 2
287 137 13 2
137 128 13 1
128 131 13 2
131 21 13 2
21 192 13 2
192 58 13 1
58 0 13 0
14 13
0 181 14 0
181 255 14 0
255 120 14 1
120 125 14 0
125 251 14 0
251 297 14 1
297 296 14 0
296 166 14 0
166 174 14 1
174 293 14 0
293 107 14 0
107 46 14 0
46 0 14 0
15 5
0 180 15 0
180 168 15 0
168 271 15 0
271 55 15 0
55 0 15 0
16 4
0 84 16 0
84 286 16 0
286 105 16 0
105 0 16 0
17 7
0 134 17 1
134 18 17 0
18 82 17 0
82 19 17 0
19 285 17 1
285 197 17 1
197 0 17 0
18 15
0 272 18 3
272 249 18 3
249 49 18 4
49 114 18 5
114 27 18 4
27 187 18 4
187 201 18 3
201 145 18 5
145 112 18 4
112 195 18 5
195 80 18 5
80 72 18 4
72 28 18 5
28 257 18 5
257 0 18 0
19 15
0 215 19 4
215 172 19 4
172 45 19 3
45 37 19 3
37 217 19 3
217 136 19 4
136 76 19 3
76 201 19 4
201 277 19 4
277 242 19 3
242 223 19 3
223 274 19 4
274 228 19 3
228 245 19 3
245 0 19 0
20 7
0 85 20 3
85 109 20 3
109 162 20 4
162 278 20 4
278 275 20 3
275 229 20 3
229 0 20 0
21 10
0 262 21 4
262 10 21 4
10 206 21 3
206 216 21 4
216 238 21 3
238 124 21 4
124 246 21 4
246 259 21 3
259 229 21 4
229 0 21 0
22 23
0 20 22 5
20 215 22 5
215 300 22 3
300 54 22 3
54 24 22 5
24 170 22 5
170 205 22 3
205 211 22 4
211 135 22 3
135 94 22 4
94 39 22 3
39 165 22 5
165 204 22 4
204 209 22 4
209 188 22 3
188 69 22 5
69 242 22 4
242 223 22 5
223 36 22 3
36 200 22 4
200 228 22 5
228 245 22 4
245 0 22 0
23 10
0 117 23 5
117 294 23 5
294 14 23 3
14 118 23 5
118 86 23 5
86 1 23 3
1 2 23 4
2 214 23 4
214 271 23 3
271 0 23 0
24 17
0 202 24 3
202 138 24 3
138 198 24 5
198 232 24 3
232 227 24 3
227 289 24 3
289 235 24 3
235 268 24 5
268 221 24 3
221 16 24 4
16 79 24 3
79 167 24 3
167 29 24 3
29 224 24 3
224 233 24 4
233 276 24 4
276 0 24 0
25 16
0 202 25 4
202 279 25 3
279 190 25 3
190 247 25 4
247 234 25 3
234 65 25 4
65 281 25 3
281 258 25 4
258 230 25 3
230 226 25 3
226 144 25 4
144 220 25 3
220 241 25 3
241 218 25 3
218 231 25 3
231 0 25 0
26 16
0 203 26 3
203 127 26 3
127 91 26 3
91 255 26 5
255 232 26 5
232 140 26 4
140 102 26 4
102 235 26 5
235 221 26 5
221 265 26 4
265 270 26 5
270 156 26 3
156 213 26 3
213 210 26 4
210 225 26 3
225 0 26 0
27 13
0 203 27 4
203 288 27 4
288 263 27 3
263 146 27 4
146 282 27 5
282 68 27 4
68 152 27 4
152 183 27 5
183 34 27 4
34 214 27 5
214 44 27 3
44 185 27 4
185 0 27 0
28 12
0 292 28 4
292 206 28 5
206 216 28 5
216 267 28 5
267 252 28 5
252 130 28 5
130 237 28 4
237 240 28 4
240 290 28 4
290 32 28 4
32 212 28 5
212 0 28 0
29 19
0 115 29 3
115 154 29 5
154 273 29 4
273 264 29 5
264 227 29 5
227 6 29 4
6 23 29 4
23 63 29 4
63 207 29 3
207 230 29 5
230 226 29 4
226 64 29 3
64 295 29 5
295 96 29 5
96 269 29 5
269 213 29 4
213 210 29 5
210 225 29 5
225 0 29 0
30 11
0 208 30 4
208 247 30 5
247 234 30 5
234 280 30 5
280 253 30 5
253 207 30 5
207 119 30 4
119 153 30 5
153 233 30 5
233 298 30 5
298 0 30 0
31 6
0 208 31 3
208 246 31 3
246 248 31 5
248 266 31 3
266 143 31 3
143 0 31 0
32 16
0 260 32 3
260 159 32 5
159 291 32 3
291 299 32 5
299 205 32 4
205 211 32 5
211 217 32 4
217 179 32 5
179 204 32 5
204 209 32 5
209 283 32 3
283 261 32 4
261 126 32 4
126 254 32 5
254 224 32 4
224 0 32 0
33 16
0 50 33 5
50 219 33 4
219 239 33 3
239 222 33 4
222 256 33 4
256 95 33 5
95 26 33 5
26 88 33 5
88 163 33 3
163 141 33 4
141 237 33 5
237 240 33 5
240 284 33 3
284 155 33 3
155 212 33 3
212 0 33 0
34 17
0 219 34 5
219 239 34 5
239 222 34 5
222 178 34 3
178 297 34 3
297 194 34 5
194 296 34 5
296 244 34 3
244 113 34 5
113 132 34 3
132 116 34 4
116 199 34 5
199 35 34 5
35 293 34 4
293 121 34 4
121 285 34 3
285 0 34 0
35 11
0 8 35 4
8 177 35 4
177 122 35 5
122 52 35 3
52 161 35 5
161 87 35 5
87 236 35 3
236 9 35 4
9 243 35 3
243 74 35 4
74 0 35 0
36 11
0 149 36 4
149 186 36 5
186 251 36 4
251 249 36 5
249 287 36 3
287 244 36 5
244 220 36 4
220 241 36 5
241 218 36 4
218 231 36 5
231 0 36 0
37 7
0 286 37 5
286 83 37 5
83 236 37 5
236 250 37 3
250 243 37 4
243 51 37 4
51 0 37 0
38 6
0 108 38 3
108 238 38 4
238 4 38 3
4 173 38 4
173 250 38 5
250 0 38 0
39 2
0 248 39 3
248 0 39 0
