# Solution for ../instances-HHCRSP/InstanzVNS_HCSRP_100_4.txt
# Cost = 727.129 Dist = 2180.15 Tard = 0.61577 TMax = 0.61577
# <vehicle> <route length>
# <origin node> <dest node> <vehicle> <service type>
0 8
0 90 0 0
90 13 0 2
13 20 0 0
20 1 0 2
1 62 0 0
62 93 0 2
93 91 0 0
91 0 0 0
1 5
0 97 1 0
97 94 1 0
94 33 1 0
33 18 1 0
18 0 1 0
2 2
0 9 2 0
9 0 2 0
3 9
0 15 3 2
15 69 3 0
69 92 3 2
92 39 3 0
39 50 3 0
50 44 3 0
44 16 3 0
16 63 3 0
63 0 3 0
4 11
0 40 4 1
40 55 4 1
55 88 4 1
88 41 4 0
41 99 4 1
99 12 4 2
12 95 4 2
95 10 4 1
10 36 4 1
36 17 4 1
17 0 4 0
5 5
0 24 5 1
24 98 5 1
98 86 5 1
86 65 5 1
65 0 5 0
6 15
0 47 6 2
47 14 6 2
14 51 6 2
51 7 6 1
7 54 6 0
54 87 6 2
87 25 6 1
25 34 6 2
34 89 6 0
89 96 6 1
96 64 6 0
64 100 6 1
100 56 6 2
56 11 6 2
11 0 6 0
7 10
0 90 7 3
90 49 7 4
49 31 7 4
31 68 7 3
68 60 7 4
60 72 7 3
72 35 7 3
35 89 7 3
89 78 7 4
78 0 7 0
8 12
0 42 8 4
42 48 8 5
48 82 8 3
82 58 8 3
58 43 8 5
43 46 8 4
46 5 8 3
5 75 8 4
75 81 8 4
81 95 8 3
95 79 8 4
79 0 8 0
9 13
0 71 9 4
71 74 9 3
74 32 9 3
32 23 9 4
23 88 9 3
88 83 9 3
83 73 9 3
73 85 9 4
85 72 9 5
72 3 9 3
3 96 9 4
96 78 9 5
78 0 9 0
10 11
0 71 10 5
71 74 10 4
74 66 10 3
66 45 10 3
45 83 10 4
83 73 10 5
73 85 10 5
85 61 10 4
61 99 10 4
99 100 10 4
100 0 10 0
11 10
0 82 11 4
82 77 11 5
77 59 11 4
59 84 11 5
84 80 11 4
80 75 11 5
75 2 11 4
2 22 11 5
22 79 11 5
79 0 11 0
12 12
0 30 12 5
30 92 12 5
92 77 12 3
77 84 12 3
84 80 12 3
80 98 12 3
98 19 12 4
19 29 12 5
29 53 12 5
53 21 12 5
21 86 12 5
86 0 12 0
13 2
0 8 13 4
8 0 13 0
14 4
0 37 14 4
37 76 14 3
76 93 14 4
93 0 14 0
15 11
0 52 15 5
52 38 15 5
38 27 15 3
27 28 15 3
28 6 15 3
6 87 15 5
87 81 15 5
81 67 15 3
67 26 15 3
26 57 15 4
57 0 15 0
16 3
0 97 16 3
97 94 16 5
94 0 16 0
17 5
0 4 17 4
4 70 17 5
70 76 17 4
76 91 17 5
91 0 17 0
18 1
0 0 18 0
19 1
0 0 19 0
