# Solution for ../instances-HHCRSP/InstanzVNS_HCSRP_300_5.txt
# Cost = 1698.28 Dist = 5083.48 Tard = 8.12944 TMax = 3.21638
# <vehicle> <route length>
# <origin node> <dest node> <vehicle> <service type>
0 17
0 154 0 1
154 77 0 1
77 262 0 0
262 255 0 0
255 99 0 0
99 296 0 0
296 17 0 0
17 91 0 1
91 31 0 1
31 119 0 1
119 146 0 0
146 162 0 1
162 97 0 1
97 25 0 1
25 263 0 1
263 5 0 0
5 0 0 0
1 11
0 71 1 1
71 174 1 1
174 161 1 1
161 121 1 1
121 102 1 1
102 170 1 1
170 51 1 1
51 197 1 1
197 76 1 1
76 273 1 1
273 0 1 0
2 11
0 299 2 2
299 9 2 2
9 268 2 1
268 118 2 1
118 286 2 2
286 144 2 1
144 254 2 2
254 178 2 1
178 33 2 1
33 86 2 1
86 0 2 0
3 3
0 259 3 0
259 267 3 0
267 0 3 0
4 6
0 15 4 2
15 167 4 2
167 181 4 2
181 179 4 2
179 258 4 2
258 0 4 0
5 6
0 195 5 0
195 43 5 0
43 70 5 0
70 298 5 0
298 282 5 0
282 0 5 0
6 4
0 266 6 1
266 81 6 1
81 90 6 1
90 0 6 0
7 14
0 261 7 0
261 292 7 0
292 93 7 0
93 131 7 0
131 272 7 2
272 183 7 2
183 284 7 2
284 88 7 0
88 280 7 0
280 116 7 0
116 271 7 0
271 24 7 2
24 270 7 0
270 0 7 0
8 14
0 276 8 2
276 182 8 2
182 124 8 2
124 295 8 2
295 100 8 2
100 265 8 2
265 36 8 2
36 64 8 2
64 277 8 2
277 289 8 2
289 140 8 2
140 145 8 2
145 108 8 2
108 0 8 0
9 4
0 135 9 2
135 32 9 2
32 30 9 2
30 0 9 0
10 13
0 115 10 0
115 126 10 0
126 192 10 2
192 257 10 2
257 180 10 0
180 188 10 0
188 117 10 2
117 274 10 0
274 137 10 0
137 41 10 0
41 290 10 2
290 114 10 0
114 0 10 0
11 22
0 260 11 1
260 14 11 0
14 256 11 1
256 165 11 0
165 46 11 2
46 164 11 0
164 291 11 2
291 186 11 1
186 285 11 1
285 87 11 0
87 283 11 1
283 39 11 1
39 300 11 0
300 294 11 0
294 158 11 2
158 275 11 1
275 27 11 2
27 69 11 2
69 251 11 0
251 4 11 2
4 106 11 1
106 0 11 0
12 3
0 297 12 1
297 287 12 1
287 0 12 0
13 2
0 175 13 1
175 0 13 0
14 14
0 269 14 0
269 279 14 1
279 23 14 0
23 85 14 0
85 34 14 1
34 147 14 1
147 18 14 1
18 104 14 0
104 35 14 1
35 156 14 1
156 82 14 1
82 264 14 0
264 40 14 1
40 0 14 0
15 11
0 288 15 2
288 293 15 2
293 21 15 0
21 253 15 2
253 3 15 2
3 278 15 0
278 74 15 0
74 56 15 0
56 281 15 0
281 171 15 2
171 0 15 0
16 3
0 252 16 2
252 193 16 2
193 0 16 0
17 6
0 169 17 1
169 84 17 1
84 96 17 1
96 75 17 1
75 13 17 1
13 0 17 0
18 6
0 58 18 4
58 266 18 4
266 202 18 4
202 190 18 4
190 247 18 4
247 0 18 0
19 10
0 55 19 5
55 199 19 4
199 120 19 4
120 295 19 4
295 109 19 4
109 19 19 5
19 228 19 4
228 265 19 4
265 201 19 5
201 0 19 0
20 21
0 172 20 3
172 262 20 3
262 78 20 4
78 299 20 5
299 80 20 5
80 268 20 3
268 241 20 3
241 291 20 4
291 66 20 3
66 10 20 3
10 2 20 4
2 155 20 3
155 285 20 3
285 300 20 3
300 123 20 4
123 92 20 3
92 251 20 5
251 26 20 4
26 242 20 3
242 221 20 3
221 0 20 0
21 18
0 219 21 3
219 245 21 4
245 153 21 4
153 255 21 5
255 216 21 3
216 200 21 4
200 72 21 4
72 226 21 3
226 67 21 3
67 127 21 5
127 185 21 3
185 224 21 3
224 275 21 4
275 214 21 3
214 89 21 3
89 61 21 5
61 107 21 5
107 0 21 0
22 18
0 219 22 4
219 245 22 5
245 122 22 4
122 184 22 3
184 296 22 4
296 11 22 5
11 216 22 5
216 142 22 5
142 284 22 4
284 177 22 5
177 223 22 4
223 53 22 4
53 48 22 4
48 62 22 3
62 205 22 3
205 243 22 3
243 270 22 4
270 0 22 0
23 20
0 28 23 3
28 209 23 4
209 229 23 3
229 59 23 3
59 198 23 5
198 60 23 5
60 29 23 3
29 22 23 5
22 233 23 4
233 226 23 5
226 68 23 5
68 168 23 3
168 294 23 5
294 47 23 4
47 224 23 4
224 214 23 4
214 159 23 4
159 242 23 5
242 221 23 4
221 0 23 0
24 14
0 209 24 5
209 229 24 5
229 45 24 3
45 130 24 4
130 217 24 3
217 63 24 3
63 212 24 4
212 157 24 5
157 283 24 3
283 149 24 4
149 254 24 3
254 113 24 3
113 7 24 4
7 0 24 0
25 14
0 239 25 3
239 261 25 3
261 6 25 5
6 206 25 3
206 250 25 3
250 240 25 4
240 237 25 4
237 204 25 3
204 227 25 4
227 187 25 3
187 278 25 5
278 273 25 5
273 281 25 3
281 0 25 0
26 16
0 239 26 4
239 160 26 5
160 49 26 5
49 292 26 3
292 206 26 4
206 250 26 5
250 240 26 5
240 237 26 5
237 134 26 3
134 213 26 4
213 189 26 5
189 220 26 4
220 205 26 4
205 263 26 5
263 150 26 5
150 0 26 0
27 10
0 259 27 5
259 202 27 3
202 54 27 5
54 222 27 3
222 257 27 4
257 12 27 3
12 274 27 5
274 95 27 4
95 201 27 3
201 0 27 0
28 11
0 235 28 3
235 236 28 3
236 210 28 3
210 297 28 3
297 191 28 3
191 238 28 5
238 211 28 3
211 203 28 3
203 298 28 3
298 282 28 5
282 0 28 0
29 13
0 235 29 4
235 236 29 5
236 210 29 5
210 244 29 3
244 215 29 3
215 141 29 4
141 252 29 4
252 267 29 3
267 57 29 5
57 231 29 4
231 258 29 4
258 207 29 3
207 0 29 0
30 7
0 246 30 5
246 98 30 3
98 143 30 3
143 101 30 5
101 231 30 3
231 207 30 5
207 0 30 0
31 10
0 246 31 4
246 269 31 4
269 279 31 5
279 166 31 3
166 222 31 5
222 1 31 5
1 264 31 5
264 234 31 3
234 136 31 5
136 0 31 0
32 17
0 276 32 4
276 218 32 5
218 260 32 4
260 286 32 5
286 125 32 4
125 212 32 5
212 103 32 4
103 249 32 5
249 112 32 5
112 230 32 4
230 225 32 4
225 208 32 4
208 105 32 4
105 232 32 4
232 148 32 4
148 234 32 5
234 0 32 0
33 15
0 218 33 3
218 163 33 3
163 256 33 5
256 241 33 5
241 217 33 5
217 233 33 5
233 249 33 3
249 230 33 3
230 225 33 3
225 151 33 3
151 208 33 3
208 232 33 3
232 173 33 3
173 176 33 5
176 0 33 0
34 14
0 42 34 5
42 16 34 4
16 139 34 3
139 52 34 5
52 133 34 3
133 272 34 4
272 223 34 5
223 83 34 4
83 213 34 5
213 220 34 5
220 280 34 4
280 271 34 5
271 243 34 4
243 0 34 0
35 15
0 248 35 3
248 152 35 5
152 50 35 3
50 38 35 3
38 129 35 3
129 228 35 5
228 65 35 4
65 238 35 4
238 132 35 4
132 211 35 5
211 203 35 5
203 287 35 5
287 44 35 3
44 73 35 4
73 0 35 0
36 2
0 20 36 3
20 0 36 0
37 7
0 248 37 5
248 138 37 5
138 244 37 4
244 215 37 4
215 110 37 5
110 128 37 3
128 0 37 0
38 14
0 8 38 5
8 196 38 3
196 111 38 4
111 288 38 3
288 194 38 4
194 293 38 5
293 94 38 3
94 253 38 3
253 204 38 5
204 227 38 5
227 277 38 3
277 289 38 4
289 37 38 4
37 0 38 0
39 4
0 247 39 5
247 79 39 3
79 290 39 5
290 0 39 0
