# Solution for ../instances-HHCRSP/InstanzVNS_HCSRP_200_2.txt
# Cost = 1394.92 Dist = 4184.76 Tard = 0 TMax = 0
# <vehicle> <route length>
# <origin node> <dest node> <vehicle> <service type>
0 9
0 200 0 1
200 39 0 1
39 120 0 1
120 92 0 1
92 38 0 1
38 116 0 0
116 185 0 1
185 192 0 0
192 0 0 0
1 10
0 193 1 2
193 174 1 2
174 103 1 2
103 72 1 2
72 41 1 2
41 19 1 2
19 180 1 2
180 184 1 2
184 12 1 2
12 0 1 0
2 13
0 26 2 0
26 11 2 2
11 182 2 0
182 91 2 0
91 61 2 2
61 45 2 0
45 136 2 2
136 196 2 0
196 2 2 0
2 114 2 0
114 65 2 2
65 179 2 2
179 0 2 0
3 13
0 172 3 1
172 132 3 1
132 171 3 1
171 181 3 1
181 140 3 1
140 138 3 1
138 34 3 2
34 66 3 2
66 129 3 1
129 187 3 2
187 15 3 2
15 176 3 2
176 0 3 0
4 6
0 189 4 2
189 121 4 2
121 90 4 2
90 16 4 2
16 100 4 2
100 0 4 0
5 11
0 198 5 0
198 108 5 1
108 173 5 1
173 133 5 1
133 105 5 0
105 188 5 1
188 31 5 1
31 10 5 0
10 106 5 0
106 21 5 0
21 0 5 0
6 12
0 46 6 0
46 199 6 0
199 123 6 1
123 83 6 0
83 115 6 0
115 117 6 1
117 191 6 0
191 6 6 0
6 57 6 0
57 128 6 1
128 7 6 0
7 0 6 0
7 5
0 59 7 2
59 175 7 2
175 3 7 2
3 43 7 2
43 0 7 0
8 15
0 96 8 1
96 177 8 1
177 9 8 1
9 71 8 1
71 14 8 0
14 54 8 1
54 183 8 1
183 80 8 1
80 113 8 1
113 56 8 1
56 4 8 1
4 33 8 1
33 32 8 0
32 82 8 1
82 0 8 0
9 15
0 190 9 0
190 17 9 1
17 186 9 1
186 40 9 2
40 131 9 1
131 67 9 0
67 44 9 1
44 36 9 2
36 194 9 1
194 197 9 0
197 195 9 1
195 97 9 2
97 42 9 1
42 178 9 2
178 0 9 0
10 14
0 147 10 5
147 156 10 5
156 145 10 4
145 144 10 4
144 84 10 4
84 124 10 4
124 27 10 4
27 68 10 4
68 196 10 4
196 188 10 4
188 149 10 5
149 74 10 4
74 155 10 4
155 0 10 0
11 14
0 147 11 3
147 156 11 3
156 144 11 5
144 73 11 3
73 167 11 4
167 88 11 3
88 160 11 3
160 159 11 3
159 150 11 3
150 130 11 3
130 165 11 3
165 148 11 3
148 76 11 3
76 0 11 0
12 16
0 193 12 4
193 174 12 5
174 94 12 5
94 171 12 5
171 151 12 3
151 158 12 5
158 75 12 5
75 48 12 3
48 29 12 3
29 160 12 5
160 159 12 4
159 150 12 5
150 111 12 4
111 55 12 5
55 79 12 3
79 0 12 0
13 8
0 200 13 3
200 60 13 5
60 157 13 5
157 175 13 3
175 112 13 5
112 142 13 3
142 166 13 5
166 0 13 0
14 18
0 161 14 3
161 1 14 4
1 172 14 5
172 49 14 4
49 182 14 3
182 151 14 4
151 170 14 5
170 5 14 3
5 18 14 3
18 153 14 5
153 134 14 4
134 78 14 3
78 187 14 3
187 109 14 5
109 176 14 3
176 155 14 3
155 179 14 3
179 0 14 0
15 11
0 161 15 4
161 146 15 4
146 168 15 4
168 77 15 4
77 181 15 4
181 158 15 4
158 170 15 4
170 153 15 4
153 35 15 4
35 149 15 4
149 0 15 0
16 11
0 157 16 4
157 141 16 4
141 163 16 4
163 152 16 4
152 164 16 3
164 52 16 4
52 143 16 3
143 142 16 4
142 87 16 4
87 166 16 4
166 0 16 0
17 10
0 51 17 5
51 186 17 3
186 98 17 4
98 119 17 5
119 70 17 5
70 194 17 3
194 37 17 3
37 95 17 3
95 169 17 4
169 0 17 0
18 2
0 63 18 4
63 0 18 0
19 14
0 198 19 3
198 146 19 5
146 135 19 5
135 173 19 3
173 145 19 5
145 122 19 3
122 81 19 3
81 167 19 5
167 25 19 4
25 58 19 4
58 197 19 4
197 195 19 4
195 178 19 4
178 0 19 0
20 11
0 93 20 3
93 199 20 5
199 53 20 4
53 104 20 3
104 118 20 4
118 28 20 5
28 165 20 4
165 148 20 5
148 139 20 3
139 47 20 4
47 0 20 0
21 12
0 126 21 5
126 89 21 5
89 177 21 5
177 154 21 5
154 62 21 4
62 162 21 4
162 107 21 4
107 191 21 5
191 99 21 4
99 24 21 4
24 23 21 5
23 0 21 0
22 10
0 189 22 3
189 50 22 5
50 102 22 3
102 141 22 5
141 164 22 5
164 143 22 5
143 64 22 3
64 86 22 3
86 185 22 5
185 0 22 0
23 9
0 190 23 3
190 137 23 3
137 154 23 3
154 162 23 5
162 110 23 5
110 163 23 3
163 152 23 5
152 169 23 3
169 0 23 0
24 4
0 20 24 5
20 69 24 4
69 192 24 3
192 0 24 0
25 3
0 127 25 5
127 30 25 4
30 0 25 0
26 1
0 0 26 0
27 11
0 8 27 3
8 168 27 3
168 13 27 4
13 183 27 4
183 22 27 3
22 101 27 3
101 125 27 4
125 180 27 4
180 184 27 4
184 85 27 4
85 0 27 0
28 1
0 0 28 0
29 1
0 0 29 0
