# Solution for ../instances-HHCRSP/InstanzVNS_HCSRP_300_7.txt
# Cost = 1645.35 Dist = 4925.08 Tard = 8.41174 TMax = 2.544
# <vehicle> <route length>
# <origin node> <dest node> <vehicle> <service type>
0 12
0 266 0 1
266 262 0 1
262 268 0 1
268 101 0 0
101 105 0 1
105 297 0 1
297 197 0 1
197 259 0 0
259 158 0 1
158 186 0 0
186 63 0 0
63 0 0 0
1 10
0 188 1 2
188 72 1 0
72 288 1 2
288 150 1 2
150 10 1 0
10 156 1 0
156 13 1 0
13 76 1 0
76 152 1 2
152 0 1 0
2 20
0 267 2 1
267 64 2 1
64 65 2 2
65 24 2 1
24 196 2 1
196 145 2 1
145 289 2 2
289 280 2 1
280 77 2 0
77 256 2 2
256 273 2 2
273 148 2 0
148 277 2 0
277 182 2 0
182 174 2 1
174 149 2 2
149 134 2 2
134 85 2 1
85 298 2 1
298 0 2 0
3 3
0 254 3 2
254 279 3 2
279 0 3 0
4 10
0 100 4 1
100 113 4 1
113 129 4 1
129 99 4 1
99 141 4 1
141 45 4 1
45 164 4 1
164 287 4 1
287 175 4 1
175 0 4 0
5 6
0 176 5 1
176 263 5 1
263 261 5 1
261 22 5 2
22 106 5 1
106 0 5 0
6 4
0 146 6 1
146 284 6 1
284 292 6 0
292 0 6 0
7 12
0 124 7 1
124 82 7 0
82 97 7 0
97 93 7 1
93 165 7 0
165 170 7 0
170 102 7 0
102 29 7 0
29 15 7 1
15 33 7 1
33 151 7 1
151 0 7 0
8 14
0 265 8 2
265 53 8 0
53 18 8 0
18 136 8 2
136 191 8 2
191 300 8 2
300 257 8 0
257 185 8 0
185 274 8 0
274 285 8 2
285 86 8 2
86 163 8 2
163 12 8 0
12 0 8 0
9 15
0 278 9 2
278 270 9 0
270 290 9 2
290 286 9 0
286 25 9 2
25 293 9 0
293 59 9 0
59 67 9 2
67 127 9 0
127 291 9 0
291 269 9 2
269 161 9 0
161 169 9 2
169 9 9 0
9 0 9 0
10 4
0 260 10 2
260 299 10 2
299 54 10 2
54 0 10 0
11 18
0 258 11 1
258 189 11 0
189 275 11 0
275 51 11 0
51 108 11 0
108 80 11 2
80 68 11 1
68 147 11 0
147 255 11 1
255 115 11 2
115 79 11 1
79 155 11 1
155 26 11 2
26 253 11 0
253 57 11 0
57 251 11 2
251 294 11 2
294 0 11 0
12 1
0 0 12 0
13 1
0 0 13 0
14 13
0 11 14 0
11 143 14 0
143 42 14 2
42 252 14 2
252 2 14 2
2 40 14 2
40 193 14 2
193 281 14 2
281 295 14 0
295 296 14 1
296 14 14 1
14 264 14 2
264 0 14 0
15 9
0 50 15 0
50 282 15 1
282 172 15 1
172 38 15 0
38 272 15 1
272 78 15 1
78 46 15 1
46 271 15 0
271 0 15 0
16 1
0 0 16 0
17 15
0 192 17 0
192 183 17 1
183 131 17 2
131 114 17 0
114 75 17 2
75 283 17 1
283 90 17 2
90 140 17 0
140 276 17 2
276 187 17 0
187 130 17 2
130 36 17 2
36 190 17 1
190 39 17 0
39 0 17 0
18 18
0 266 18 5
266 219 18 4
219 133 18 3
133 81 18 4
81 248 18 4
248 268 18 5
268 69 18 5
69 104 18 4
104 74 18 4
74 225 18 4
225 159 18 5
159 239 18 4
239 144 18 3
144 215 18 3
215 224 18 4
224 226 18 4
226 199 18 5
199 0 18 0
19 7
0 73 19 3
73 58 19 3
58 43 19 3
43 213 19 3
213 257 19 3
257 241 19 3
241 0 19 0
20 14
0 219 20 5
219 237 20 4
237 262 20 5
262 222 20 5
222 234 20 4
234 205 20 4
205 281 20 5
281 70 20 5
70 209 20 5
209 295 20 4
295 236 20 4
236 111 20 4
111 294 20 4
294 0 20 0
21 15
0 211 21 4
211 237 21 3
237 252 21 4
252 1 21 4
1 222 21 3
222 234 21 3
234 205 21 5
205 126 21 3
126 209 21 3
209 62 21 3
62 296 21 3
296 88 21 3
88 125 21 5
125 243 21 4
243 0 21 0
22 6
0 211 22 5
211 267 22 4
267 258 22 3
258 284 22 4
284 112 22 5
112 0 22 0
23 17
0 202 23 4
202 210 23 4
210 275 23 4
275 217 23 5
217 203 23 5
203 256 23 4
256 273 23 4
273 242 23 4
242 55 23 4
55 230 23 4
230 117 23 5
117 30 23 5
30 264 23 4
264 218 23 5
218 107 23 5
107 243 23 5
243 0 23 0
24 15
0 202 24 3
202 31 24 3
31 210 24 3
210 217 24 3
217 203 24 3
203 52 24 3
52 116 24 5
116 242 24 3
242 91 24 4
91 277 24 3
277 71 24 4
71 7 24 4
7 249 24 5
249 271 24 4
271 0 24 0
25 8
0 206 25 3
206 34 25 3
34 235 25 3
235 221 25 3
221 132 25 3
132 110 25 3
110 204 25 3
204 0 25 0
26 12
0 206 26 4
206 288 26 5
288 49 26 4
49 35 26 3
35 248 26 5
248 8 26 5
8 297 26 5
297 236 26 5
236 259 26 3
259 61 26 4
61 122 26 3
122 0 26 0
27 14
0 232 27 3
232 231 27 3
231 278 27 3
278 20 27 3
20 137 27 4
137 162 27 5
162 293 27 3
293 245 27 4
245 261 27 4
261 212 27 4
212 60 27 3
60 250 27 3
250 292 27 3
292 0 27 0
28 19
0 232 28 5
232 231 28 4
231 270 28 5
270 290 28 3
290 157 28 3
157 200 28 4
200 135 28 5
135 286 28 3
286 28 28 4
28 142 28 4
142 83 28 3
83 238 28 5
238 180 28 5
180 37 28 4
37 214 28 3
214 220 28 3
220 44 28 3
44 204 28 5
204 0 28 0
29 10
0 216 29 4
216 213 29 4
213 5 29 4
5 246 29 4
246 198 29 3
198 238 29 3
238 291 29 3
291 269 29 4
269 201 29 3
201 0 29 0
30 11
0 216 30 5
216 139 30 5
139 171 30 5
171 195 30 3
195 154 30 3
154 212 30 3
212 17 30 3
17 299 30 5
299 250 30 5
250 227 30 5
227 0 30 0
31 19
0 208 31 3
208 240 31 5
240 95 31 4
95 207 31 3
207 282 31 3
282 233 31 5
233 120 31 3
120 118 31 4
118 289 31 3
289 280 31 3
280 166 31 3
166 255 31 5
255 247 31 3
247 228 31 3
228 244 31 4
244 253 31 4
253 298 31 4
298 251 31 5
251 0 31 0
32 11
0 208 32 4
208 240 32 4
240 207 32 4
207 233 32 3
233 128 32 3
128 272 32 4
272 230 32 3
230 16 32 4
16 218 32 3
218 249 32 4
249 0 32 0
33 6
0 254 33 3
254 279 33 5
279 48 33 3
48 153 33 4
153 227 33 4
227 0 33 0
34 16
0 265 34 5
265 23 34 3
23 160 34 3
160 121 34 3
121 246 34 5
246 300 34 5
300 138 34 4
138 66 34 3
66 241 34 5
241 181 34 4
181 6 34 4
6 184 34 4
184 214 34 5
214 220 34 5
220 287 34 4
287 0 34 0
35 8
0 260 35 5
260 92 35 4
92 245 35 5
245 221 35 4
221 274 35 4
274 285 35 5
285 201 35 4
201 0 35 0
36 16
0 98 36 3
98 123 36 3
123 235 36 4
235 89 36 5
89 84 36 4
84 263 36 4
263 167 36 5
167 225 36 5
225 27 36 3
27 239 36 5
239 215 36 4
215 224 36 5
224 226 36 5
226 47 36 4
47 103 36 3
103 0 36 0
37 4
0 223 37 3
223 19 37 3
19 173 37 5
173 0 37 0
38 19
0 56 38 4
56 168 38 5
168 3 38 3
3 178 38 5
178 21 38 4
21 32 38 3
32 119 38 5
119 229 38 4
229 283 38 5
283 109 38 4
109 194 38 5
194 96 38 5
96 41 38 5
41 247 38 4
247 228 38 4
228 244 38 5
244 177 38 3
177 94 38 3
94 0 38 0
39 7
0 223 39 4
223 4 39 4
4 229 39 5
229 276 39 3
276 87 39 4
87 179 39 3
179 0 39 0
