# Solution for ../instances-HHCRSP/InstanzVNS_HCSRP_200_1.txt
# Cost = 1425.49 Dist = 4238.9 Tard = 27.325 TMax = 10.243
# <vehicle> <route length>
# <origin node> <dest node> <vehicle> <service type>
0 13
0 139 0 0
139 189 0 0
189 82 0 0
82 101 0 0
101 19 0 0
19 183 0 0
183 195 0 0
195 199 0 0
199 185 0 0
185 197 0 0
197 107 0 0
107 46 0 0
46 0 0 0
1 12
0 42 1 2
42 182 1 2
182 186 1 2
186 178 1 2
178 123 1 2
123 17 1 2
17 5 1 2
5 131 1 2
131 57 1 2
57 59 1 2
59 7 1 2
7 0 1 0
2 8
0 134 2 1
134 177 2 1
177 98 2 1
98 12 2 1
12 111 2 1
111 128 2 1
128 176 2 1
176 0 2 0
3 11
0 181 3 2
181 81 3 2
81 137 3 2
137 194 3 2
194 193 3 2
193 184 3 2
184 53 3 2
53 30 3 2
30 200 3 2
200 99 3 2
99 0 3 0
4 5
0 43 4 1
43 31 4 1
31 58 4 1
58 89 4 1
89 0 4 0
5 7
0 180 5 1
180 78 5 1
78 56 5 1
56 3 5 1
3 41 5 1
41 110 5 1
110 0 5 0
6 8
0 70 6 2
70 13 6 1
13 67 6 2
67 73 6 1
73 22 6 2
22 21 6 2
21 192 6 1
192 0 6 0
7 21
0 125 7 0
125 33 7 0
33 198 7 2
198 175 7 0
175 104 7 1
104 60 7 2
60 62 7 1
62 71 7 1
71 15 7 0
15 179 7 0
179 188 7 2
188 93 7 2
93 187 7 0
187 103 7 0
103 90 7 0
90 106 7 0
106 66 7 0
66 191 7 2
191 25 7 2
25 55 7 0
55 0 7 0
8 11
0 47 8 0
47 120 8 1
120 190 8 1
190 172 8 1
172 48 8 0
48 77 8 0
77 97 8 1
97 11 8 1
11 171 8 1
171 196 8 0
196 0 8 0
9 14
0 174 9 0
174 18 9 0
18 61 9 0
61 84 9 0
84 100 9 0
100 129 9 2
129 92 9 0
92 75 9 0
75 173 9 2
173 38 9 0
38 40 9 2
40 105 9 0
105 133 9 2
133 0 9 0
10 14
0 83 10 5
83 189 10 3
189 85 10 3
85 26 10 5
26 109 10 3
109 35 10 5
35 199 10 4
199 72 10 4
72 185 10 4
185 197 10 5
197 143 10 4
143 74 10 4
74 32 10 4
32 0 10 0
11 4
0 162 11 3
162 176 11 3
176 164 11 3
164 0 11 0
12 13
0 170 12 5
170 198 12 5
198 138 12 3
138 175 12 5
175 169 12 3
169 79 12 3
79 179 12 3
179 188 12 3
188 167 12 3
167 158 12 3
158 153 12 3
153 156 12 3
156 0 12 0
13 15
0 170 13 4
170 102 13 4
102 24 13 5
24 140 13 4
140 54 13 3
54 142 13 4
142 94 13 4
94 16 13 4
16 39 13 3
39 135 13 3
135 167 13 5
167 29 13 3
29 36 13 3
36 69 13 5
69 0 13 0
14 5
0 162 14 4
162 34 14 4
34 157 14 4
157 141 14 4
141 0 14 0
15 8
0 182 15 4
182 186 15 4
186 49 15 4
49 144 15 4
144 195 15 4
195 112 15 4
112 147 15 4
147 0 15 0
16 6
0 95 16 5
95 9 16 4
9 150 16 5
150 87 16 5
87 173 16 4
173 0 16 0
17 19
0 154 17 3
154 91 17 3
91 159 17 3
159 45 17 3
45 169 17 4
169 23 17 4
23 86 17 5
86 194 17 3
194 193 17 5
193 2 17 4
2 132 17 3
132 1 17 3
1 144 17 5
144 187 17 4
187 147 17 5
147 96 17 5
96 116 17 4
116 80 17 5
80 0 17 0
18 12
0 154 18 5
154 159 18 5
159 20 18 5
20 190 18 5
190 37 18 3
37 160 18 5
160 142 18 3
142 165 18 5
165 184 18 5
184 158 18 5
158 153 18 5
153 0 18 0
19 6
0 151 19 3
151 52 19 3
52 177 19 5
177 161 19 5
161 155 19 5
155 0 19 0
20 14
0 181 20 4
181 117 20 5
117 27 20 4
27 65 20 4
65 172 20 4
172 160 20 4
160 6 20 4
6 63 20 4
63 119 20 4
119 136 20 4
136 126 20 4
126 165 20 4
165 200 20 3
200 0 20 0
21 6
0 50 21 5
50 88 21 5
88 174 21 3
174 157 21 5
157 141 21 5
141 0 21 0
22 5
0 151 22 4
151 161 22 4
161 155 22 4
155 51 22 4
51 0 22 0
23 15
0 108 23 3
108 148 23 3
148 115 23 3
115 149 23 3
149 166 23 3
166 178 23 5
178 146 23 4
146 152 23 3
152 68 23 4
68 168 23 3
168 163 23 3
163 183 23 4
183 130 23 5
130 44 23 3
44 0 23 0
24 4
0 8 24 4
8 122 24 5
122 150 24 3
150 0 24 0
25 11
0 148 25 4
148 149 25 5
149 166 25 4
166 146 25 5
146 152 25 5
152 168 25 5
168 163 25 4
163 124 25 4
124 4 25 3
4 143 25 5
143 0 25 0
26 11
0 180 26 4
180 14 26 3
14 118 26 5
118 145 26 4
145 114 26 5
114 64 26 3
64 76 26 3
76 171 26 5
171 196 26 5
196 156 26 4
156 0 26 0
27 7
0 127 27 3
127 145 27 5
145 113 27 5
113 191 27 3
191 164 27 4
164 28 27 5
28 0 27 0
28 4
0 10 28 4
10 121 28 4
121 192 28 3
192 0 28 0
29 1
0 0 29 0
