# Solution for ../instances-HHCRSP/InstanzVNS_HCSRP_200_5.txt
# Cost = 1354.5 Dist = 4038.62 Tard = 18.151 TMax = 6.73924
# <vehicle> <route length>
# <origin node> <dest node> <vehicle> <service type>
0 19
0 77 0 1
77 172 0 1
172 14 0 0
14 99 0 0
99 46 0 2
46 184 0 1
184 9 0 2
9 17 0 0
17 186 0 2
186 200 0 2
200 69 0 2
69 39 0 1
39 27 0 2
27 97 0 1
97 4 0 2
4 5 0 0
5 33 0 1
33 189 0 2
189 0 0 0
1 6
0 192 1 1
192 194 1 1
194 34 1 1
34 35 1 1
35 82 1 1
82 0 1 0
2 9
0 196 2 2
196 188 2 2
188 198 2 2
198 64 2 2
64 180 2 2
180 3 2 2
3 36 2 2
36 100 2 2
100 0 2 0
3 13
0 115 3 0
115 182 3 0
182 70 3 0
70 126 3 0
126 23 3 0
23 85 3 0
85 104 3 0
104 56 3 0
56 74 3 0
74 41 3 0
41 114 3 0
114 193 3 0
193 0 3 0
4 9
0 81 4 1
81 195 4 2
195 135 4 2
135 30 4 2
30 90 4 1
90 108 4 2
108 13 4 1
13 96 4 1
96 0 4 0
5 17
0 199 5 0
199 93 5 0
93 131 5 0
131 118 5 1
118 91 5 1
91 183 5 1
183 177 5 0
177 87 5 0
87 31 5 1
31 185 5 1
185 119 5 1
119 178 5 0
178 25 5 1
25 106 5 1
106 88 5 0
88 116 5 0
116 0 5 0
6 2
0 32 6 2
32 0 6 0
7 8
0 179 7 0
179 181 7 0
181 43 7 0
43 190 7 0
190 191 7 0
191 21 7 0
21 137 7 0
137 0 7 0
8 11
0 71 8 1
71 174 8 1
174 121 8 1
121 18 8 1
18 51 8 1
51 86 8 1
86 102 8 1
102 197 8 1
197 176 8 1
176 75 8 1
75 0 8 0
9 13
0 15 9 2
15 84 9 1
84 175 9 1
175 124 9 2
124 117 9 2
117 171 9 2
171 187 9 2
187 76 9 1
76 24 9 2
24 40 9 1
40 140 9 2
140 173 9 2
173 0 9 0
10 12
0 166 10 3
166 42 10 5
42 49 10 5
49 60 10 5
60 139 10 3
139 161 10 3
161 12 10 3
12 19 10 5
19 187 10 3
187 136 10 5
136 145 10 3
145 0 10 0
11 11
0 166 11 5
166 160 11 3
160 192 11 4
192 194 11 3
194 161 11 4
161 120 11 4
120 171 11 5
171 95 11 4
95 132 11 4
132 145 11 5
145 0 11 0
12 19
0 122 12 4
122 165 12 3
165 172 12 5
172 163 12 3
163 80 12 5
80 63 12 3
63 183 12 5
183 125 12 4
125 177 12 3
177 53 12 4
53 168 12 4
168 68 12 5
68 146 12 3
146 123 12 4
123 92 12 3
92 150 12 3
150 159 12 4
159 189 12 4
189 0 12 0
13 13
0 165 13 4
165 163 13 5
163 72 13 4
72 155 13 3
155 185 13 3
185 157 13 3
157 103 13 4
103 158 13 4
158 162 13 3
162 26 13 4
26 150 13 4
150 107 13 5
107 0 13 0
14 9
0 143 14 5
143 182 14 4
182 8 14 5
8 58 14 4
58 167 14 4
167 181 14 5
181 175 14 4
175 110 14 5
110 0 14 0
15 9
0 143 15 3
143 50 15 3
50 20 15 3
20 195 15 3
195 167 15 3
167 141 15 4
141 128 15 3
128 193 15 4
193 0 15 0
16 13
0 160 16 5
160 28 16 3
28 188 16 5
188 147 16 5
147 144 16 5
144 149 16 3
149 112 16 5
112 62 16 3
62 151 16 5
151 170 16 3
170 156 16 5
156 148 16 3
148 0 16 0
17 15
0 154 17 3
154 54 17 5
54 199 17 3
199 198 17 4
198 52 17 5
52 180 17 3
180 147 17 4
147 144 17 4
144 130 17 4
130 83 17 4
83 149 17 5
149 178 17 4
178 37 17 4
37 173 17 4
173 0 17 0
18 21
0 154 18 5
154 45 18 3
45 78 18 4
78 153 18 3
153 164 18 3
164 11 18 5
11 184 18 4
184 142 18 3
142 10 18 3
10 2 18 4
2 66 18 3
66 47 18 4
47 155 18 4
155 157 18 5
157 158 18 5
158 162 18 5
162 146 18 4
146 61 18 5
61 89 18 3
89 159 18 5
159 0 18 0
19 2
0 44 19 3
44 0 19 0
20 15
0 153 20 5
153 164 20 4
164 142 20 4
142 127 20 5
127 186 20 5
186 200 20 3
200 67 20 3
67 168 20 5
168 113 20 3
113 48 20 4
48 7 20 4
7 134 20 3
134 156 20 4
156 148 20 5
148 0 20 0
21 8
0 196 21 4
196 174 21 4
174 65 21 4
65 79 21 3
79 141 21 5
141 73 21 4
73 57 21 5
57 0 21 0
22 9
0 152 22 4
152 111 22 4
111 38 22 3
38 55 22 5
55 129 22 3
129 94 22 3
94 109 22 4
109 1 22 5
1 0 22 0
23 5
0 152 23 5
152 98 23 3
98 190 23 3
190 191 23 3
191 0 23 0
24 12
0 16 24 4
16 6 24 5
6 59 24 3
59 22 24 5
22 133 24 3
133 29 24 3
29 151 24 4
151 170 24 5
170 105 24 4
105 197 24 4
197 176 24 3
176 0 24 0
25 3
0 138 25 5
138 179 25 5
179 0 25 0
26 2
0 169 26 3
169 0 26 0
27 2
0 169 27 5
169 0 27 0
28 2
0 101 28 5
101 0 28 0
29 1
0 0 29 0
