# Solution for ../instances-HHCRSP/InstanzVNS_HCSRP_200_8.txt
# Cost = 1168.88 Dist = 3479.4 Tard = 18.1485 TMax = 9.09902
# <vehicle> <route length>
# <origin node> <dest node> <vehicle> <service type>
0 20
0 42 0 0
42 194 0 1
194 188 0 0
188 134 0 0
134 40 0 0
40 184 0 1
184 185 0 0
185 22 0 1
22 132 0 0
132 119 0 0
119 107 0 1
107 171 0 0
171 174 0 1
174 51 0 0
51 62 0 0
62 81 0 0
81 27 0 1
27 191 0 0
191 176 0 1
176 0 0 0
1 8
0 179 1 0
179 197 1 0
197 139 1 0
139 94 1 0
94 192 1 0
192 74 1 0
74 129 1 0
129 0 1 0
2 23
0 45 2 2
45 125 2 0
125 195 2 0
195 193 2 0
193 65 2 0
65 55 2 0
55 130 2 0
130 117 2 2
117 186 2 0
186 95 2 0
95 135 2 0
135 58 2 2
58 198 2 0
198 77 2 2
77 5 2 0
5 16 2 0
16 76 2 0
76 181 2 2
181 73 2 0
73 98 2 0
98 127 2 2
127 103 2 2
103 0 2 0
3 13
0 91 3 2
91 57 3 1
57 102 3 2
102 92 3 1
92 23 3 2
23 68 3 2
68 183 3 2
183 172 3 2
172 6 3 2
6 56 3 2
56 12 3 2
12 113 3 2
113 0 3 0
4 10
0 199 4 1
199 189 4 1
189 33 4 1
33 75 4 1
75 200 4 1
200 53 4 1
53 180 4 1
180 44 4 1
44 48 4 1
48 0 4 0
5 7
0 87 5 1
87 126 5 1
126 110 5 1
110 175 5 1
175 115 5 1
115 138 5 1
138 0 5 0
6 12
0 10 6 0
10 182 6 0
182 178 6 0
178 104 6 2
104 196 6 2
196 13 6 2
13 120 6 0
120 187 6 0
187 105 6 2
105 72 6 0
72 46 6 2
46 0 6 0
7 4
0 60 7 2
60 177 7 2
177 93 7 2
93 0 7 0
8 13
0 112 8 0
112 11 8 0
11 17 8 0
17 21 8 0
21 36 8 1
36 78 8 0
78 190 8 1
190 100 8 0
100 173 8 0
173 90 8 0
90 109 8 0
109 32 8 1
32 0 8 0
9 7
0 54 9 1
54 66 9 1
66 131 9 1
131 4 9 1
4 71 9 1
71 18 9 1
18 0 9 0
10 13
0 194 10 5
194 137 10 4
137 25 10 5
25 184 10 5
184 185 10 5
185 82 10 4
82 149 10 4
149 187 10 4
187 180 10 4
180 157 10 5
157 88 10 5
88 80 10 5
80 0 10 0
11 17
0 179 11 3
179 197 11 3
197 136 11 3
136 106 11 4
106 14 11 5
14 116 11 5
116 26 11 3
26 63 11 5
63 19 11 3
19 190 11 5
190 30 11 5
30 29 11 3
29 52 11 4
52 146 11 3
146 154 11 4
154 147 11 3
147 0 11 0
12 8
0 168 12 3
168 8 12 5
8 195 12 4
195 200 12 3
200 149 12 5
149 34 12 5
34 99 12 5
99 0 12 0
13 12
0 168 13 5
168 189 13 3
189 193 13 4
193 47 13 4
47 83 13 3
83 164 13 3
164 24 13 4
24 171 13 4
171 118 13 5
118 39 13 4
39 153 13 4
153 0 13 0
14 13
0 188 14 3
188 64 14 3
64 167 14 3
167 166 14 3
166 3 14 4
3 114 14 5
114 122 14 5
122 111 14 5
111 181 14 4
181 165 14 3
165 158 14 3
158 150 14 4
150 0 14 0
15 11
0 163 15 4
163 161 15 5
161 143 15 4
143 145 15 5
145 128 15 4
128 156 15 4
156 140 15 5
140 31 15 5
31 162 15 5
162 176 15 5
176 0 15 0
16 16
0 163 16 5
163 161 16 3
161 143 16 5
143 145 16 3
145 37 16 5
37 156 16 5
156 198 16 3
198 133 16 4
133 28 16 3
28 162 16 3
162 79 16 3
79 152 16 3
152 165 16 4
165 158 16 5
158 150 16 5
150 0 16 0
17 11
0 108 17 3
108 199 17 4
199 49 17 5
49 70 17 5
70 121 17 3
121 167 17 4
167 166 17 5
166 196 17 4
196 69 17 3
69 157 17 3
157 0 17 0
18 15
0 151 18 4
151 61 18 4
61 170 18 4
170 182 18 4
182 15 18 4
15 2 18 4
2 173 18 4
173 144 18 4
144 148 18 4
148 142 18 3
142 9 18 5
9 146 18 5
146 154 18 5
154 147 18 4
147 0 18 0
19 7
0 151 19 5
151 124 19 3
124 170 19 5
170 178 19 4
178 38 19 4
38 191 19 5
191 0 19 0
20 9
0 59 20 3
59 192 20 5
192 144 20 3
144 148 20 5
148 142 20 5
142 141 20 5
141 169 20 5
169 85 20 3
85 0 20 0
21 8
0 155 21 4
155 50 21 4
50 86 21 4
86 159 21 3
159 20 21 3
20 141 21 3
141 169 21 3
169 0 21 0
22 8
0 155 22 5
155 84 22 4
84 159 22 4
159 183 22 4
183 172 22 3
172 175 22 5
175 101 22 4
101 0 22 0
23 5
0 177 23 5
177 41 23 5
41 96 23 5
96 160 23 5
160 0 23 0
24 2
0 67 24 5
67 0 24 0
25 12
0 43 25 4
43 7 25 3
7 1 25 4
1 97 25 4
97 186 25 3
186 164 25 5
164 89 25 4
89 174 25 5
174 35 25 4
35 152 25 4
152 153 25 5
153 0 25 0
26 1
0 0 26 0
27 1
0 0 27 0
28 3
0 123 28 4
123 160 28 4
160 0 28 0
29 1
0 0 29 0
