# Solution for ../instances-HHCRSP/InstanzVNS_HCSRP_300_10.txt
# Cost = 1928.88 Dist = 5741.85 Tard = 27.2352 TMax = 17.5508
# <vehicle> <route length>
# <origin node> <dest node> <vehicle> <service type>
0 16
0 2 0 0
2 264 0 1
264 64 0 1
64 33 0 0
33 158 0 1
158 289 0 0
289 174 0 0
174 198 0 0
198 62 0 0
62 263 0 1
263 36 0 1
36 91 0 1
91 153 0 0
153 270 0 0
270 251 0 0
251 0 0 0
1 12
0 292 1 2
292 57 1 2
57 126 1 2
126 144 1 2
144 61 1 2
61 296 1 2
296 171 1 2
171 107 1 2
107 27 1 2
27 272 1 2
272 166 1 2
166 0 1 0
2 9
0 102 2 2
102 259 2 2
259 271 2 2
271 255 2 2
255 24 2 2
24 32 2 2
32 299 2 2
299 31 2 2
31 0 2 0
3 9
0 141 3 1
141 274 3 1
274 35 3 1
35 268 3 1
268 262 3 1
262 111 3 1
111 132 3 1
132 186 3 1
186 0 3 0
4 10
0 124 4 2
124 197 4 2
197 300 4 2
300 293 4 2
293 129 4 2
129 179 4 2
179 137 4 2
137 164 4 2
164 59 4 2
59 0 4 0
5 11
0 148 5 0
148 58 5 0
58 83 5 0
83 276 5 0
276 84 5 0
84 151 5 0
151 99 5 0
99 281 5 0
281 60 5 0
60 47 5 0
47 0 5 0
6 6
0 159 6 2
159 253 6 2
253 80 6 2
80 29 6 2
29 28 6 2
28 0 6 0
7 15
0 267 7 1
267 7 7 1
7 11 7 1
11 34 7 2
34 170 7 1
170 266 7 1
266 105 7 1
105 277 7 1
277 191 7 2
191 295 7 1
295 269 7 2
269 43 7 2
43 278 7 1
278 285 7 1
285 0 7 0
8 15
0 287 8 0
287 257 8 0
257 256 8 0
256 138 8 0
138 125 8 1
125 273 8 0
273 16 8 0
16 118 8 0
118 182 8 1
182 294 8 1
294 162 8 1
162 187 8 1
187 152 8 0
152 42 8 1
42 0 8 0
9 3
0 254 9 2
254 142 9 2
142 0 9 0
10 5
0 50 10 1
50 94 10 1
94 18 10 1
18 275 10 1
275 0 10 0
11 8
0 163 11 0
163 113 11 0
113 284 11 0
284 66 11 0
66 14 11 0
14 286 11 0
286 196 11 0
196 0 11 0
12 15
0 104 12 0
104 22 12 1
22 290 12 0
290 147 12 0
147 4 12 0
4 298 12 0
298 165 12 0
165 19 12 1
19 282 12 0
282 161 12 0
161 139 12 1
139 177 12 0
177 173 12 1
173 297 12 1
297 0 12 0
13 11
0 89 13 0
89 103 13 1
103 44 13 0
44 154 13 1
154 261 13 1
261 156 13 0
156 40 13 1
40 190 13 0
190 122 13 0
122 283 13 0
283 0 13 0
14 10
0 176 14 0
176 70 14 2
70 265 14 0
265 279 14 0
279 252 14 0
252 280 14 2
280 95 14 0
95 291 14 0
291 48 14 0
48 0 14 0
15 13
0 26 15 1
26 63 15 2
63 108 15 2
108 90 15 1
90 143 15 2
143 258 15 1
258 260 15 1
260 133 15 2
133 288 15 2
288 157 15 2
157 77 15 1
77 30 15 2
30 0 15 0
16 1
0 0 16 0
17 1
0 0 17 0
18 11
0 264 18 3
264 140 18 3
140 247 18 3
247 236 18 4
236 136 18 5
136 23 18 3
23 1 18 3
1 208 18 4
208 222 18 4
222 245 18 3
245 0 18 0
19 16
0 12 19 5
12 241 19 3
241 230 19 5
230 246 19 5
246 211 19 5
211 150 19 5
150 181 19 4
181 247 19 5
247 236 19 5
236 243 19 4
243 69 19 5
69 269 19 4
269 199 19 5
199 210 19 3
210 251 19 4
251 0 19 0
20 16
0 241 20 4
241 230 20 3
230 246 20 3
246 211 20 3
211 93 20 3
93 131 20 4
131 203 20 3
203 242 20 3
242 232 20 4
232 263 20 4
263 201 20 3
201 67 20 4
67 231 20 3
231 114 20 4
114 121 20 4
121 0 20 0
21 19
0 292 21 4
292 267 21 5
267 290 21 5
290 3 21 3
3 296 21 3
296 145 21 4
145 178 21 3
178 8 21 4
8 167 21 3
167 214 21 4
214 109 21 5
109 51 21 5
51 248 21 4
248 235 21 3
235 75 21 5
75 112 21 4
112 21 21 5
21 10 21 4
10 0 21 0
22 16
0 228 22 3
228 37 22 4
37 240 22 4
240 221 22 3
221 227 22 3
227 130 22 3
130 229 22 5
229 250 22 5
250 215 22 5
215 275 22 5
275 168 22 5
168 92 22 5
92 205 22 4
205 283 22 5
283 233 22 5
233 0 22 0
23 13
0 183 23 3
183 216 23 3
216 219 23 3
219 202 23 3
202 265 23 3
265 279 23 4
279 229 23 3
229 250 23 3
250 215 23 4
215 212 23 3
212 239 23 4
239 206 23 3
206 0 23 0
24 11
0 218 24 3
218 101 24 3
101 53 24 3
53 300 24 3
300 293 24 3
293 213 24 3
213 225 24 3
225 224 24 3
224 262 24 3
262 205 24 3
205 0 24 0
25 15
0 228 25 5
228 240 25 5
240 221 25 4
221 227 25 5
227 298 25 4
298 119 25 4
119 38 25 4
38 258 25 3
258 260 25 4
260 282 25 5
282 220 25 3
220 238 25 3
238 81 25 3
81 270 25 3
270 0 25 0
26 17
0 287 26 5
287 223 26 4
223 115 26 3
115 68 26 5
68 256 26 3
256 86 26 5
86 15 26 3
15 271 26 5
271 96 26 3
96 120 26 4
120 56 26 5
56 288 26 5
288 74 26 5
74 184 26 5
184 201 26 4
201 231 26 4
231 0 26 0
27 6
0 257 27 3
257 253 27 3
253 76 27 3
76 268 27 3
268 233 27 3
233 0 27 0
28 6
0 218 28 4
218 194 28 4
194 73 28 4
73 172 28 5
172 226 28 4
226 0 28 0
29 15
0 223 29 5
223 259 29 5
259 175 29 5
175 52 29 5
52 273 29 5
273 266 29 5
266 243 29 5
243 277 29 4
277 193 29 3
193 6 29 4
6 272 29 5
272 278 29 5
278 13 29 3
13 285 29 5
285 0 29 0
30 9
0 254 30 5
254 49 30 5
49 207 30 3
207 234 30 3
234 135 30 3
135 261 30 3
261 280 30 3
280 210 30 5
210 0 30 0
31 12
0 85 31 4
85 195 31 3
195 216 31 5
216 219 31 4
219 202 31 4
202 127 31 5
127 299 31 4
299 98 31 4
98 82 31 4
82 291 31 4
291 54 31 5
54 0 31 0
32 16
0 45 32 4
45 180 32 3
180 149 32 4
149 39 32 3
39 155 32 5
155 185 32 4
185 88 32 5
88 9 32 3
9 214 32 5
214 294 32 5
294 248 32 5
248 235 32 5
235 297 32 4
297 160 32 3
160 200 32 4
200 0 32 0
33 13
0 78 33 3
78 192 33 5
192 123 33 3
123 289 33 3
289 203 33 4
203 242 33 5
242 232 33 5
232 295 33 5
295 116 33 4
116 208 33 5
208 222 33 5
222 245 33 4
245 0 33 0
34 15
0 204 34 4
204 5 34 4
5 188 34 3
188 189 34 3
189 110 34 5
110 117 34 3
117 71 34 4
71 213 34 4
213 225 34 5
225 224 34 4
224 41 34 5
41 25 34 5
25 284 34 4
284 286 34 4
286 0 34 0
35 10
0 204 35 5
204 100 35 5
100 106 35 3
106 87 35 5
87 169 35 5
169 46 35 5
46 146 35 4
146 55 35 5
55 226 35 5
226 0 35 0
36 16
0 134 36 4
134 20 36 4
20 276 36 5
276 207 36 4
207 234 36 4
234 255 36 5
255 252 36 5
252 79 36 5
79 220 36 5
220 238 36 4
238 72 36 4
72 281 36 5
281 212 36 5
212 239 36 5
239 206 36 5
206 0 36 0
37 10
0 274 37 5
274 128 37 4
128 65 37 4
65 97 37 3
97 217 37 3
217 17 37 4
17 209 37 4
209 237 37 3
237 244 37 4
244 0 37 0
38 5
0 249 38 3
249 217 38 4
217 209 38 5
209 237 38 5
237 0 38 0
39 3
0 249 39 5
249 244 39 5
244 0 39 0
