# Solution for ../instances-HHCRSP/InstanzVNS_HCSRP_100_1.txt
# Cost = 1357.43 Dist = 2812.9 Tard = 1035.52 TMax = 223.883
# <vehicle> <route length>
# <origin node> <dest node> <vehicle> <service type>
0 17
0 47 0 0
47 33 0 0
33 86 0 0
86 94 0 0
94 15 0 0
15 48 0 0
48 100 0 0
100 90 0 0
90 66 0 0
66 61 0 0
61 18 0 0
18 38 0 0
38 92 0 0
92 19 0 0
19 46 0 0
46 55 0 0
55 0 0 0
1 10
0 12 1 1
12 91 1 2
91 62 1 1
62 60 1 2
60 97 1 1
97 30 1 2
30 99 1 2
99 11 1 1
11 53 1 2
53 0 1 0
2 14
0 42 2 2
42 31 2 1
31 43 2 1
43 17 2 2
17 56 2 1
56 41 2 1
41 3 2 1
3 93 2 1
93 96 2 1
96 59 2 2
59 25 2 2
25 57 2 2
57 7 2 2
7 0 2 0
3 3
0 88 3 2
88 21 3 2
21 0 3 0
4 8
0 95 4 2
95 98 4 2
98 70 4 2
70 67 4 2
67 22 4 2
22 5 4 2
5 89 4 2
89 0 4 0
5 3
0 13 5 1
13 58 5 1
58 0 5 0
6 3
0 87 6 2
87 40 6 2
40 0 6 0
7 11
0 50 7 5
50 86 7 4
86 94 7 4
94 39 7 3
39 77 7 5
77 100 7 3
100 76 7 3
76 1 7 3
1 80 7 3
80 72 7 5
72 0 7 0
8 10
0 81 8 4
81 20 8 5
20 65 8 4
65 27 8 4
27 6 8 4
6 79 8 4
79 97 8 4
97 71 8 4
71 69 8 5
69 0 8 0
9 11
0 8 9 4
8 83 9 4
83 95 9 4
95 98 9 4
98 85 9 4
85 73 9 5
73 84 9 4
84 82 9 4
82 87 9 5
87 92 9 4
92 0 9 0
10 12
0 81 10 3
81 14 10 3
14 91 10 3
91 37 10 3
37 63 10 4
63 23 10 4
23 77 10 4
77 76 10 4
76 64 10 3
64 80 10 4
80 72 10 3
72 0 10 0
11 6
0 78 11 3
78 90 11 4
90 93 11 5
93 96 11 4
96 28 11 5
28 0 11 0
12 11
0 78 12 5
78 2 12 4
2 35 12 5
35 26 12 5
26 4 12 3
4 74 12 3
74 32 12 4
32 89 12 4
89 75 12 3
75 51 12 4
51 0 12 0
13 6
0 10 13 4
10 88 13 3
88 68 13 4
68 34 13 4
34 44 13 3
44 0 13 0
14 9
0 83 14 5
83 52 14 3
52 85 14 3
85 73 14 3
73 84 14 5
84 82 14 3
82 74 14 5
74 75 14 5
75 0 14 0
15 11
0 49 15 4
49 45 15 3
45 54 15 3
54 24 15 5
24 16 15 4
16 79 15 3
79 71 15 3
71 36 15 3
36 99 15 5
99 29 15 3
29 0 15 0
16 1
0 0 16 0
17 1
0 0 17 0
18 2
0 9 18 4
9 0 18 0
19 1
0 0 19 0
