# Solution for ../instances-HHCRSP/InstanzVNS_HCSRP_300_1.txt
# Cost = 1892.19 Dist = 5604.43 Tard = 48.0341 TMax = 24.0978
# <vehicle> <route length>
# <origin node> <dest node> <vehicle> <service type>
0 13
0 299 0 0
299 300 0 1
300 33 0 0
33 62 0 1
62 175 0 0
175 77 0 0
77 283 0 0
283 71 0 1
71 48 0 0
48 184 0 0
184 11 0 1
11 196 0 0
196 0 0 0
1 5
0 292 1 2
292 267 1 2
267 252 1 2
252 22 1 2
22 0 1 0
2 9
0 260 2 2
260 291 2 2
291 169 2 2
169 93 2 2
93 277 2 2
277 274 2 2
274 158 2 2
158 53 2 2
53 0 2 0
3 11
0 282 3 1
282 17 3 2
17 123 3 2
123 128 3 1
128 174 3 1
174 257 3 1
257 131 3 2
131 192 3 2
192 21 3 2
21 58 3 1
58 0 3 0
4 10
0 81 4 2
81 264 4 2
264 142 4 2
142 268 4 2
268 60 4 2
60 261 4 2
261 30 4 2
30 254 4 2
254 99 4 2
99 0 4 0
5 3
0 40 5 2
40 266 5 2
266 0 5 0
6 5
0 182 6 2
182 176 6 2
176 259 6 2
259 5 6 2
5 0 6 0
7 4
0 84 7 0
84 286 7 0
286 105 7 0
105 0 7 0
8 15
0 148 8 1
148 263 8 1
263 294 8 1
294 272 8 0
272 281 8 0
281 56 8 1
56 78 8 1
78 275 8 1
275 278 8 0
278 110 8 1
110 66 8 0
66 271 8 0
271 157 8 1
157 55 8 0
55 0 8 0
9 21
0 134 9 1
134 31 9 1
31 42 9 2
42 262 9 0
262 12 9 1
12 139 9 0
139 189 9 0
189 256 9 1
256 13 9 1
13 101 9 0
101 61 9 0
61 67 9 2
67 100 9 0
100 290 9 1
290 75 9 0
75 150 9 1
150 284 9 1
284 38 9 0
38 89 9 1
89 133 9 2
133 0 9 0
10 4
0 70 10 2
70 151 10 2
151 129 10 2
129 0 10 0
11 5
0 98 11 1
98 43 11 1
43 197 11 1
197 285 11 1
285 0 11 0
12 20
0 255 12 0
255 181 12 0
181 120 12 1
120 251 12 0
251 125 12 0
125 287 12 2
287 297 12 1
297 137 12 2
137 296 12 0
296 3 12 1
3 258 12 1
258 295 12 2
295 106 12 0
106 90 12 0
90 59 12 2
59 25 12 2
25 191 12 1
191 164 12 1
164 7 12 2
7 0 12 0
13 6
0 73 13 1
73 111 13 1
111 41 13 1
41 269 13 2
269 57 13 2
57 0 13 0
14 17
0 279 14 0
279 273 14 1
273 289 14 0
289 104 14 1
104 253 14 1
253 280 14 1
280 160 14 1
160 97 14 1
97 15 14 0
15 265 14 0
265 270 14 1
270 276 14 1
276 171 14 1
171 103 14 0
103 298 14 1
298 147 14 1
147 0 14 0
15 9
0 288 15 0
288 47 15 0
47 193 15 0
193 166 15 0
166 19 15 0
19 82 15 0
82 18 15 0
18 92 15 0
92 0 15 0
16 6
0 180 16 0
180 168 16 0
168 293 16 0
293 107 16 0
107 46 16 0
46 0 16 0
17 1
0 0 17 0
18 22
0 215 18 4
215 299 18 5
299 232 18 3
232 23 18 4
23 37 18 3
37 45 18 3
45 205 18 3
205 211 18 4
211 209 18 4
209 94 18 4
94 165 18 5
165 39 18 3
39 135 18 3
135 204 18 4
204 261 18 4
261 283 18 3
283 126 18 4
126 254 18 5
254 224 18 3
224 233 18 4
233 298 18 5
298 0 18 0
19 11
0 203 19 3
203 239 19 3
239 219 19 4
219 222 19 4
222 297 19 3
297 178 19 3
178 72 19 4
72 141 19 4
141 163 19 3
163 240 19 4
240 0 19 0
20 15
0 203 20 4
203 263 20 3
263 249 20 3
249 244 20 3
244 49 20 4
49 27 20 4
27 187 20 4
187 201 20 3
201 241 20 3
241 220 20 3
220 218 20 3
218 116 20 4
116 132 20 3
132 231 20 3
231 0 20 0
21 8
0 238 21 3
238 292 21 4
292 216 21 4
216 206 21 3
206 237 21 4
237 121 21 4
121 285 21 3
285 0 21 0
22 13
0 215 22 5
215 260 22 3
260 232 22 5
232 170 22 5
170 205 22 4
205 211 22 5
211 209 22 5
209 204 22 5
204 188 22 3
188 69 22 5
69 153 22 5
153 233 22 5
233 0 22 0
23 11
0 238 23 4
238 267 23 5
267 282 23 5
282 68 23 4
68 2 23 4
2 275 23 3
275 278 23 4
278 44 23 3
44 214 23 4
214 271 23 3
271 0 23 0
24 16
0 109 24 3
109 162 24 4
162 229 24 3
229 259 24 3
259 246 24 3
246 185 24 4
185 34 24 4
34 152 24 4
152 183 24 5
183 124 24 4
124 4 24 3
4 173 24 4
173 74 24 4
74 51 24 4
51 243 24 3
243 0 24 0
25 18
0 202 25 3
202 279 25 3
279 247 25 4
247 234 25 3
234 289 25 3
289 235 25 3
235 6 25 4
6 227 25 3
227 63 25 4
63 207 25 3
207 230 25 3
230 258 25 4
258 144 25 4
144 226 25 4
226 1 25 3
1 210 25 4
210 225 25 3
225 0 25 0
26 17
0 239 26 5
239 255 26 5
255 249 26 5
249 244 26 5
244 287 26 3
287 296 26 5
296 194 26 5
194 145 26 5
145 112 26 4
112 201 26 4
201 241 26 5
241 220 26 4
220 218 26 4
218 195 26 5
195 80 26 5
80 28 26 5
28 0 26 0
27 17
0 154 27 5
154 117 27 5
117 291 27 3
291 300 27 3
300 24 27 5
24 54 27 3
54 172 27 4
172 217 27 3
217 179 27 5
179 223 27 3
223 242 27 3
242 76 27 3
76 228 27 3
228 245 27 3
245 277 27 4
277 231 27 5
231 0 27 0
28 18
0 202 28 4
202 198 28 5
198 264 28 5
264 20 28 5
20 140 28 4
140 102 28 4
102 235 28 5
235 268 28 5
268 221 28 5
221 227 28 5
227 119 28 4
119 207 28 5
207 276 28 4
276 269 28 5
269 213 28 4
213 210 28 5
210 225 28 5
225 0 28 0
29 10
0 286 29 5
286 83 29 5
83 9 29 4
9 236 29 3
236 87 29 5
87 32 29 4
32 212 29 3
212 250 29 3
250 243 29 4
243 0 29 0
30 13
0 219 30 5
219 222 30 5
222 50 30 5
50 10 30 4
10 262 30 4
262 88 30 5
88 216 30 5
216 206 30 5
206 252 30 5
252 237 30 5
237 26 30 5
26 240 30 5
240 0 30 0
31 14
0 208 31 3
208 294 31 5
294 14 31 3
14 118 31 5
118 86 31 5
86 272 31 3
272 281 31 3
281 114 31 5
114 230 31 5
230 64 31 3
64 295 31 5
295 226 31 3
226 214 31 5
214 0 31 0
32 12
0 208 32 4
208 247 32 5
247 234 32 5
234 253 32 5
253 65 32 4
65 280 32 5
280 265 32 4
265 270 32 5
270 156 32 3
156 213 32 3
213 96 32 5
96 0 32 0
33 12
0 8 33 4
8 177 33 4
177 122 33 5
122 52 33 3
52 161 33 5
161 95 33 5
95 256 33 4
256 290 33 4
290 155 33 3
155 284 33 3
284 212 33 5
212 0 33 0
34 10
0 273 34 4
273 190 34 3
190 138 34 3
138 79 34 3
79 221 34 3
221 16 34 4
16 29 34 3
29 167 34 3
167 224 34 4
224 0 34 0
35 16
0 115 35 3
115 288 35 4
288 127 35 3
127 251 35 4
251 91 35 3
91 159 35 5
159 136 35 4
136 217 35 4
217 223 35 5
223 242 35 4
242 228 35 5
228 245 35 4
245 274 35 4
274 200 35 4
200 36 35 3
36 0 35 0
36 11
0 108 36 3
108 149 36 4
149 146 36 4
146 186 36 5
186 35 36 5
35 113 36 5
113 199 36 5
199 130 36 5
130 257 36 5
257 293 36 4
293 0 36 0
37 7
0 85 37 3
85 229 37 4
229 246 37 4
246 248 37 5
248 266 37 3
266 143 37 3
143 0 37 0
38 3
0 236 38 5
236 250 38 5
250 0 38 0
39 2
0 248 39 3
248 0 39 0
