# Solution for ../instances-HHCRSP/InstanzCPLEX_HCSRP_75_7.txt
# Cost = 606.022 Dist = 1790.18 Tard = 16.2668 TMax = 11.6155
# <vehicle> <route length>
# <origin node> <dest node> <vehicle> <service type>
0 5
0 50 0 0
50 74 0 0
74 29 0 0
29 12 0 0
12 0 0 0
1 14
0 72 1 1
72 38 1 0
38 11 1 0
11 42 1 2
42 2 1 2
2 64 1 0
64 40 1 2
40 70 1 1
70 51 1 0
51 68 1 1
68 26 1 2
26 71 1 0
71 46 1 1
46 0 1 0
2 10
0 75 2 1
75 73 2 0
73 18 2 0
18 10 2 0
10 39 2 0
39 13 2 0
13 15 2 1
15 9 2 0
9 33 2 1
33 0 2 0
3 5
0 65 3 1
65 24 3 1
24 14 3 1
14 69 3 1
69 0 3 0
4 7
0 25 4 2
25 45 4 1
45 67 4 2
67 66 4 1
66 22 4 2
22 36 4 2
36 0 4 0
5 13
0 72 5 4
72 35 5 3
35 32 5 3
32 1 5 4
1 41 5 5
41 62 5 4
62 55 5 3
55 16 5 4
16 57 5 4
57 30 5 5
30 61 5 3
61 63 5 3
63 0 5 0
6 10
0 21 6 4
21 65 6 5
65 31 6 3
31 52 6 3
52 55 6 4
55 68 6 4
68 57 6 5
57 7 6 4
7 71 6 3
71 0 6 0
7 10
0 75 7 4
75 58 7 3
58 43 7 3
43 73 7 3
73 53 7 3
53 28 7 4
28 6 7 4
6 67 7 5
67 66 7 3
66 0 7 0
8 4
0 17 8 3
17 27 8 3
27 48 8 3
48 0 8 0
9 7
0 23 9 3
23 5 9 4
5 58 9 4
58 53 9 5
53 59 9 3
59 37 9 4
37 0 9 0
10 11
0 56 10 3
56 3 10 3
3 64 10 4
64 70 10 5
70 62 10 5
62 69 10 3
69 74 10 4
74 8 10 5
8 61 10 4
61 63 10 4
63 0 10 0
11 8
0 56 11 5
56 4 11 4
4 49 11 4
49 19 11 3
19 54 11 3
54 47 11 4
47 60 11 5
60 0 11 0
12 5
0 34 12 3
34 20 12 3
20 54 12 4
54 60 12 3
60 0 12 0
13 3
0 59 13 4
59 44 13 3
44 0 13 0
14 1
0 0 14 0
