# Solution for ../instances-HHCRSP/InstanzVNS_HCSRP_100_1.txt
# Cost = 1364.31 Dist = 2815.21 Tard = 1037.2 TMax = 240.527
# <vehicle> <route length>
# <origin node> <dest node> <vehicle> <service type>
0 17
0 33 0 0
33 47 0 0
47 86 0 0
86 94 0 0
94 15 0 0
15 48 0 0
48 100 0 0
100 90 0 0
90 66 0 0
66 55 0 0
55 61 0 0
61 18 0 0
18 38 0 0
38 92 0 0
92 19 0 0
19 46 0 0
46 0 0 0
1 13
0 31 1 1
31 42 1 2
42 43 1 1
43 98 1 2
98 70 1 2
70 95 1 2
95 13 1 1
13 87 1 2
87 67 1 2
67 89 1 2
89 58 1 1
58 21 1 2
21 0 1 0
2 9
0 91 2 2
91 62 2 1
62 60 2 2
60 97 2 1
97 30 2 2
30 99 2 2
99 11 2 1
11 53 2 2
53 0 2 0
3 9
0 88 3 2
88 17 3 2
17 5 3 2
5 22 3 2
22 57 3 2
57 25 3 2
25 59 3 2
59 7 3 2
7 0 3 0
4 2
0 40 4 2
40 0 4 0
5 7
0 12 5 1
12 56 5 1
56 41 5 1
41 3 5 1
3 93 5 1
93 96 5 1
96 0 5 0
6 1
0 0 6 0
7 13
0 86 7 4
86 27 7 4
27 6 7 4
6 23 7 4
23 63 7 4
63 79 7 3
79 71 7 3
71 97 7 4
97 16 7 4
16 39 7 3
39 99 7 5
99 29 7 3
29 0 7 0
8 10
0 20 8 5
20 24 8 5
24 94 8 4
94 79 8 4
79 77 8 5
77 76 8 4
76 93 8 5
93 96 8 4
96 28 8 5
28 0 8 0
9 13
0 83 9 4
83 98 9 4
98 84 9 4
84 85 9 4
85 26 9 5
26 73 9 5
73 82 9 4
82 74 9 5
74 75 9 5
75 89 9 4
89 32 9 4
32 51 9 4
51 0 9 0
10 11
0 81 10 3
81 91 10 3
91 65 10 4
65 37 10 3
37 100 10 3
100 77 10 4
77 76 10 3
76 64 10 3
64 80 10 4
80 72 10 3
72 0 10 0
11 10
0 83 11 5
83 52 11 3
52 84 11 5
84 85 11 3
85 73 11 3
73 4 11 3
4 74 11 3
74 75 11 3
75 92 11 4
92 0 11 0
12 9
0 81 12 4
81 14 12 3
14 49 12 4
49 45 12 3
45 54 12 3
54 71 12 4
71 36 12 3
36 69 12 5
69 0 12 0
13 8
0 10 13 4
10 34 13 4
34 78 13 3
78 68 13 4
68 2 13 4
2 90 13 4
90 44 13 3
44 0 13 0
14 8
0 50 14 5
50 88 14 3
88 78 14 5
78 35 14 5
35 1 14 3
1 80 14 3
80 72 14 5
72 0 14 0
15 5
0 8 15 4
8 95 15 4
95 82 15 3
82 87 15 5
87 0 15 0
16 1
0 0 16 0
17 1
0 0 17 0
18 2
0 9 18 4
9 0 18 0
19 1
0 0 19 0
