# Solution for ../instances-HHCRSP/InstanzCPLEX_HCSRP_75_9.txt
# Cost = 733.186 Dist = 2199.56 Tard = 0 TMax = 0
# <vehicle> <route length>
# <origin node> <dest node> <vehicle> <service type>
0 8
0 4 0 1
4 67 0 0
67 50 0 1
50 30 0 1
30 33 0 0
33 20 0 0
20 26 0 0
26 0 0 0
1 6
0 64 1 1
64 66 1 1
66 9 1 1
9 1 1 1
1 74 1 1
74 0 1 0
2 10
0 73 2 2
73 43 2 0
43 71 2 1
71 23 2 2
23 32 2 0
32 10 2 1
10 31 2 0
31 65 2 2
65 44 2 2
44 0 2 0
3 12
0 36 3 2
36 11 3 2
11 27 3 0
27 68 3 2
68 8 3 0
8 75 3 2
75 72 3 1
72 70 3 1
70 45 3 2
45 18 3 2
18 21 3 1
21 0 3 0
4 7
0 42 4 2
42 16 4 2
16 47 4 2
47 35 4 2
35 69 4 2
69 28 4 2
28 0 4 0
5 7
0 73 5 4
73 71 5 5
71 41 5 4
41 3 5 4
3 13 5 4
13 65 5 4
65 0 5 0
6 8
0 56 6 5
56 63 6 3
63 58 6 3
58 48 6 5
48 17 6 5
17 61 6 5
61 55 6 3
55 0 6 0
7 8
0 52 7 4
52 56 7 4
56 22 7 4
22 68 7 4
68 70 7 4
70 62 7 4
62 24 7 4
24 0 7 0
8 10
0 54 8 4
54 49 8 5
49 2 8 4
2 66 8 3
66 5 8 5
5 6 8 3
6 37 8 5
37 61 8 4
61 55 8 5
55 0 8 0
9 16
0 54 9 5
54 34 9 4
34 64 9 4
64 63 9 5
63 67 9 4
67 19 9 5
19 12 9 4
12 75 9 5
75 72 9 3
72 62 9 3
62 15 9 5
15 69 9 4
69 57 9 3
57 51 9 4
51 74 9 3
74 0 9 0
10 7
0 39 10 3
39 58 10 5
58 38 10 3
38 29 10 3
29 40 10 5
40 57 10 5
57 0 10 0
11 4
0 25 11 5
25 14 11 4
14 53 11 4
53 0 11 0
12 4
0 59 12 3
59 46 12 5
46 53 12 3
53 0 12 0
13 4
0 59 13 4
59 7 13 5
7 60 13 5
60 0 13 0
14 2
0 60 14 3
60 0 14 0
