# Solution for ../instances-HHCRSP/InstanzVNS_HCSRP_100_4.txt
# Cost = 711.189 Dist = 2120.97 Tard = 7.47327 TMax = 5.12474
# <vehicle> <route length>
# <origin node> <dest node> <vehicle> <service type>
0 9
0 15 0 2
15 69 0 0
69 92 0 2
92 39 0 0
39 50 0 0
50 44 0 0
44 16 0 0
16 63 0 0
63 0 0 0
1 5
0 97 1 0
97 94 1 0
94 33 1 0
33 18 1 0
18 0 1 0
2 2
0 9 2 0
9 0 2 0
3 7
0 13 3 2
13 90 3 0
90 20 3 0
20 89 3 0
89 93 3 2
93 91 3 0
91 0 3 0
4 13
0 40 4 1
40 55 4 1
55 88 4 1
88 1 4 2
1 96 4 1
96 62 4 0
62 56 4 2
56 41 4 0
41 100 4 1
100 64 4 0
64 11 4 2
11 17 4 1
17 0 4 0
5 5
0 24 5 1
24 98 5 1
98 86 5 1
86 65 5 1
65 0 5 0
6 14
0 47 6 2
47 7 6 1
7 51 6 2
51 14 6 2
14 54 6 0
54 25 6 1
25 87 6 2
87 34 6 2
34 99 6 1
99 12 6 2
12 95 6 2
95 36 6 1
36 10 6 1
10 0 6 0
7 12
0 71 7 4
71 32 7 3
32 74 7 3
74 23 7 4
23 88 7 3
88 83 7 3
83 85 7 4
85 73 7 3
73 99 7 4
99 61 7 4
61 100 7 4
100 0 7 0
8 12
0 71 8 5
71 74 8 4
74 66 8 3
66 45 8 3
45 83 8 4
83 85 8 5
85 73 8 5
73 89 8 3
89 35 8 3
35 72 8 3
72 78 8 4
78 0 8 0
9 7
0 30 9 5
30 92 9 5
92 21 9 5
21 53 9 5
53 29 9 5
29 86 9 5
86 0 9 0
10 5
0 37 10 4
37 76 10 3
76 93 10 4
93 70 10 5
70 0 10 0
11 3
0 76 11 4
76 91 11 5
91 0 11 0
12 5
0 28 12 3
28 6 12 3
6 87 12 5
87 57 12 4
57 0 12 0
13 3
0 4 13 4
4 8 13 4
8 0 13 0
14 12
0 58 14 3
58 82 14 3
82 77 14 3
77 59 14 4
59 84 14 3
84 27 14 3
27 80 14 3
80 75 14 4
75 81 14 4
81 95 14 3
95 79 14 4
79 0 14 0
15 11
0 38 15 5
38 82 15 4
82 77 15 5
77 84 15 5
84 43 15 5
43 46 15 4
46 5 15 3
5 75 15 5
75 2 15 4
2 79 15 5
79 0 15 0
16 3
0 97 16 3
97 94 16 5
94 0 16 0
17 11
0 52 17 5
52 42 17 4
42 48 17 5
48 19 17 4
19 98 17 3
98 80 17 4
80 22 17 5
22 81 17 5
81 67 17 3
67 26 17 3
26 0 17 0
18 1
0 0 18 0
19 10
0 90 19 3
90 49 19 4
49 31 19 4
31 68 19 3
68 60 19 4
60 96 19 4
96 3 19 3
3 72 19 5
72 78 19 5
78 0 19 0
