# Solution for ../instances-HHCRSP/InstanzVNS_HCSRP_300_7.txt
# Cost = 1680.62 Dist = 5031.52 Tard = 7.79015 TMax = 2.544
# <vehicle> <route length>
# <origin node> <dest node> <vehicle> <service type>
0 12
0 108 0 0
108 11 0 0
11 51 0 0
51 275 0 0
275 145 0 1
145 280 0 1
280 196 0 1
196 272 0 1
272 78 0 1
78 46 0 1
46 271 0 0
271 0 0 0
1 15
0 65 1 2
65 42 1 2
42 143 1 0
143 252 1 2
252 2 1 2
2 40 1 2
40 193 1 2
193 281 1 2
281 295 1 0
295 26 1 2
26 253 1 0
253 57 1 0
57 251 1 2
251 294 1 2
294 0 1 0
2 14
0 72 2 0
72 278 2 2
278 10 2 0
10 150 2 2
150 130 2 2
130 288 2 2
288 76 2 0
76 36 2 2
36 190 2 1
190 39 2 0
39 13 2 0
13 156 2 0
156 152 2 2
152 0 2 0
3 4
0 188 3 2
188 131 3 2
131 276 3 2
276 0 3 0
4 10
0 100 4 1
100 113 4 1
113 129 4 1
129 99 4 1
99 141 4 1
141 45 4 1
45 164 4 1
164 287 4 1
287 175 4 1
175 0 4 0
5 15
0 258 5 1
258 267 5 1
267 75 5 2
75 90 5 2
90 14 5 1
14 296 5 1
296 80 5 2
80 155 5 1
155 79 5 1
79 68 5 1
68 115 5 2
115 255 5 1
255 85 5 1
85 298 5 1
298 0 5 0
6 12
0 53 6 0
53 82 6 0
82 170 6 0
170 165 6 0
165 261 6 1
261 176 6 1
176 102 6 0
102 29 6 0
29 15 6 1
15 33 6 1
33 151 6 1
151 0 6 0
7 13
0 183 7 1
183 266 7 1
266 101 7 0
101 268 7 1
268 262 7 1
262 105 7 1
105 297 7 1
297 197 7 1
197 259 7 0
259 158 7 1
158 186 7 0
186 63 7 0
63 0 7 0
8 8
0 265 8 2
265 136 8 2
136 185 8 0
185 300 8 2
300 257 8 0
257 163 8 2
163 12 8 0
12 0 8 0
9 17
0 282 9 1
282 24 9 1
24 189 9 0
189 38 9 0
38 172 9 1
172 77 9 0
77 273 9 2
273 256 9 2
256 289 9 2
289 148 9 0
148 147 9 0
147 134 9 2
134 277 9 0
277 149 9 2
149 182 9 0
182 174 9 1
174 0 9 0
10 4
0 260 10 2
260 299 10 2
299 54 10 2
54 0 10 0
11 14
0 270 11 0
270 290 11 2
290 59 11 0
59 293 11 0
293 25 11 2
25 286 11 0
286 67 11 2
67 127 11 0
127 291 11 0
291 269 11 2
269 86 11 2
86 22 11 2
22 106 11 1
106 0 11 0
12 1
0 0 12 0
13 2
0 146 13 1
146 0 13 0
14 11
0 18 14 0
18 124 14 1
124 191 14 2
191 97 14 0
97 93 14 1
93 274 14 0
274 285 14 2
285 9 14 0
9 169 14 2
169 161 14 0
161 0 14 0
15 9
0 192 15 0
192 114 15 0
114 64 15 1
64 283 15 1
283 140 15 0
140 187 15 0
187 263 15 1
263 292 15 0
292 0 15 0
16 1
0 0 16 0
17 6
0 50 17 0
50 254 17 2
254 279 17 2
279 284 17 1
284 264 17 2
264 0 17 0
18 19
0 168 18 5
168 237 18 3
237 252 18 4
252 1 18 4
1 70 18 5
70 281 18 5
281 62 18 3
62 295 18 4
295 209 18 3
209 205 18 4
205 244 18 4
244 228 18 3
228 255 18 5
255 247 18 3
247 71 18 4
71 7 18 4
7 249 18 4
249 271 18 4
271 0 18 0
19 7
0 206 19 3
206 123 19 3
123 154 19 3
154 110 19 3
110 204 19 3
204 60 19 3
60 0 19 0
20 6
0 206 20 4
206 261 20 4
261 92 20 4
92 212 20 4
212 204 20 5
204 0 20 0
21 17
0 237 21 4
237 178 21 5
178 219 21 4
219 268 21 5
268 69 21 5
69 248 21 4
248 104 21 4
104 74 21 4
74 159 21 5
159 239 21 4
239 27 21 3
27 61 21 4
61 259 21 3
259 225 21 4
225 122 21 3
122 179 21 3
179 0 21 0
22 8
0 216 22 4
216 73 22 3
73 5 22 4
5 246 22 5
246 37 22 4
37 195 22 3
195 171 22 5
171 0 22 0
23 7
0 216 23 5
216 139 23 5
139 213 23 4
213 300 23 5
300 138 23 4
138 241 23 5
241 0 23 0
24 16
0 278 24 3
278 81 24 4
81 35 24 3
35 133 24 3
133 49 24 4
49 288 24 5
288 84 24 4
84 89 24 5
89 239 24 5
239 215 24 4
215 144 24 3
144 225 24 5
225 224 24 4
224 226 24 4
226 199 24 5
199 0 24 0
25 10
0 208 25 3
208 258 25 3
258 233 25 3
233 207 25 3
207 217 25 3
217 203 25 3
203 242 25 3
242 52 25 3
52 277 25 3
277 0 25 0
26 18
0 208 26 4
208 95 26 4
95 240 26 4
240 202 26 3
202 31 26 3
31 210 26 3
210 222 26 3
222 234 26 3
234 126 26 3
126 209 26 5
209 205 26 5
205 244 26 5
244 253 26 4
253 177 26 3
177 298 26 4
298 94 26 3
94 236 26 4
236 0 26 0
27 15
0 240 27 5
240 282 27 3
282 210 27 4
210 222 27 5
222 234 27 4
234 41 27 5
41 194 27 5
194 296 27 3
296 88 27 3
88 96 27 5
96 166 27 3
166 228 27 4
228 247 27 4
247 249 27 5
249 0 27 0
28 19
0 56 28 4
56 3 28 3
3 202 28 4
202 275 28 4
275 32 28 3
32 119 28 5
119 120 28 3
120 118 28 4
118 280 28 3
280 289 28 3
289 272 28 4
272 230 28 3
230 128 28 3
128 16 28 4
16 218 28 3
218 117 28 5
117 30 28 5
30 112 28 5
112 0 28 0
29 8
0 223 29 3
223 267 29 4
267 4 29 4
4 276 29 3
276 229 29 4
229 87 29 4
87 243 29 4
243 0 29 0
30 12
0 232 30 3
232 157 30 3
157 231 30 3
231 20 30 3
20 235 30 3
235 245 30 5
245 221 30 3
221 215 30 3
215 224 30 5
224 226 30 5
226 103 30 3
103 0 30 0
31 19
0 223 31 4
223 211 31 4
211 233 31 5
233 207 31 4
207 217 31 5
217 116 31 5
116 203 31 5
203 91 31 4
91 273 31 4
273 256 31 4
256 242 31 4
242 55 31 4
55 230 31 4
230 125 31 5
125 218 31 5
218 264 31 4
264 107 31 5
107 243 31 5
243 0 31 0
32 8
0 23 32 3
23 160 32 3
160 121 32 3
121 246 32 4
246 198 32 3
198 238 32 3
238 201 32 3
201 0 32 0
33 19
0 232 33 5
232 200 33 4
200 137 33 4
137 270 33 5
270 231 33 4
231 290 33 3
290 135 33 5
135 142 33 4
142 293 33 3
293 162 33 5
162 286 33 3
286 28 33 4
28 238 33 5
238 180 33 5
180 83 33 3
83 291 33 3
291 269 33 4
269 201 33 4
201 0 33 0
34 15
0 265 34 5
265 58 34 3
58 43 34 3
43 213 34 3
213 257 34 3
257 241 34 3
241 66 34 3
66 181 34 4
181 6 34 4
6 184 34 4
184 220 34 3
220 214 34 3
214 287 34 4
287 44 34 3
44 0 34 0
35 14
0 211 35 5
211 266 35 5
266 219 35 5
219 21 35 4
21 109 35 4
109 262 35 5
262 248 35 5
248 8 35 5
8 297 35 5
297 111 35 4
111 251 35 5
251 294 35 4
294 236 35 5
236 0 35 0
36 11
0 34 36 3
34 235 36 4
235 245 36 4
245 47 36 4
47 221 36 4
221 274 36 4
274 285 36 5
285 132 36 3
132 220 36 5
220 214 36 5
214 0 36 0
37 10
0 260 37 5
260 98 37 3
98 212 37 3
212 17 37 3
17 299 37 5
299 250 37 3
250 292 37 3
292 48 37 3
48 227 37 5
227 0 37 0
38 10
0 254 38 3
254 279 38 5
279 284 38 4
284 229 38 5
229 283 38 5
283 167 38 5
167 263 38 4
263 19 38 3
19 173 38 5
173 0 38 0
39 4
0 250 39 5
250 227 39 4
227 153 39 4
153 0 39 0
