# Solution for ../instances-HHCRSP/InstanzVNS_HCSRP_300_7.txt
# Cost = 1657.8 Dist = 4963.13 Tard = 6.50551 TMax = 3.762
# <vehicle> <route length>
# <origin node> <dest node> <vehicle> <service type>
0 14
0 282 0 1
282 24 0 1
24 145 0 1
145 189 0 0
189 275 0 0
275 108 0 0
108 51 0 0
51 147 0 0
147 148 0 0
148 277 0 0
277 182 0 0
182 174 0 1
174 46 0 1
46 0 0 0
1 16
0 278 1 2
278 270 1 0
270 290 1 2
290 25 1 2
25 59 1 0
59 293 1 0
293 286 1 0
286 67 1 2
67 127 1 0
127 285 1 2
285 269 1 2
269 291 1 0
291 161 1 0
161 169 1 2
169 9 1 0
9 0 1 0
2 18
0 131 2 2
131 150 2 2
150 266 2 1
266 268 2 1
268 101 2 0
101 75 2 2
75 90 2 2
90 140 2 0
140 276 2 2
276 187 2 0
187 130 2 2
130 259 2 0
259 197 2 1
197 158 2 1
158 186 2 0
186 63 2 0
63 152 2 2
152 0 2 0
3 3
0 254 3 2
254 279 3 2
279 0 3 0
4 9
0 113 4 1
113 100 4 1
100 129 4 1
129 45 4 1
45 164 4 1
164 287 4 1
287 175 4 1
175 106 4 1
106 0 4 0
5 10
0 65 5 2
65 262 5 1
262 193 5 2
193 105 5 1
105 297 5 1
297 40 5 2
40 296 5 1
296 251 5 2
251 294 5 2
294 0 5 0
6 15
0 18 6 0
18 141 6 1
141 99 6 1
99 97 6 0
97 93 6 1
93 165 6 0
165 170 6 0
170 102 6 0
102 261 6 1
261 176 6 1
176 263 6 1
263 76 6 0
76 156 6 0
156 13 6 0
13 0 6 0
7 4
0 146 7 1
146 284 7 1
284 292 7 0
292 0 7 0
8 9
0 265 8 2
265 136 8 2
136 53 8 0
53 300 8 2
300 257 8 0
257 185 8 0
185 163 8 2
163 12 8 0
12 0 8 0
9 13
0 260 9 2
260 124 9 1
124 188 9 2
188 183 9 1
183 288 9 2
288 10 9 0
10 36 9 2
36 39 9 0
39 190 9 1
190 33 9 1
33 86 9 2
86 15 9 1
15 0 9 0
10 1
0 0 10 0
11 18
0 50 11 0
50 267 11 1
267 258 11 1
258 38 11 0
38 172 11 1
172 196 11 1
196 280 11 1
280 273 11 2
273 256 11 2
256 77 11 0
77 289 11 2
289 78 11 1
78 272 11 1
272 264 11 2
264 271 11 0
271 149 11 2
149 134 11 2
134 0 11 0
12 1
0 0 12 0
13 1
0 0 13 0
14 17
0 11 14 0
11 42 14 2
42 143 14 0
143 252 14 2
252 2 14 2
2 281 14 2
281 295 14 0
295 80 14 2
80 68 14 1
68 115 14 2
115 255 14 1
255 79 14 1
79 155 14 1
155 26 14 2
26 253 14 0
253 57 14 0
57 0 14 0
15 8
0 192 15 0
192 114 15 0
114 64 15 1
64 283 15 1
283 14 15 1
14 85 15 1
85 298 15 1
298 0 15 0
16 1
0 0 16 0
17 10
0 72 17 0
72 82 17 0
82 191 17 2
191 274 17 0
274 151 17 1
151 29 17 0
29 22 17 2
22 299 17 2
299 54 17 2
54 0 17 0
18 19
0 168 18 5
168 3 18 3
3 282 18 3
282 202 18 3
202 210 18 3
210 31 18 3
31 275 18 4
275 166 18 3
166 280 18 3
280 289 18 3
289 277 18 3
277 230 18 3
230 249 18 5
249 271 18 4
271 117 18 5
117 218 18 5
218 107 18 5
107 243 18 4
243 0 18 0
19 9
0 278 19 3
278 231 19 3
231 20 19 3
20 235 19 3
235 221 19 3
221 132 19 3
132 154 19 3
154 44 19 3
44 0 19 0
20 17
0 202 20 4
202 210 20 4
210 222 20 5
222 234 20 4
234 41 20 5
41 281 20 5
281 295 20 4
295 209 20 5
209 205 20 4
205 244 20 4
244 228 20 4
228 255 20 5
255 247 20 4
247 71 20 4
71 125 20 5
125 243 20 5
243 0 20 0
21 16
0 121 21 3
121 231 21 4
231 270 21 5
270 137 21 4
137 290 21 3
290 293 21 3
293 162 21 5
162 286 21 3
286 28 21 4
28 83 21 3
83 180 21 5
180 238 21 3
238 269 21 4
269 291 21 3
291 201 21 3
201 0 21 0
22 19
0 81 22 4
81 178 22 5
178 219 22 4
219 266 22 5
266 35 22 3
35 133 22 3
133 49 22 4
49 288 22 5
288 84 22 4
84 89 22 5
89 239 22 4
239 215 22 3
215 144 22 3
144 27 22 3
27 225 22 4
225 259 22 3
259 61 22 4
61 122 22 3
122 0 22 0
23 15
0 232 23 5
232 200 23 4
200 135 23 5
135 246 23 4
246 138 23 4
138 300 23 5
300 241 23 5
241 181 23 4
181 6 23 4
6 37 23 4
37 184 23 4
184 220 23 5
220 214 23 5
214 287 23 4
287 0 23 0
24 11
0 232 24 3
232 142 24 4
142 157 24 3
157 245 24 4
245 92 24 4
92 98 24 3
98 212 24 3
212 60 24 3
60 299 24 5
299 204 24 3
204 0 24 0
25 10
0 23 25 3
23 160 25 3
160 73 25 3
73 58 25 3
58 43 25 3
43 213 25 3
213 241 25 3
241 66 25 3
66 257 25 3
257 0 25 0
26 15
0 219 26 5
219 268 26 5
268 69 26 5
69 248 26 4
248 104 26 4
104 74 26 4
74 159 26 5
159 239 26 5
239 215 26 4
215 224 26 4
224 226 26 4
226 47 26 4
47 103 26 3
103 199 26 5
199 0 26 0
27 10
0 139 27 5
139 265 27 5
265 216 27 4
216 213 27 4
213 5 27 4
5 246 27 5
246 198 27 3
198 238 27 5
238 201 27 4
201 0 27 0
28 11
0 123 28 3
123 206 28 3
206 34 28 3
34 235 28 4
235 245 28 5
245 221 28 4
221 274 28 4
274 285 28 5
285 220 28 3
220 214 28 3
214 0 28 0
29 18
0 208 29 3
208 233 29 3
233 240 29 4
240 95 29 4
95 207 29 3
207 120 29 3
120 118 29 4
118 217 29 3
217 273 29 4
273 91 29 4
91 203 29 3
203 242 29 3
242 256 29 4
256 7 29 4
7 55 29 4
55 249 29 4
249 218 29 3
218 0 29 0
30 8
0 223 30 3
223 211 30 5
211 19 30 3
19 292 30 3
292 250 30 5
250 48 30 3
48 227 30 5
227 0 30 0
31 17
0 208 31 4
208 233 31 5
233 240 31 5
240 207 31 4
207 217 31 5
217 116 31 5
116 203 31 5
203 242 31 4
242 52 31 3
52 272 31 4
272 128 31 3
128 230 31 4
230 16 31 4
16 264 31 4
264 30 31 5
30 112 31 5
112 0 31 0
32 6
0 206 32 4
206 261 32 4
261 212 32 4
212 17 32 3
17 250 32 3
250 0 32 0
33 14
0 223 33 4
223 56 33 4
56 267 33 4
267 258 33 3
258 119 33 5
119 32 33 3
32 229 33 4
229 276 33 3
276 167 33 5
167 263 33 4
263 225 33 5
225 224 33 5
224 226 33 5
226 0 33 0
34 7
0 254 34 3
254 279 34 5
279 284 34 4
284 87 34 4
87 179 34 3
179 173 34 5
173 0 34 0
35 3
0 153 35 4
153 227 35 4
227 0 35 0
36 10
0 237 36 3
237 262 36 5
262 21 36 4
21 109 36 4
109 248 36 5
248 8 36 5
8 297 36 5
297 111 36 4
111 236 36 4
236 0 36 0
37 7
0 260 37 5
260 216 37 5
216 171 37 5
171 195 37 3
195 110 37 3
110 204 37 5
204 0 37 0
38 15
0 237 38 4
237 252 38 4
252 1 38 4
1 222 38 3
222 234 38 3
234 126 38 3
126 70 38 5
70 209 38 3
209 205 38 5
205 244 38 5
244 228 38 3
228 247 38 3
247 253 38 4
253 177 38 3
177 0 38 0
39 15
0 211 39 4
211 4 39 4
4 229 39 5
229 283 39 5
283 194 39 5
194 296 39 3
296 62 39 3
62 88 39 3
88 298 39 4
298 96 39 5
96 94 39 3
94 251 39 5
251 294 39 4
294 236 39 5
236 0 39 0
