# Solution for ../instances-HHCRSP/InstanzCPLEX_HCSRP_75_9.txt
# Cost = 706.081 Dist = 2084.72 Tard = 23.3687 TMax = 10.1531
# <vehicle> <route length>
# <origin node> <dest node> <vehicle> <service type>
0 8
0 64 0 1
64 66 0 1
66 1 0 1
1 33 0 0
33 26 0 0
26 30 0 1
30 20 0 0
20 0 0 0
1 1
0 0 1 0
2 14
0 35 2 2
35 9 2 1
9 50 2 1
50 67 2 0
67 4 2 1
4 75 2 2
75 72 2 1
72 8 2 0
8 70 2 1
70 18 2 2
18 21 2 1
21 45 2 2
45 74 2 1
74 0 2 0
3 8
0 73 3 2
73 43 3 0
43 71 3 1
71 16 3 2
16 23 3 2
23 32 3 0
32 10 3 1
10 0 3 0
4 12
0 42 4 2
42 47 4 2
47 36 4 2
36 11 4 2
11 68 4 2
68 27 4 0
27 69 4 2
69 28 4 2
28 44 4 2
44 31 4 0
31 65 4 2
65 0 4 0
5 12
0 64 5 4
64 56 5 4
56 67 5 4
67 63 5 5
63 58 5 5
58 61 5 4
61 13 5 4
13 3 5 4
3 41 5 4
41 65 5 4
65 55 5 5
55 0 5 0
6 8
0 56 6 5
56 63 6 3
63 58 6 3
58 38 6 3
38 29 6 3
29 40 6 5
40 55 6 3
55 0 6 0
7 4
0 73 7 4
73 14 7 4
14 53 7 4
53 0 7 0
8 10
0 52 8 4
52 22 8 4
22 19 8 5
19 12 8 4
12 75 8 5
75 72 8 3
72 62 8 3
62 70 8 4
70 24 8 4
24 0 8 0
9 13
0 54 9 4
54 49 9 5
49 2 9 4
2 5 9 5
5 68 9 4
68 6 9 3
6 62 9 4
62 15 9 5
15 37 9 5
37 57 9 3
57 51 9 4
51 74 9 3
74 0 9 0
10 5
0 54 10 5
54 71 10 5
71 25 10 5
25 53 10 3
53 0 10 0
11 9
0 59 11 3
59 34 11 4
34 66 11 3
66 61 11 5
61 48 11 5
48 17 11 5
17 69 11 4
69 57 11 5
57 0 11 0
12 4
0 39 12 3
39 46 12 5
46 7 12 5
7 0 12 0
13 3
0 59 13 4
59 60 13 5
60 0 13 0
14 2
0 60 14 3
60 0 14 0
