# Solution for ../instances-HHCRSP/InstanzVNS_HCSRP_200_6.txt
# Cost = 1382.41 Dist = 4142.35 Tard = 3.12381 TMax = 1.75748
# <vehicle> <route length>
# <origin node> <dest node> <vehicle> <service type>
0 18
0 51 0 2
51 171 0 0
171 4 0 0
4 13 0 0
13 173 0 2
173 134 0 0
134 3 0 2
3 188 0 2
188 186 0 2
186 61 0 1
61 94 0 0
94 196 0 1
196 80 0 1
80 24 0 1
24 12 0 2
12 73 0 2
73 109 0 0
109 0 0 0
1 9
0 198 1 2
198 60 1 2
60 20 1 2
20 97 1 2
97 40 1 2
40 129 1 2
129 99 1 2
99 175 1 2
175 0 1 0
2 14
0 25 2 2
25 183 2 1
183 66 2 0
66 182 2 0
182 82 2 2
82 136 2 0
136 72 2 0
72 177 2 1
177 128 2 2
128 185 2 1
185 180 2 1
180 98 2 2
98 79 2 2
79 0 2 0
3 14
0 67 3 2
67 195 3 1
195 47 3 2
47 192 3 2
192 190 3 2
190 189 3 2
189 23 3 1
23 15 3 1
15 58 3 1
58 176 3 2
176 1 3 1
1 191 3 2
191 106 3 1
106 0 3 0
4 16
0 131 4 0
131 36 4 1
36 18 4 0
18 184 4 1
184 95 4 1
95 33 4 0
33 19 4 1
19 104 4 1
104 127 4 1
127 126 4 1
126 174 4 1
174 53 4 1
53 172 4 0
172 114 4 0
114 113 4 0
113 0 4 0
5 8
0 90 5 0
90 44 5 0
44 199 5 0
199 41 5 0
41 181 5 0
181 132 5 0
132 179 5 0
179 0 5 0
6 7
0 178 6 2
178 194 6 2
194 64 6 2
64 197 6 2
197 133 6 2
133 187 6 2
187 0 6 0
7 12
0 5 7 1
5 139 7 2
139 22 7 2
22 30 7 2
30 31 7 2
31 119 7 2
119 121 7 1
121 111 7 1
111 59 7 1
59 92 7 2
92 112 7 1
112 0 7 0
8 5
0 124 8 2
124 200 8 1
200 116 8 2
116 85 8 1
85 0 8 0
9 11
0 43 9 1
43 16 9 0
16 122 9 1
122 193 9 0
193 2 9 0
2 103 9 0
103 77 9 0
77 78 9 0
78 26 9 0
26 76 9 1
76 0 9 0
10 5
0 148 10 3
148 154 10 3
154 194 10 3
194 175 10 3
175 0 10 0
11 4
0 167 11 4
167 81 11 4
81 181 11 4
181 0 11 0
12 5
0 167 12 5
167 143 12 5
143 86 12 5
86 146 12 5
146 0 12 0
13 13
0 148 13 5
148 137 13 5
137 193 13 3
193 140 13 5
140 130 13 3
130 162 13 3
162 177 13 5
177 21 13 3
21 71 13 5
71 149 13 3
149 166 13 5
166 123 13 3
123 0 13 0
14 11
0 151 14 5
151 144 14 3
144 141 14 3
141 153 14 3
153 189 14 3
189 102 14 5
102 150 14 5
150 155 14 5
155 168 14 3
168 110 14 3
110 0 14 0
15 8
0 144 15 5
144 141 15 5
141 84 15 5
84 158 15 3
158 196 15 3
196 172 15 5
172 38 15 5
38 0 15 0
16 11
0 62 16 4
62 8 16 4
8 55 16 4
55 184 16 5
184 145 16 4
145 28 16 5
28 9 16 4
9 170 16 5
170 147 16 5
147 117 16 4
117 0 16 0
17 5
0 159 17 5
159 164 17 5
164 142 17 5
142 156 17 5
156 0 17 0
18 11
0 151 18 4
151 171 18 4
171 198 18 3
198 89 18 4
89 173 18 4
173 74 18 5
74 101 18 3
101 163 18 4
163 176 18 5
176 29 18 3
29 0 18 0
19 14
0 88 19 4
88 11 19 4
11 27 19 4
27 182 19 4
182 91 19 4
91 162 19 4
162 120 19 5
120 32 19 4
32 185 19 4
185 69 19 3
69 125 19 3
125 169 19 3
169 14 19 3
14 0 19 0
20 10
0 159 20 4
159 146 20 4
146 83 20 4
83 68 20 5
68 63 20 3
63 96 20 3
96 42 20 4
42 75 20 4
75 70 20 3
70 0 20 0
21 9
0 160 21 3
160 154 21 5
154 7 21 5
7 105 21 5
105 170 21 3
170 147 21 3
147 180 21 5
180 169 21 5
169 0 21 0
22 12
0 183 22 4
183 93 22 5
93 52 22 3
52 153 22 4
153 158 22 4
158 192 22 4
192 190 22 5
190 108 22 4
108 149 22 5
149 135 22 4
135 166 22 4
166 0 22 0
23 5
0 160 23 5
160 35 23 5
35 118 23 4
118 115 23 5
115 0 23 0
24 12
0 54 24 3
54 39 24 5
39 143 24 3
143 50 24 3
50 49 24 4
49 197 24 4
197 199 24 4
199 57 24 3
57 164 24 4
164 142 24 4
142 156 24 4
156 0 24 0
25 13
0 165 25 5
165 157 25 5
157 152 25 5
152 195 25 3
195 138 25 3
138 65 25 3
65 17 25 5
17 145 25 3
145 188 25 3
188 186 25 5
186 163 25 3
163 191 25 5
191 0 25 0
26 7
0 6 26 5
6 45 26 5
45 56 26 5
56 161 26 3
161 179 26 3
179 10 26 5
10 0 26 0
27 13
0 165 27 4
165 157 27 4
157 152 27 4
152 48 27 4
48 107 27 4
107 46 27 4
46 100 27 4
100 87 27 5
87 174 27 5
174 150 27 4
150 155 27 4
155 168 27 5
168 0 27 0
28 4
0 178 28 4
178 200 28 3
200 161 28 4
161 0 28 0
29 4
0 37 29 4
37 34 29 5
34 187 29 5
187 0 29 0
