# Solution for ../instances-HHCRSP/InstanzVNS_HCSRP_200_2.txt
# Cost = 1387.9 Dist = 4149.42 Tard = 7.18124 TMax = 7.10665
# <vehicle> <route length>
# <origin node> <dest node> <vehicle> <service type>
0 10
0 120 0 1
120 190 0 0
190 39 0 1
39 200 0 1
200 92 0 1
92 38 0 1
38 116 0 0
116 185 0 1
185 192 0 0
192 0 0 0
1 8
0 40 1 2
40 193 1 2
193 36 1 2
36 180 1 2
180 184 1 2
184 97 1 2
97 178 1 2
178 0 1 0
2 16
0 91 2 0
91 61 2 2
61 11 2 2
11 26 2 0
26 196 2 0
196 136 2 2
136 2 2 0
2 45 2 0
45 66 2 2
66 34 2 2
34 187 2 2
187 15 2 2
15 106 2 0
106 12 2 2
12 21 2 0
21 0 2 0
3 12
0 9 3 1
9 108 3 1
108 173 3 1
173 174 3 2
174 181 3 1
181 171 3 1
171 140 3 1
140 19 3 2
19 80 3 1
80 41 3 2
41 176 3 2
176 0 3 0
4 6
0 189 4 2
189 121 4 2
121 90 4 2
90 16 4 2
16 100 4 2
100 0 4 0
5 14
0 198 5 0
198 132 5 1
132 172 5 1
172 182 5 0
182 129 5 1
129 138 5 1
138 10 5 0
10 113 5 1
113 56 5 1
56 4 5 1
4 42 5 1
42 32 5 0
32 82 5 1
82 0 5 0
6 13
0 96 6 1
96 177 6 1
177 71 6 1
71 67 6 0
67 131 6 1
131 186 6 1
186 17 6 1
17 197 6 0
197 194 6 1
194 44 6 1
44 33 6 1
33 195 6 1
195 0 6 0
7 5
0 59 7 2
59 3 7 2
3 175 7 2
175 43 7 2
43 0 7 0
8 12
0 46 8 0
46 123 8 1
123 199 8 0
199 83 8 0
83 115 8 0
115 117 8 1
117 191 8 0
191 6 8 0
6 57 8 0
57 128 8 1
128 7 8 0
7 0 8 0
9 13
0 14 9 0
14 72 9 2
72 54 9 1
54 183 9 1
183 103 9 2
103 133 9 1
133 188 9 1
188 105 9 0
105 31 9 1
31 114 9 0
114 65 9 2
65 179 9 2
179 0 9 0
10 5
0 63 10 4
63 51 10 5
51 195 10 4
195 178 10 4
178 0 10 0
11 16
0 146 11 4
146 77 11 4
77 75 11 5
75 94 11 5
94 151 11 3
151 49 11 4
49 170 11 4
170 27 11 4
27 124 11 4
124 68 11 4
68 153 11 4
153 134 11 4
134 78 11 3
78 187 11 3
187 165 11 3
165 0 11 0
12 18
0 146 12 5
146 173 12 3
173 168 12 3
168 13 12 4
13 122 12 3
122 135 12 5
135 81 12 3
81 167 12 4
167 160 12 3
160 159 12 3
159 150 12 3
150 55 12 5
55 111 12 4
111 155 12 3
155 179 12 3
179 74 12 4
74 149 12 4
149 0 12 0
13 7
0 60 13 5
60 157 13 5
157 175 13 3
175 86 13 3
86 112 13 5
112 185 13 5
185 0 13 0
14 14
0 126 14 5
126 89 14 5
89 190 14 3
190 193 14 4
193 186 14 3
186 98 14 4
98 119 14 5
119 197 14 4
197 37 14 3
37 95 14 3
95 194 14 3
194 70 14 5
70 30 14 4
30 0 14 0
15 6
0 157 15 4
157 141 15 4
141 163 15 4
163 152 15 4
152 169 15 4
169 0 15 0
16 17
0 161 16 3
161 168 16 4
168 181 16 4
181 171 16 5
171 158 16 4
158 48 16 3
48 29 16 3
29 88 16 3
88 160 16 5
160 159 16 4
159 150 16 5
150 130 16 3
130 148 16 3
148 184 16 4
184 139 16 3
139 47 16 4
47 0 16 0
17 13
0 161 17 4
161 174 17 5
174 147 17 3
147 145 17 4
145 156 17 3
156 144 17 4
144 73 17 3
73 188 17 4
188 167 17 5
167 25 17 4
25 58 17 4
58 79 17 3
79 0 17 0
18 1
0 0 18 0
19 4
0 20 19 5
20 69 19 4
69 192 19 3
192 0 19 0
20 14
0 198 20 3
198 147 20 5
147 145 20 5
145 156 20 5
156 144 20 5
144 84 20 4
84 196 20 4
196 170 20 5
170 5 20 3
5 153 20 5
153 18 20 3
18 35 20 4
35 149 20 5
149 0 20 0
21 15
0 127 21 5
127 154 21 5
154 110 21 5
110 62 21 4
62 162 21 4
162 107 21 4
107 191 21 5
191 99 21 4
99 52 21 4
52 164 21 5
164 143 21 5
143 142 21 4
142 87 21 4
87 166 21 4
166 0 21 0
22 9
0 8 22 3
8 172 22 5
172 182 22 3
182 151 22 4
151 158 22 5
158 109 22 5
109 176 22 3
176 155 22 4
155 0 22 0
23 14
0 189 23 3
189 50 23 5
50 199 23 5
199 141 23 5
141 163 23 3
163 152 23 5
152 169 23 3
169 102 23 3
102 164 23 3
164 143 23 3
143 64 23 3
64 142 23 3
142 166 23 5
166 0 23 0
24 12
0 177 24 5
177 154 24 3
154 162 24 5
162 22 24 3
22 101 24 3
101 183 24 4
183 125 24 4
125 180 24 4
180 85 24 4
85 24 24 4
24 23 24 5
23 0 24 0
25 1
0 0 25 0
26 1
0 0 26 0
27 2
0 200 27 3
200 0 27 0
28 11
0 137 28 3
137 93 28 3
93 53 28 4
53 104 28 3
104 1 28 4
1 118 28 4
118 28 28 5
28 76 28 3
76 148 28 5
148 165 28 4
165 0 28 0
29 1
0 0 29 0
