# Solution for ../instances-HHCRSP/InstanzVNS_HCSRP_300_5.txt
# Cost = 1761.09 Dist = 5244.24 Tard = 27.7918 TMax = 11.2456
# <vehicle> <route length>
# <origin node> <dest node> <vehicle> <service type>
0 16
0 292 0 0
292 93 0 0
93 131 0 0
131 165 0 0
165 17 0 0
17 91 0 1
91 164 0 0
164 31 0 1
31 119 0 1
119 146 0 0
146 162 0 1
162 97 0 1
97 25 0 1
25 263 0 1
263 5 0 0
5 0 0 0
1 4
0 266 1 1
266 81 1 1
81 90 1 1
90 0 1 0
2 11
0 272 2 2
272 118 2 1
118 286 2 2
286 144 2 1
144 18 2 1
18 147 2 1
147 254 2 2
254 178 2 1
178 106 2 1
106 33 2 1
33 0 2 0
3 9
0 115 3 0
115 274 3 0
274 278 3 0
278 74 3 0
74 56 3 0
56 21 3 0
21 281 3 0
281 137 3 0
137 0 3 0
4 11
0 182 4 2
182 293 4 2
293 253 4 2
253 3 4 2
3 64 4 2
64 36 4 2
36 265 4 2
265 171 4 2
171 145 4 2
145 108 4 2
108 0 4 0
5 2
0 259 5 0
259 0 5 0
6 11
0 260 6 1
260 256 6 1
256 77 6 1
77 51 6 1
51 170 6 1
170 102 6 1
102 76 6 1
76 197 6 1
197 86 6 1
86 273 6 1
273 0 6 0
7 14
0 261 7 0
261 46 7 2
46 255 7 0
255 99 7 0
99 296 7 0
296 183 7 2
183 284 7 2
284 88 7 0
88 280 7 0
280 116 7 0
116 271 7 0
271 24 7 2
24 270 7 0
270 0 7 0
8 8
0 276 8 2
276 288 8 2
288 100 8 2
100 295 8 2
295 124 8 2
124 30 8 2
30 32 8 2
32 0 8 0
9 6
0 15 9 2
15 167 9 2
167 181 9 2
181 179 9 2
179 258 9 2
258 0 9 0
10 15
0 269 10 0
269 126 10 0
126 192 10 2
192 180 10 0
180 257 10 2
257 188 10 0
188 117 10 2
117 23 10 0
23 104 10 0
104 85 10 0
85 277 10 2
277 289 10 2
289 140 10 2
140 264 10 0
264 0 10 0
11 21
0 154 11 1
154 262 11 0
262 14 11 0
14 299 11 2
299 268 11 1
268 9 11 2
9 291 11 2
291 285 11 1
285 186 11 1
186 39 11 1
39 283 11 1
283 87 11 0
87 300 11 0
300 69 11 2
69 294 11 0
294 27 11 2
27 158 11 2
158 251 11 0
251 275 11 1
275 4 11 2
4 0 11 0
12 11
0 71 12 1
71 174 12 1
174 279 12 1
279 161 12 1
161 121 12 1
121 34 12 1
34 35 12 1
35 156 12 1
156 82 12 1
82 40 12 1
40 0 12 0
13 2
0 175 13 1
175 0 13 0
14 6
0 297 14 1
297 70 14 0
70 287 14 1
287 282 14 0
282 298 14 0
298 0 14 0
15 9
0 195 15 0
195 135 15 2
135 43 15 0
43 267 15 0
267 193 15 2
193 114 15 0
114 290 15 2
290 41 15 0
41 0 15 0
16 2
0 252 16 2
252 0 16 0
17 6
0 169 17 1
169 84 17 1
84 96 17 1
96 75 17 1
75 13 17 1
13 0 17 0
18 6
0 266 18 4
266 202 18 4
202 269 18 4
269 247 18 4
247 190 18 4
190 0 18 0
19 11
0 138 19 5
138 235 19 4
235 248 19 5
248 210 19 5
210 236 19 5
236 244 19 4
244 215 19 4
215 141 19 4
141 252 19 4
252 57 19 5
57 0 19 0
20 20
0 292 20 3
292 272 20 4
272 237 20 4
237 240 20 4
240 250 20 3
250 177 20 5
177 142 20 5
142 284 20 4
284 53 20 4
53 223 20 4
223 48 20 4
48 83 20 4
83 213 20 4
213 134 20 3
134 220 20 4
220 280 20 4
280 271 20 5
271 243 20 3
243 270 20 4
270 0 20 0
21 14
0 235 21 3
235 248 21 3
248 297 21 3
297 50 21 3
50 65 21 4
65 191 21 3
191 132 21 4
132 238 21 4
238 287 21 5
287 282 21 5
282 211 21 3
211 203 21 3
203 298 21 3
298 0 21 0
22 15
0 237 22 5
237 240 22 5
240 233 22 4
233 249 22 3
249 130 22 4
130 230 22 4
230 225 22 4
225 105 22 4
105 208 22 4
208 232 22 4
232 173 22 3
173 148 22 4
148 234 22 3
234 176 22 5
176 0 22 0
23 16
0 78 23 4
78 122 23 4
122 184 23 3
184 256 23 5
256 66 23 3
66 2 23 4
2 10 23 3
10 291 23 4
291 155 23 3
155 285 23 3
285 300 23 3
300 123 23 4
123 92 23 3
92 251 23 5
251 242 23 3
242 0 23 0
24 11
0 166 24 3
166 28 24 3
28 12 24 3
12 209 24 4
209 222 24 3
222 279 24 5
279 274 24 5
274 95 24 4
95 201 24 3
201 290 24 5
290 0 24 0
25 7
0 259 25 5
259 202 25 3
202 1 25 5
1 207 25 3
207 258 25 4
258 231 25 3
231 0 25 0
26 7
0 42 26 5
42 194 26 4
194 38 26 3
38 228 26 4
228 265 26 4
265 281 26 3
281 0 26 0
27 21
0 229 27 3
229 260 27 4
260 286 27 5
286 217 27 3
217 63 27 3
63 212 27 4
212 241 27 3
241 125 27 4
125 283 27 3
283 157 27 5
157 103 27 4
103 149 27 4
149 254 27 3
254 7 27 4
7 113 27 3
113 112 27 5
112 159 27 4
159 275 27 4
275 26 27 4
26 242 27 5
242 0 27 0
28 22
0 229 28 5
229 163 28 3
163 262 28 3
262 299 28 5
299 268 28 3
268 80 28 5
80 217 28 5
217 212 28 5
212 241 28 5
241 168 28 3
168 226 28 3
226 223 28 5
223 68 28 5
68 89 28 3
89 213 28 5
213 189 28 5
189 220 28 5
220 107 28 5
107 61 28 5
61 214 28 3
214 221 28 3
221 0 28 0
29 17
0 239 29 3
239 219 29 3
219 261 29 3
261 199 29 4
199 55 29 5
55 120 29 4
120 109 29 4
109 295 29 4
295 19 29 5
19 228 29 5
228 129 29 3
129 238 29 5
238 211 29 5
211 203 29 5
203 44 29 3
44 73 29 4
73 0 29 0
30 16
0 218 30 3
218 60 30 5
60 59 30 3
59 45 30 3
45 22 30 5
22 172 30 3
172 233 30 5
233 249 30 5
249 230 30 3
230 225 30 3
225 208 30 3
208 232 30 3
232 264 30 5
264 234 30 5
234 136 30 5
136 0 30 0
31 20
0 239 31 4
239 219 31 4
219 133 31 3
133 245 31 4
245 153 31 4
153 255 31 5
255 216 31 3
216 200 31 4
200 72 31 4
72 185 31 3
185 127 31 5
127 67 31 3
67 226 31 5
226 47 31 4
47 294 31 5
294 224 31 3
224 205 31 3
205 263 31 5
263 243 31 4
243 0 31 0
32 12
0 218 32 5
218 16 32 4
16 245 32 5
245 11 32 5
11 296 32 4
296 216 32 5
216 150 32 5
150 224 32 4
224 205 32 4
205 214 32 4
214 221 32 4
221 0 32 0
33 16
0 58 33 4
58 98 33 3
98 54 33 5
54 209 33 5
209 222 33 5
222 257 33 4
257 198 33 5
198 151 33 3
151 29 33 3
29 206 33 3
206 227 33 4
227 277 33 3
277 204 33 3
204 289 33 4
289 37 33 4
37 0 33 0
34 8
0 196 34 3
196 293 34 5
293 94 34 3
94 253 34 3
253 278 34 5
278 273 34 5
273 187 34 3
187 0 34 0
35 11
0 160 35 5
160 49 35 5
49 139 35 3
139 6 35 5
6 52 35 5
52 250 35 5
250 62 35 3
62 206 35 4
206 227 35 5
227 204 35 5
204 0 35 0
36 2
0 267 36 3
267 0 36 0
37 11
0 276 37 4
276 111 37 4
111 288 37 3
288 152 37 5
152 210 37 3
210 236 37 3
236 244 37 3
244 215 37 3
215 110 37 5
110 128 37 3
128 0 37 0
38 6
0 246 38 4
246 143 38 3
143 207 38 5
207 101 38 5
101 231 38 4
231 0 38 0
39 7
0 246 39 5
246 20 39 3
20 247 39 5
247 8 39 5
8 79 39 3
79 201 39 5
201 0 39 0
