# Solution for ../instances-HHCRSP/InstanzVNS_HCSRP_300_10.txt
# Cost = 1945.98 Dist = 5817.23 Tard = 13.6331 TMax = 7.06885
# <vehicle> <route length>
# <origin node> <dest node> <vehicle> <service type>
0 12
0 273 0 0
273 290 0 0
290 4 0 0
4 147 0 0
147 105 0 1
105 289 0 0
289 295 0 1
295 152 0 0
152 162 0 1
162 187 0 1
187 42 0 1
42 0 0 0
1 6
0 300 1 2
300 293 1 2
293 129 1 2
129 179 1 2
179 164 1 2
164 0 1 0
2 13
0 70 2 2
70 61 2 2
61 144 2 2
144 34 2 2
34 296 2 2
296 126 2 2
126 27 2 2
27 269 2 2
269 191 2 2
191 166 2 2
166 272 2 2
272 43 2 2
43 0 2 0
3 11
0 22 3 1
22 267 3 1
267 7 3 1
7 11 3 1
11 158 3 1
158 170 3 1
170 266 3 1
266 277 3 1
277 278 3 1
278 285 3 1
285 0 3 0
4 7
0 253 4 2
253 259 4 2
259 24 4 2
24 32 4 2
32 299 4 2
299 31 4 2
31 0 4 0
5 9
0 89 5 0
89 176 5 0
176 276 5 0
276 83 5 0
83 84 5 0
84 58 5 0
58 291 5 0
291 48 5 0
48 0 5 0
6 7
0 159 6 2
159 124 6 2
124 80 6 2
80 29 6 2
29 197 6 2
197 28 6 2
28 0 6 0
7 13
0 254 7 2
254 292 7 2
292 103 7 1
103 154 7 1
154 90 7 1
90 258 7 1
258 143 7 2
143 133 7 2
133 288 7 2
288 157 7 2
157 77 7 1
77 30 7 2
30 0 7 0
8 14
0 148 8 0
148 257 8 0
257 2 8 0
2 125 8 1
125 138 8 0
138 282 8 0
282 161 8 0
161 260 8 1
260 118 8 0
118 16 8 0
16 177 8 0
177 297 8 1
297 281 8 0
281 0 8 0
9 3
0 102 9 2
102 142 9 2
142 0 9 0
10 7
0 274 10 1
274 111 10 1
111 186 10 1
186 132 10 1
132 261 10 1
261 40 10 1
40 0 10 0
11 12
0 287 11 0
287 256 11 0
256 298 11 0
298 165 11 0
165 279 11 0
279 265 11 0
265 60 11 0
60 47 11 0
47 196 11 0
196 283 11 0
283 122 11 0
122 0 11 0
12 14
0 33 12 0
33 64 12 1
64 264 12 1
264 174 12 0
174 26 12 1
26 198 12 0
198 263 12 1
263 62 12 0
62 36 12 1
36 91 12 1
91 153 12 0
153 270 12 0
270 251 12 0
251 0 12 0
13 13
0 94 13 1
94 50 13 1
50 163 13 0
163 113 13 0
113 18 13 1
18 275 13 1
275 151 13 0
151 99 13 0
99 284 13 0
284 66 13 0
66 14 13 0
14 286 13 0
286 0 13 0
14 12
0 104 14 0
104 63 14 2
63 271 14 2
271 108 14 2
108 255 14 2
255 252 14 0
252 44 14 0
44 95 14 0
95 280 14 2
280 156 14 0
156 190 14 0
190 0 14 0
15 11
0 57 15 2
57 171 15 2
171 137 15 2
137 19 15 1
19 173 15 1
173 139 15 1
139 107 15 2
107 294 15 1
294 182 15 1
182 59 15 2
59 0 15 0
16 5
0 141 16 1
141 268 16 1
268 35 16 1
35 262 16 1
262 0 16 0
17 1
0 0 17 0
18 13
0 53 18 3
53 300 18 3
300 189 18 3
189 110 18 5
110 117 18 3
117 71 18 4
71 213 18 4
213 225 18 5
225 41 18 5
41 224 18 4
224 25 18 5
25 284 18 4
284 0 18 0
19 14
0 273 19 5
273 290 19 5
290 3 19 3
3 296 19 3
296 145 19 4
145 178 19 3
178 6 19 4
6 1 19 3
1 116 19 4
116 222 19 4
222 208 19 4
208 245 19 4
245 199 19 5
199 0 19 0
20 19
0 45 20 4
45 228 20 3
228 37 20 4
37 227 20 3
227 240 20 4
240 221 20 3
221 298 20 4
298 130 20 3
130 279 20 4
279 265 20 3
265 202 20 3
202 229 20 3
229 250 20 3
250 215 20 4
215 299 20 4
299 98 20 4
98 82 20 4
82 233 20 3
233 0 20 0
21 21
0 228 21 5
228 227 21 5
227 267 21 5
267 39 21 3
39 8 21 4
8 155 21 5
155 185 21 4
185 88 21 5
88 9 21 3
9 51 21 5
51 282 21 5
282 214 21 4
214 167 21 3
167 235 21 3
235 248 21 4
248 109 21 5
109 297 21 4
297 160 21 3
160 200 21 4
200 281 21 5
281 0 21 0
22 16
0 241 22 3
241 15 22 3
15 120 22 4
120 203 22 3
203 242 22 3
242 232 22 4
232 263 22 4
263 56 22 5
56 201 22 3
201 96 22 3
96 114 22 4
114 210 22 5
210 270 22 3
270 67 22 4
67 231 22 3
231 0 22 0
23 16
0 241 23 4
241 292 23 4
292 256 23 3
256 230 23 3
230 119 23 4
119 38 23 4
38 258 23 3
258 234 23 3
234 207 23 3
207 238 23 3
238 72 23 4
72 220 23 3
220 81 23 3
81 210 23 3
210 251 23 4
251 0 23 0
24 5
0 253 24 3
253 76 24 3
76 268 24 3
268 97 24 3
97 0 24 0
25 20
0 100 25 5
100 5 25 4
5 240 25 5
240 221 25 4
221 230 25 5
230 68 25 5
68 86 25 5
86 271 25 5
271 255 25 5
255 252 25 5
252 260 25 4
260 238 25 4
238 79 25 5
79 220 25 5
220 212 25 3
212 239 25 4
239 206 25 3
206 168 25 5
168 286 25 4
286 0 25 0
26 12
0 276 26 5
276 259 26 5
259 223 26 4
223 195 26 3
195 274 26 5
274 65 26 4
65 128 26 4
128 17 26 4
17 217 26 3
217 209 26 4
209 244 26 4
244 0 26 0
27 8
0 101 27 3
101 183 27 3
183 213 27 3
213 225 27 3
225 224 27 3
224 262 27 3
262 205 27 3
205 0 27 0
28 6
0 218 28 4
218 194 28 4
194 73 28 4
73 226 28 4
226 237 28 5
237 0 28 0
29 13
0 257 29 3
257 85 29 4
85 223 29 5
223 127 29 5
127 216 29 3
216 219 29 3
219 202 29 4
202 229 29 5
229 250 29 5
250 212 29 5
212 239 29 5
239 206 29 5
206 0 29 0
30 5
0 218 30 3
218 172 30 5
172 226 30 5
226 237 30 3
237 0 30 0
31 16
0 180 31 3
180 149 31 4
149 211 31 3
211 246 31 3
246 93 31 3
93 131 31 4
131 266 31 5
266 69 31 5
69 52 31 5
52 214 31 5
214 294 31 5
294 235 31 5
235 248 31 5
248 112 31 4
112 75 31 5
75 0 31 0
32 21
0 49 32 5
49 115 32 3
115 211 32 5
211 246 32 5
246 150 32 5
150 181 32 4
181 236 32 4
236 247 32 3
247 136 32 5
136 243 32 4
243 269 32 4
269 277 32 4
277 193 32 3
193 23 32 3
23 21 32 5
21 10 32 4
10 272 32 5
272 278 32 5
278 285 32 5
285 13 32 3
13 0 32 0
33 12
0 287 33 5
287 254 33 5
254 134 33 4
134 12 33 5
12 20 33 4
20 234 33 4
234 207 33 4
207 135 33 3
135 261 33 3
261 280 33 3
280 121 33 4
121 0 33 0
34 12
0 204 34 4
204 188 34 3
188 293 34 3
293 216 34 5
216 219 34 4
219 215 34 5
215 275 34 5
275 92 34 5
92 205 34 4
205 233 34 5
233 283 34 5
283 0 34 0
35 8
0 204 35 5
204 106 35 3
106 87 35 5
87 169 35 5
169 46 35 5
46 55 35 5
55 146 35 4
146 0 35 0
36 10
0 192 36 5
192 203 36 4
203 242 36 5
242 232 36 5
232 288 36 5
288 201 36 4
201 184 36 5
184 74 36 5
74 231 36 4
231 0 36 0
37 5
0 249 37 3
249 217 37 4
217 209 37 5
209 244 37 5
244 0 37 0
38 4
0 249 38 5
249 291 38 4
291 54 38 5
54 0 38 0
39 14
0 78 39 3
78 175 39 5
175 123 39 3
123 140 39 3
140 264 39 3
264 236 39 5
236 247 39 5
247 243 39 5
243 289 39 3
289 295 39 5
295 222 39 5
222 208 39 5
208 245 39 3
245 0 39 0
