# Solution for ../instances-HHCRSP/InstanzCPLEX_HCSRP_75_5.txt
# Cost = 696.803 Dist = 2090.41 Tard = 0 TMax = 0
# <vehicle> <route length>
# <origin node> <dest node> <vehicle> <service type>
0 19
0 14 0 0
14 9 0 2
9 46 0 2
46 17 0 0
17 66 0 0
66 72 0 1
72 67 0 0
67 31 0 1
31 39 0 1
39 68 0 0
68 69 0 1
69 27 0 2
27 75 0 1
75 25 0 1
25 4 0 2
4 33 0 1
33 5 0 0
5 24 0 2
24 0 0 0
1 5
0 36 1 2
36 3 1 2
3 74 1 2
74 32 1 2
32 0 1 0
2 10
0 71 2 1
71 64 2 1
64 34 2 1
34 51 2 1
51 65 2 1
65 18 2 1
18 35 2 1
35 40 2 1
40 13 2 1
13 0 2 0
3 7
0 23 3 0
23 21 3 0
21 70 3 0
70 43 3 0
43 73 3 0
73 41 3 0
41 0 3 0
4 3
0 15 4 2
15 30 4 2
30 0 4 0
5 8
0 52 5 5
52 63 5 3
63 22 5 5
22 12 5 3
12 19 5 5
19 20 5 3
20 57 5 3
57 0 5 0
6 14
0 42 6 5
42 63 6 5
63 11 6 5
11 66 6 4
66 2 6 4
2 72 6 3
72 10 6 3
10 67 6 3
67 68 6 4
68 47 6 4
47 69 6 3
69 26 6 4
26 61 6 3
61 0 6 0
7 8
0 54 7 3
54 59 7 3
59 60 7 3
60 62 7 3
62 53 7 5
53 75 7 3
75 61 7 5
61 0 7 0
8 6
0 54 8 5
54 55 8 5
55 28 8 3
28 60 8 5
60 56 8 3
56 0 8 0
9 7
0 8 9 5
8 71 9 4
71 1 9 5
1 65 9 4
65 73 9 5
73 57 9 5
57 0 9 0
10 13
0 16 10 4
16 49 10 5
49 6 10 5
6 45 10 3
45 59 10 4
59 64 10 4
64 29 10 3
29 62 10 4
62 48 10 4
48 53 10 4
53 7 10 4
7 37 10 4
37 0 10 0
11 8
0 58 11 3
58 50 11 3
50 55 11 4
55 38 11 3
38 70 11 3
70 74 11 4
74 56 11 5
56 0 11 0
12 1
0 0 12 0
13 3
0 58 13 5
58 44 13 3
44 0 13 0
14 1
0 0 14 0
