# Solution for ../instances-HHCRSP/InstanzVNS_HCSRP_100_4.txt
# Cost = 724.439 Dist = 2168.97 Tard = 2.48431 TMax = 1.86854
# <vehicle> <route length>
# <origin node> <dest node> <vehicle> <service type>
0 7
0 13 0 2
13 90 0 0
90 20 0 0
20 87 0 2
87 93 0 2
93 91 0 0
91 0 0 0
1 6
0 50 1 0
50 39 1 0
39 16 1 0
16 44 1 0
44 63 1 0
63 0 1 0
2 3
0 97 2 0
97 94 2 0
94 0 2 0
3 7
0 92 3 2
92 15 3 2
15 69 3 0
69 33 3 0
33 18 3 0
18 9 3 0
9 0 3 0
4 12
0 40 4 1
40 55 4 1
55 88 4 1
88 1 4 2
1 62 4 0
62 96 4 1
96 89 4 0
89 34 4 2
34 36 4 1
36 95 4 2
95 10 4 1
10 0 4 0
5 6
0 24 5 1
24 25 5 1
25 98 5 1
98 86 5 1
86 65 5 1
65 0 5 0
6 14
0 47 6 2
47 14 6 2
14 51 6 2
51 7 6 1
7 54 6 0
54 12 6 2
12 99 6 1
99 41 6 0
41 100 6 1
100 56 6 2
56 64 6 0
64 11 6 2
11 17 6 1
17 0 6 0
7 11
0 90 7 3
90 49 7 4
49 31 7 4
31 68 7 3
68 60 7 4
60 72 7 3
72 35 7 3
35 89 7 3
89 78 7 4
78 57 7 4
57 0 7 0
8 12
0 30 8 5
30 92 8 5
92 43 8 5
43 46 8 4
46 5 8 3
5 75 8 4
75 81 8 4
81 22 8 5
22 79 8 4
79 67 8 3
67 26 8 3
26 0 8 0
9 12
0 71 9 4
71 74 9 3
74 32 9 3
32 23 9 4
23 88 9 3
88 83 9 3
83 73 9 3
73 85 9 4
85 61 9 4
61 99 9 4
99 100 9 4
100 0 9 0
10 12
0 71 10 5
71 74 10 4
74 66 10 3
66 45 10 3
45 83 10 4
83 73 10 5
73 85 10 5
85 96 10 4
96 72 10 5
72 3 10 3
3 78 10 5
78 0 10 0
11 9
0 48 11 5
48 82 11 4
82 77 11 5
77 59 11 4
59 84 11 5
84 75 11 5
75 2 11 4
2 79 11 5
79 0 11 0
12 4
0 97 12 3
97 94 12 5
94 8 12 4
8 0 12 0
13 2
0 4 13 4
4 0 13 0
14 8
0 58 14 3
58 82 14 3
82 77 14 3
77 84 14 3
84 27 14 3
27 80 14 3
80 98 14 3
98 0 14 0
15 10
0 52 15 5
52 42 15 4
42 38 15 5
38 80 15 4
80 19 15 4
19 29 15 5
29 53 15 5
53 21 15 5
21 86 15 5
86 0 15 0
16 6
0 6 16 3
6 28 16 3
28 87 16 5
87 81 16 5
81 95 16 3
95 0 16 0
17 5
0 37 17 4
37 76 17 3
76 93 17 4
93 70 17 5
70 0 17 0
18 1
0 0 18 0
19 3
0 76 19 4
76 91 19 5
91 0 19 0
