# Solution for ../instances-HHCRSP/InstanzVNS_HCSRP_200_10.txt
# Cost = 1434.6 Dist = 4281.42 Tard = 16.1858 TMax = 6.20263
# <vehicle> <route length>
# <origin node> <dest node> <vehicle> <service type>
0 13
0 192 0 0
192 4 0 0
4 33 0 0
33 181 0 0
181 185 0 0
185 138 0 0
138 118 0 0
118 16 0 0
16 193 0 0
193 178 0 0
178 62 0 0
62 177 0 0
177 0 0 0
1 16
0 171 1 2
171 64 1 1
64 61 1 2
61 174 1 2
174 126 1 2
126 34 1 2
34 105 1 1
105 27 1 2
27 191 1 2
191 187 1 2
187 43 1 2
43 199 1 1
199 77 1 1
77 30 1 2
30 59 1 2
59 0 1 0
2 11
0 50 2 1
50 103 2 1
103 175 2 1
175 22 2 1
22 125 2 1
125 198 2 1
198 90 2 1
90 173 2 1
173 19 2 1
19 132 2 1
132 0 2 0
3 7
0 189 3 1
189 94 3 1
94 35 3 1
35 111 3 1
111 18 3 1
18 172 3 1
172 0 3 0
4 9
0 180 4 1
180 11 4 1
11 7 4 1
7 26 4 1
26 139 4 1
139 91 4 1
91 36 4 1
36 42 4 1
42 0 4 0
5 18
0 104 5 0
104 2 5 0
2 195 5 0
195 102 5 2
102 183 5 0
183 89 5 0
89 84 5 0
84 83 5 0
83 32 5 2
32 95 5 0
95 179 5 0
179 186 5 0
186 31 5 2
31 60 5 0
60 99 5 0
99 196 5 0
196 48 5 0
48 0 5 0
6 11
0 176 6 2
176 70 6 2
70 57 6 2
57 108 6 2
108 63 6 2
63 137 6 2
137 133 6 2
133 182 6 2
182 107 6 2
107 184 6 2
184 0 6 0
7 4
0 80 7 2
80 29 7 2
29 28 7 2
28 0 7 0
8 16
0 188 8 0
188 124 8 2
124 194 8 0
194 197 8 0
197 113 8 0
113 129 8 2
129 58 8 0
58 24 8 2
24 44 8 0
44 40 8 1
40 47 8 0
47 190 8 2
190 122 8 0
122 14 8 0
14 66 8 0
66 0 8 0
9 2
0 200 9 2
200 0 9 0
10 16
0 171 10 3
171 192 10 5
192 158 10 3
158 3 10 3
3 147 10 3
147 167 10 4
167 193 10 3
193 178 10 4
178 162 10 3
162 152 10 3
152 187 10 4
187 166 10 3
166 10 10 4
10 1 10 3
1 112 10 4
112 0 10 0
11 16
0 78 11 3
78 37 11 4
37 130 11 3
130 68 11 5
68 175 11 4
175 155 11 5
155 38 11 4
38 165 11 3
165 143 11 3
143 96 11 3
96 179 11 3
179 81 11 3
81 156 11 4
156 98 11 4
98 92 11 5
92 0 11 0
12 9
0 159 12 5
159 163 12 5
163 53 12 3
53 46 12 5
46 141 12 5
141 76 12 3
76 151 12 5
151 156 12 3
156 0 12 0
13 8
0 159 13 4
159 163 13 4
163 100 13 5
100 183 13 4
183 41 13 5
41 117 13 3
117 55 13 5
55 0 13 0
14 11
0 176 14 4
176 12 14 5
12 158 14 5
158 147 14 4
147 167 14 5
167 191 14 4
191 157 14 3
157 199 14 4
199 177 14 5
177 160 14 3
160 0 14 0
15 13
0 115 15 3
115 144 15 3
144 180 15 3
180 185 15 3
185 155 15 3
155 93 15 3
93 198 15 3
198 182 15 3
182 9 15 3
9 157 15 4
157 13 15 3
13 160 15 4
160 0 15 0
16 11
0 188 16 3
188 148 16 3
148 195 16 5
195 134 16 4
134 154 16 3
154 127 16 5
127 186 16 3
186 54 16 5
54 196 16 3
196 142 16 4
142 0 16 0
17 6
0 189 17 3
189 106 17 3
106 101 17 3
101 73 17 4
73 146 17 3
146 0 17 0
18 2
0 168 18 4
168 0 18 0
19 6
0 194 19 5
194 197 19 5
197 146 19 5
146 25 19 5
25 172 19 4
172 0 19 0
20 9
0 148 20 5
148 97 20 3
97 17 20 4
17 141 20 4
141 128 20 4
128 151 20 4
151 82 20 4
82 190 20 3
190 0 20 0
21 13
0 144 21 5
144 123 21 3
123 181 21 4
181 145 21 4
145 23 21 3
23 136 21 5
136 6 21 4
6 162 21 4
162 152 21 4
152 166 21 4
166 21 21 5
21 75 21 5
75 0 21 0
22 3
0 168 22 5
168 142 22 5
142 0 22 0
23 16
0 149 23 3
149 140 23 3
140 150 23 3
150 39 23 3
39 170 23 3
170 174 23 4
174 8 23 4
8 145 23 5
145 116 23 4
116 69 23 5
69 74 23 5
74 109 23 5
109 153 23 3
153 121 23 4
121 72 23 4
72 0 23 0
24 12
0 149 24 5
149 150 24 5
150 170 24 5
170 131 24 4
131 88 24 5
88 52 24 5
52 119 24 4
119 120 24 4
120 161 24 4
161 164 24 4
164 79 24 5
79 0 24 0
25 15
0 5 25 4
5 45 25 4
45 15 25 3
15 154 25 5
154 86 25 5
86 165 25 5
165 143 25 4
143 51 25 5
51 173 25 3
173 56 25 5
56 184 25 4
184 67 25 4
67 153 25 5
153 114 25 4
114 0 25 0
26 3
0 71 26 4
71 65 26 4
65 0 26 0
27 4
0 169 27 3
169 110 27 5
110 200 27 5
200 0 27 0
28 7
0 85 28 4
85 49 28 5
49 20 28 4
20 135 28 3
135 161 28 3
161 164 28 3
164 0 28 0
29 3
0 169 29 5
169 87 29 5
87 0 29 0
