# Solution for ../instances-HHCRSP/InstanzVNS_HCSRP_300_2.txt
# Cost = 1891.37 Dist = 5651.74 Tard = 18.099 TMax = 4.2817
# <vehicle> <route length>
# <origin node> <dest node> <vehicle> <service type>
0 19
0 287 0 1
287 146 0 1
146 289 0 0
289 145 0 1
145 255 0 1
255 182 0 1
182 196 0 1
196 2 0 0
2 257 0 1
257 261 0 0
261 114 0 0
114 158 0 1
158 140 0 1
140 129 0 1
129 292 0 1
292 179 0 0
179 165 0 1
165 4 0 1
4 0 0 0
1 7
0 251 1 2
251 96 1 1
96 3 1 2
3 123 1 1
123 278 1 1
278 128 1 1
128 0 1 0
2 9
0 272 2 0
272 26 2 0
26 283 2 0
283 45 2 0
45 262 2 0
262 10 2 0
10 105 2 0
105 106 2 0
106 0 2 0
3 10
0 154 3 2
154 254 3 2
254 162 3 2
162 198 3 2
198 276 3 2
276 294 3 2
294 36 3 2
36 40 3 2
40 296 3 2
296 0 3 0
4 16
0 71 4 1
71 11 4 2
11 147 4 1
147 259 4 2
259 133 4 1
133 41 4 2
41 103 4 2
103 160 4 1
160 282 4 1
282 138 4 1
138 167 4 2
167 19 4 2
19 285 4 1
285 281 4 2
281 280 4 2
280 0 4 0
5 9
0 67 5 0
67 193 5 1
193 131 5 1
131 44 5 1
44 191 5 1
191 288 5 0
288 82 5 1
82 256 5 1
256 0 5 0
6 15
0 290 6 0
290 275 6 2
275 177 6 1
177 46 6 0
46 260 6 2
260 116 6 0
116 43 6 2
43 92 6 1
92 38 6 1
38 264 6 2
264 7 6 0
7 300 6 2
300 273 6 1
273 185 6 0
185 0 6 0
7 4
0 121 7 2
121 100 7 2
100 90 7 2
90 0 7 0
8 2
0 115 8 0
115 0 8 0
9 2
0 175 9 0
175 0 9 0
10 1
0 0 10 0
11 14
0 258 11 1
258 263 11 2
263 132 11 1
132 172 11 2
172 136 11 2
136 66 11 2
66 34 11 2
34 31 11 1
31 286 11 2
286 270 11 1
270 149 11 1
149 65 11 2
65 15 11 2
15 0 11 0
12 2
0 157 12 2
157 0 12 0
13 13
0 299 13 1
299 199 13 0
199 189 13 2
189 293 13 0
293 83 13 0
83 59 13 2
59 17 13 1
17 271 13 0
271 295 13 1
295 117 13 1
117 279 13 1
279 57 13 0
57 0 13 0
14 5
0 120 14 1
120 39 14 1
39 298 14 1
298 166 14 1
166 0 14 0
15 19
0 297 15 1
297 108 15 1
108 168 15 2
168 173 15 2
173 266 15 2
266 61 15 2
61 274 15 2
274 80 15 1
80 252 15 0
252 159 15 2
159 180 15 0
180 56 15 1
56 33 15 1
33 197 15 2
197 6 15 0
6 32 15 0
32 291 15 1
291 97 15 2
97 0 15 0
16 18
0 9 16 1
9 161 16 0
161 14 16 0
14 54 16 1
54 91 16 0
91 269 16 0
269 72 16 2
72 284 16 0
284 113 16 1
113 267 16 1
267 265 16 0
265 277 16 1
277 268 16 2
268 42 16 1
42 253 16 0
253 12 16 2
12 21 16 0
21 0 16 0
17 2
0 16 17 2
16 0 17 0
18 17
0 287 18 5
287 289 18 4
289 181 18 5
181 227 18 3
227 240 18 3
240 216 18 4
216 29 18 3
29 75 18 5
75 234 18 3
234 282 18 3
282 246 18 3
246 78 18 3
78 209 18 3
209 205 18 3
205 109 18 5
109 130 18 3
130 0 18 0
19 20
0 272 19 5
272 206 19 4
206 242 19 3
242 208 19 3
208 255 19 4
255 73 19 3
73 49 19 4
49 27 19 4
27 124 19 4
124 204 19 3
204 229 19 3
229 239 19 3
239 250 19 3
250 134 19 4
134 188 19 3
188 213 19 3
213 74 19 4
74 292 19 4
292 202 19 4
202 0 19 0
20 19
0 206 20 5
206 242 20 4
242 208 20 4
208 203 20 3
203 222 20 3
222 81 20 3
81 183 20 3
183 284 20 4
284 237 20 4
237 148 20 3
148 265 20 4
265 277 20 5
277 23 20 5
23 195 20 3
195 37 20 3
37 296 20 3
296 201 20 3
201 256 20 5
256 0 20 0
21 14
0 251 21 5
251 248 21 3
248 126 21 5
126 152 21 3
152 51 21 5
51 98 21 4
98 119 21 5
119 295 21 4
295 95 21 3
95 194 21 5
194 279 21 5
279 70 21 5
70 223 21 3
223 0 21 0
22 14
0 248 22 4
248 62 22 4
62 186 22 4
186 107 22 4
107 236 22 3
236 211 22 4
211 228 22 3
228 52 22 4
52 220 22 4
220 219 22 4
219 30 22 4
30 169 22 5
169 233 22 3
233 0 22 0
23 3
0 210 23 5
210 60 23 5
60 0 23 0
24 19
0 137 24 3
137 290 24 3
290 275 24 4
275 77 24 4
77 221 24 4
221 263 24 5
263 244 24 3
244 218 24 3
218 13 24 4
13 111 24 4
111 150 24 4
150 55 24 5
55 232 24 3
232 47 24 4
47 291 24 3
291 24 24 4
24 178 24 5
178 223 24 5
223 0 24 0
25 15
0 210 25 4
210 93 25 3
93 190 25 4
190 141 25 4
141 127 25 5
127 110 25 5
110 163 25 5
163 112 25 5
112 260 25 4
260 87 25 4
87 142 25 4
142 300 25 5
300 273 25 4
273 233 25 4
233 0 25 0
26 19
0 254 26 5
254 104 26 3
104 227 26 4
227 240 26 5
240 216 26 5
216 135 26 5
135 269 26 4
269 48 26 3
48 88 26 3
88 204 26 5
204 229 26 4
229 239 26 4
239 262 26 5
262 213 26 4
213 35 26 4
35 270 26 3
270 187 26 5
187 202 26 5
202 0 26 0
27 13
0 221 27 5
221 28 27 5
28 200 27 5
200 118 27 4
118 125 27 4
125 267 27 5
267 238 27 4
238 224 27 5
224 288 27 5
288 249 27 4
249 245 27 4
245 164 27 5
164 0 27 0
28 14
0 8 28 3
8 258 28 3
258 212 28 4
212 243 28 3
243 244 28 5
244 218 28 5
218 266 28 4
266 274 28 3
274 252 28 5
252 122 28 3
122 25 28 4
25 232 28 5
232 139 28 3
139 0 28 0
29 13
0 230 29 3
230 241 29 4
241 299 29 4
299 50 29 5
50 293 29 4
293 236 29 4
236 211 29 5
211 228 29 4
228 220 29 5
220 219 29 5
219 264 29 5
264 20 29 5
20 0 29 0
30 10
0 230 30 5
230 241 30 5
241 225 30 3
225 276 30 5
276 294 30 5
294 101 30 3
101 238 30 5
238 224 30 3
224 201 30 4
201 0 30 0
31 20
0 89 31 5
89 297 31 4
297 174 31 3
174 212 31 5
212 243 31 4
243 151 31 3
151 144 31 5
144 156 31 5
156 257 31 3
257 261 31 5
261 250 31 4
250 18 31 3
18 153 31 3
153 286 31 3
286 176 31 4
176 285 31 5
285 281 31 5
281 155 31 4
155 280 31 4
280 0 31 0
32 12
0 207 32 4
207 231 32 3
231 214 32 3
214 283 32 3
283 68 32 4
68 170 32 3
170 84 32 4
84 5 32 3
5 246 32 4
246 209 32 4
209 205 32 4
205 0 32 0
33 7
0 53 33 4
53 247 33 3
247 278 33 3
278 102 33 3
102 249 33 3
249 245 33 3
245 0 33 0
34 8
0 298 34 4
298 69 34 4
69 86 34 3
86 63 34 4
63 143 34 4
143 192 34 4
192 64 34 3
64 0 34 0
35 17
0 207 35 5
207 231 35 4
231 214 35 5
214 259 35 3
259 94 35 5
94 203 35 4
203 222 35 4
222 171 35 4
171 234 35 5
234 237 35 5
237 58 35 4
58 268 35 3
268 235 35 4
235 226 35 4
226 253 35 3
253 217 35 4
217 0 35 0
36 13
0 225 36 5
225 1 36 4
1 22 36 3
22 271 36 4
271 85 36 4
85 99 36 4
99 76 36 3
76 79 36 3
79 235 36 5
235 226 36 5
226 184 36 5
184 217 36 5
217 0 36 0
37 2
0 247 37 5
247 0 37 0
38 2
0 215 38 3
215 0 38 0
39 2
0 215 39 5
215 0 39 0
