# Solution for ../instances-HHCRSP/InstanzVNS_HCSRP_100_9.txt
# Cost = 959.83 Dist = 2879.49 Tard = 0 TMax = 0
# <vehicle> <route length>
# <origin node> <dest node> <vehicle> <service type>
0 10
0 16 0 2
16 23 0 2
23 59 0 2
59 43 0 0
43 10 0 1
10 44 0 2
44 53 0 0
53 60 0 2
60 93 0 1
93 0 0 0
1 7
0 9 1 1
9 50 1 1
50 4 1 1
4 95 1 1
95 100 1 1
100 21 1 1
21 0 1 0
2 3
0 99 2 0
99 32 2 0
32 0 2 0
3 1
0 0 3 0
4 14
0 47 4 2
47 35 4 2
35 36 4 2
36 11 4 2
11 27 4 0
27 56 4 0
56 88 4 2
88 8 4 0
8 86 4 2
86 18 4 2
18 92 4 0
92 45 4 2
45 57 4 2
57 0 4 0
5 14
0 97 5 2
97 42 5 2
42 64 5 2
64 98 5 2
98 91 5 1
91 96 5 2
96 58 5 2
58 30 5 1
30 28 5 2
28 69 5 0
69 20 5 0
20 31 5 0
31 94 5 0
94 0 5 0
6 10
0 54 6 1
54 89 6 0
89 87 6 0
87 33 6 0
33 90 6 0
90 1 6 1
1 26 6 0
26 61 6 0
61 55 6 0
55 0 6 0
7 14
0 5 7 5
5 67 7 5
67 79 7 3
79 95 7 5
95 83 7 3
83 100 7 3
100 77 7 5
77 70 7 5
70 62 7 3
62 88 7 5
88 15 7 5
15 78 7 3
78 74 7 5
74 0 7 0
8 10
0 34 8 4
34 52 8 4
52 22 8 4
22 79 8 4
79 12 8 4
12 83 8 4
83 77 8 4
77 92 8 4
92 51 8 4
51 0 8 0
9 10
0 73 9 3
73 49 9 5
49 66 9 3
66 76 9 3
76 87 9 3
87 90 9 5
90 85 9 3
85 38 9 3
38 80 9 5
80 0 9 0
10 7
0 73 10 5
73 71 10 3
71 98 10 3
98 91 10 3
91 7 10 5
7 93 10 4
93 0 10 0
11 1
0 0 11 0
12 11
0 97 12 4
97 2 12 4
2 81 12 4
81 68 12 4
68 84 12 4
84 19 12 5
19 75 12 4
75 72 12 4
72 86 12 5
86 24 12 4
24 0 12 0
13 9
0 82 13 5
82 81 13 5
81 76 13 5
76 48 13 5
48 17 13 5
17 37 13 5
37 29 13 3
29 40 13 5
40 0 13 0
14 9
0 82 14 4
82 71 14 5
71 39 14 3
39 3 14 4
3 85 14 4
85 80 14 4
80 13 14 4
13 14 14 4
14 0 14 0
15 9
0 89 15 4
89 63 15 4
63 6 15 3
6 84 15 5
84 75 15 3
75 72 15 3
72 78 15 4
78 74 15 4
74 0 15 0
16 3
0 25 16 5
25 99 16 4
99 0 16 0
17 1
0 0 17 0
18 6
0 46 18 5
46 96 18 5
96 41 18 4
41 94 18 5
94 65 18 5
65 0 18 0
19 1
0 0 19 0
