# Solution for ../instances-HHCRSP/InstanzCPLEX_HCSRP_25_2.txt
# Cost = 486.677 Dist = 1400.62 Tard = 33.9407 TMax = 25.4703
# <vehicle> <route length>
# <origin node> <dest node> <vehicle> <service type>
0 11
0 9 0 1
9 14 0 0
14 17 0 1
17 2 0 0
2 10 0 0
10 6 0 0
6 7 0 0
7 23 0 1
23 24 0 0
24 4 0 1
4 0 0 0
1 8
0 11 1 2
11 22 1 2
22 25 1 2
25 3 1 2
3 16 1 2
16 12 1 2
12 15 1 2
15 0 1 0
2 10
0 1 2 4
1 22 2 3
22 13 2 4
13 5 2 3
5 19 2 3
19 18 2 3
18 21 2 4
21 23 2 4
23 24 2 4
24 0 2 0
3 3
0 25 3 4
25 20 3 3
20 0 3 0
4 6
0 8 4 3
8 19 4 5
19 18 4 5
18 21 4 3
21 20 4 5
20 0 4 0
