# Solution for ../instances-HHCRSP/InstanzVNS_HCSRP_100_4.txt
# Cost = 728.687 Dist = 2184.83 Tard = 0.61577 TMax = 0.61577
# <vehicle> <route length>
# <origin node> <dest node> <vehicle> <service type>
0 6
0 90 0 0
90 20 0 0
20 13 0 2
13 93 0 2
93 91 0 0
91 0 0 0
1 5
0 97 1 0
97 94 1 0
94 33 1 0
33 18 1 0
18 0 1 0
2 2
0 9 2 0
9 0 2 0
3 9
0 15 3 2
15 69 3 0
69 92 3 2
92 39 3 0
39 50 3 0
50 44 3 0
44 16 3 0
16 63 3 0
63 0 3 0
4 12
0 40 4 1
40 55 4 1
55 88 4 1
88 1 4 2
1 96 4 1
96 62 4 0
62 89 4 0
89 34 4 2
34 36 4 1
36 95 4 2
95 17 4 1
17 0 4 0
5 6
0 24 5 1
24 98 5 1
98 86 5 1
86 10 5 1
10 65 5 1
65 0 5 0
6 15
0 47 6 2
47 14 6 2
14 51 6 2
51 7 6 1
7 54 6 0
54 25 6 1
25 87 6 2
87 12 6 2
12 99 6 1
99 41 6 0
41 100 6 1
100 56 6 2
56 64 6 0
64 11 6 2
11 0 6 0
7 11
0 90 7 3
90 49 7 4
49 31 7 4
31 68 7 3
68 60 7 4
60 72 7 3
72 35 7 3
35 89 7 3
89 78 7 4
78 57 7 4
57 0 7 0
8 13
0 48 8 5
48 58 8 3
58 82 8 3
82 77 8 3
77 59 8 4
59 84 8 3
84 27 8 3
27 80 8 4
80 98 8 3
98 19 8 4
19 29 8 5
29 53 8 5
53 0 8 0
9 14
0 42 9 4
42 82 9 4
82 77 9 5
77 84 9 5
84 43 9 5
43 46 9 4
46 5 9 3
5 75 9 4
75 2 9 4
2 22 9 5
22 79 9 4
79 67 9 3
67 26 9 3
26 0 9 0
10 6
0 28 10 3
28 6 10 3
6 87 10 5
87 81 10 4
81 79 10 5
79 0 10 0
11 5
0 30 11 5
30 92 11 5
92 21 11 5
21 86 11 5
86 0 11 0
12 13
0 71 12 4
71 74 12 3
74 32 12 3
32 23 12 4
23 88 12 3
88 83 12 3
83 73 12 3
73 85 12 4
85 96 12 4
96 72 12 5
72 3 12 3
3 78 12 5
78 0 12 0
13 3
0 76 13 4
76 37 13 4
37 0 13 0
14 3
0 97 14 3
97 4 14 4
4 0 14 0
15 11
0 71 15 5
71 74 15 4
74 66 15 3
66 45 15 3
45 83 15 4
83 73 15 5
73 85 15 5
85 61 15 4
61 99 15 4
99 100 15 4
100 0 15 0
16 7
0 52 16 5
52 38 16 5
38 80 16 3
80 75 16 5
75 81 16 5
81 95 16 3
95 0 16 0
17 3
0 94 17 5
94 8 17 4
8 0 17 0
18 1
0 0 18 0
19 5
0 76 19 3
76 93 19 4
93 70 19 5
70 91 19 5
91 0 19 0
