# Solution for ../instances-HHCRSP/InstanzVNS_HCSRP_100_7.txt
# Cost = 741.321 Dist = 2223.32 Tard = 0.32456 TMax = 0.32456
# <vehicle> <route length>
# <origin node> <dest node> <vehicle> <service type>
0 15
0 50 0 0
50 24 0 1
24 11 0 0
11 38 0 0
38 90 0 0
90 64 0 1
64 51 0 0
51 91 0 0
91 68 0 1
68 26 0 2
26 96 0 0
96 94 0 1
94 46 0 1
46 57 0 0
57 0 0 0
1 7
0 18 1 0
18 100 1 1
100 99 1 2
99 53 1 0
53 25 1 2
25 9 1 0
9 0 1 0
2 10
0 98 2 1
98 45 2 1
45 93 2 0
93 59 2 0
59 29 2 0
29 15 2 1
15 33 2 1
33 12 2 0
12 86 2 1
86 0 2 0
3 3
0 97 3 2
97 67 3 2
67 0 3 0
4 11
0 65 4 2
65 95 4 2
95 42 4 2
42 2 4 2
2 40 4 2
40 88 4 2
88 14 4 1
14 87 4 2
87 36 4 2
36 22 4 2
22 0 4 0
5 2
0 92 5 2
92 0 5 0
6 7
0 10 6 0
10 89 6 2
89 54 6 2
54 39 6 0
39 13 6 0
13 63 6 0
63 0 6 0
7 12
0 3 7 3
3 32 7 3
32 21 7 4
21 90 7 3
90 70 7 5
70 77 7 3
77 79 7 3
79 78 7 5
78 41 7 5
41 52 7 3
52 88 7 4
88 0 7 0
8 10
0 72 8 3
72 34 8 3
34 82 8 3
82 97 8 5
97 28 8 4
28 93 8 3
93 6 8 4
6 47 8 4
47 17 8 3
17 0 8 0
9 8
0 72 9 4
72 82 9 4
82 20 9 3
20 89 9 3
89 48 9 3
48 19 9 3
19 76 9 3
76 0 9 0
10 3
0 27 10 3
27 74 10 4
74 0 10 0
11 14
0 81 11 4
81 75 11 4
75 1 11 4
1 77 11 4
77 79 11 4
79 78 11 4
78 62 11 3
62 80 11 3
80 16 11 4
16 85 11 4
85 55 11 4
55 7 11 4
7 71 11 3
71 0 11 0
12 10
0 100 12 4
100 99 12 3
99 43 12 3
43 73 12 3
73 5 12 4
5 66 12 3
66 83 12 3
83 37 12 4
37 86 12 3
86 0 12 0
13 6
0 81 13 5
81 75 13 5
75 69 13 5
69 8 13 5
8 74 13 3
74 0 13 0
14 7
0 98 14 4
98 4 14 4
4 35 14 3
35 87 14 5
87 61 14 4
61 76 14 4
76 0 14 0
15 5
0 23 15 3
23 58 15 3
58 73 15 5
73 83 15 5
83 0 15 0
16 5
0 84 16 3
84 92 16 3
92 60 16 3
60 44 16 3
44 0 16 0
17 12
0 49 17 4
49 56 17 4
56 95 17 3
95 31 17 3
31 91 17 4
91 80 17 4
80 85 17 5
85 96 17 5
96 94 17 5
94 30 17 5
30 71 17 4
71 0 17 0
18 2
0 84 18 4
84 0 18 0
19 1
0 0 19 0
