# Solution for ../instances-HHCRSP/InstanzVNS_HCSRP_100_7.txt
# Cost = 719.863 Dist = 2155.31 Tard = 2.86769 TMax = 1.4094
# <vehicle> <route length>
# <origin node> <dest node> <vehicle> <service type>
0 16
0 38 0 0
38 11 0 0
11 95 0 2
95 65 0 2
65 64 0 1
64 90 0 0
90 24 0 1
24 51 0 0
51 91 0 0
91 68 0 1
68 26 0 2
26 96 0 0
96 94 0 1
94 46 0 1
46 57 0 0
57 0 0 0
1 15
0 18 1 0
18 100 1 1
100 99 1 2
99 53 1 0
53 25 1 2
25 45 1 1
45 93 1 0
93 59 1 0
59 29 1 0
29 15 1 1
15 33 1 1
33 12 1 0
12 9 1 0
9 86 1 1
86 0 1 0
2 3
0 98 2 1
98 63 2 0
63 0 2 0
3 3
0 97 3 2
97 67 3 2
67 0 3 0
4 7
0 2 4 2
2 42 4 2
42 40 4 2
40 88 4 2
88 14 4 1
14 87 4 2
87 0 4 0
5 2
0 92 5 2
92 0 5 0
6 9
0 50 6 0
50 10 6 0
10 89 6 2
89 54 6 2
54 39 6 0
39 36 6 2
36 13 6 0
13 22 6 2
22 0 6 0
7 13
0 56 7 4
56 95 7 3
95 31 7 3
31 77 7 3
77 78 7 4
78 79 7 3
79 52 7 3
52 88 7 4
88 30 7 5
30 87 7 5
87 61 7 4
61 76 7 3
76 0 7 0
8 16
0 81 8 4
81 75 8 4
75 3 8 3
3 32 8 3
32 21 8 4
21 90 8 3
90 62 8 3
62 70 8 5
70 91 8 4
91 80 8 3
80 96 8 5
96 94 8 5
94 85 8 4
85 7 8 4
7 71 8 3
71 0 8 0
9 11
0 23 9 3
23 100 9 4
100 99 9 3
99 43 9 3
43 73 9 3
73 5 9 4
5 66 9 3
66 83 9 3
83 37 9 4
37 47 9 4
47 0 9 0
10 13
0 81 10 5
81 75 10 5
75 1 10 4
1 41 10 5
41 77 10 4
77 78 10 5
78 79 10 4
79 55 10 4
55 80 10 4
80 16 10 4
16 85 10 5
85 71 10 4
71 0 10 0
11 5
0 98 11 4
98 17 11 3
17 48 11 3
48 74 11 4
74 0 11 0
12 5
0 84 12 3
84 92 12 3
92 60 12 3
60 44 12 3
44 0 12 0
13 8
0 72 13 3
72 20 13 3
20 82 13 3
82 97 13 5
97 58 13 3
58 73 13 5
73 83 13 5
83 0 13 0
14 2
0 84 14 4
84 0 14 0
15 5
0 27 15 3
27 69 15 5
69 8 15 5
8 74 15 3
74 0 15 0
16 1
0 0 16 0
17 8
0 72 17 4
72 34 17 3
34 82 17 4
82 28 17 4
28 93 17 3
93 6 17 4
6 86 17 3
86 0 17 0
18 7
0 49 18 4
49 4 18 4
4 35 18 3
35 19 18 3
19 89 18 3
89 76 18 4
76 0 18 0
19 1
0 0 19 0
