# Solution for ../instances-HHCRSP/InstanzVNS_HCSRP_100_8.txt
# Cost = 764.026 Dist = 2277.34 Tard = 8.48189 TMax = 6.25941
# <vehicle> <route length>
# <origin node> <dest node> <vehicle> <service type>
0 14
0 10 0 0
10 42 0 0
42 65 0 0
65 45 0 2
45 97 0 0
97 40 0 0
40 95 0 0
95 55 0 0
55 13 0 2
13 89 0 0
89 51 0 0
51 62 0 0
62 46 0 2
46 0 0 0
1 17
0 57 1 1
57 91 1 2
91 86 1 2
86 92 1 1
92 21 1 0
21 17 1 0
17 23 1 2
23 36 1 1
36 94 1 0
94 56 1 2
56 58 1 2
58 32 1 1
32 4 1 1
4 98 1 2
98 99 1 0
99 88 1 1
88 0 1 0
2 2
0 11 2 0
11 0 2 0
3 7
0 22 3 1
22 33 3 1
33 53 3 1
53 44 3 1
44 100 3 1
100 48 3 1
48 0 3 0
4 4
0 87 4 2
87 60 4 2
60 93 4 2
93 0 4 0
5 5
0 68 5 2
68 12 5 2
12 6 5 2
6 90 5 2
90 0 5 0
6 8
0 54 6 1
54 66 6 1
66 96 6 1
96 5 6 0
5 16 6 0
16 27 6 1
27 18 6 1
18 0 6 0
7 12
0 50 7 4
50 26 7 3
26 14 7 5
14 20 7 3
20 78 7 4
78 63 7 5
63 15 7 4
15 52 7 4
52 28 7 3
28 71 7 3
71 93 7 5
93 0 7 0
8 10
0 70 8 5
70 1 8 4
1 82 8 3
82 75 8 3
75 83 8 3
83 47 8 4
47 34 8 5
34 69 8 3
69 72 8 3
72 0 8 0
9 10
0 91 9 5
91 86 9 5
86 92 9 5
92 78 9 5
78 94 9 3
94 19 9 3
19 90 9 3
90 30 9 5
30 29 9 3
29 0 9 0
10 12
0 43 10 4
43 61 10 4
61 97 10 4
97 3 10 4
3 73 10 3
73 76 10 3
76 80 10 4
80 98 10 4
98 99 10 3
99 39 10 4
39 72 10 4
72 0 10 0
11 3
0 87 11 4
87 77 11 4
77 0 11 0
12 9
0 8 12 5
8 82 12 5
82 75 12 4
75 83 12 4
83 89 12 4
89 100 12 3
100 35 12 4
35 79 12 4
79 0 12 0
13 12
0 49 13 5
49 7 13 3
7 25 13 5
25 24 13 4
24 64 13 3
64 95 13 5
95 37 13 5
37 73 13 5
73 76 13 4
76 80 13 5
80 88 13 3
88 0 13 0
14 1
0 0 14 0
15 5
0 84 15 5
84 74 15 5
74 85 15 5
85 9 15 5
9 0 15 0
16 5
0 59 16 3
59 84 16 3
84 74 16 3
74 85 16 4
85 0 16 0
17 8
0 77 17 3
77 96 17 3
96 41 17 5
41 38 17 4
38 81 17 3
81 31 17 5
31 71 17 4
71 0 17 0
18 3
0 67 18 5
67 2 18 4
2 0 18 0
19 3
0 81 19 5
81 79 19 3
79 0 19 0
