# Solution for ../instances-HHCRSP/InstanzCPLEX_HCSRP_50_7.txt
# Cost = 547.314 Dist = 1641.94 Tard = 0 TMax = 0
# <vehicle> <route length>
# <origin node> <dest node> <vehicle> <service type>
0 13
0 18 0 0
18 50 0 0
50 45 0 0
45 25 0 2
25 43 0 0
43 10 0 0
10 29 0 0
29 22 0 2
22 48 0 0
48 13 0 0
13 12 0 0
12 9 0 0
9 0 0 0
1 9
0 49 1 1
49 24 1 1
24 14 1 1
14 47 1 2
47 44 1 1
44 15 1 1
15 33 1 1
33 46 1 1
46 0 1 0
2 4
0 2 2 2
2 11 2 0
11 26 2 2
26 0 2 0
3 13
0 3 3 3
3 21 3 4
21 42 3 3
42 1 3 4
1 38 3 3
38 32 3 3
32 41 3 3
41 40 3 4
40 30 3 5
30 16 3 4
16 7 3 4
7 46 3 5
46 0 3 0
4 9
0 42 4 4
42 38 4 4
38 31 4 3
31 41 4 4
41 40 4 5
40 8 4 5
8 27 4 3
27 36 4 4
36 0 4 0
5 8
0 23 5 3
23 5 5 4
5 43 5 3
43 37 5 3
37 47 5 4
47 44 5 5
44 39 5 3
39 0 5 0
6 6
0 49 6 5
49 34 6 3
34 17 6 3
17 19 6 3
19 48 6 3
48 0 6 0
7 3
0 37 7 5
37 39 7 4
39 0 7 0
8 6
0 20 8 3
20 50 8 3
50 45 8 5
45 6 8 4
6 28 8 4
28 0 8 0
9 4
0 35 9 3
35 4 9 4
4 36 9 5
36 0 9 0
