# Solution for ../instances-HHCRSP/InstanzVNS_HCSRP_100_2.txt
# Cost = 848.082 Dist = 2540.81 Tard = 1.72005 TMax = 1.72005
# <vehicle> <route length>
# <origin node> <dest node> <vehicle> <service type>
0 2
0 7 0 0
7 0 0 0
1 9
0 59 1 2
59 40 1 2
40 36 1 2
36 98 1 1
98 99 1 1
99 95 1 1
95 56 1 1
56 33 1 1
33 0 1 0
2 15
0 96 2 1
96 14 2 0
14 54 2 1
54 91 2 0
91 61 2 2
61 19 2 2
19 41 2 2
41 45 2 0
45 34 2 2
34 31 2 1
31 15 2 2
15 21 2 0
21 12 2 2
12 4 2 1
4 0 2 0
3 4
0 39 3 1
39 92 3 1
92 100 3 1
100 0 3 0
4 5
0 93 4 2
93 43 4 2
43 3 4 2
3 16 4 2
16 0 4 0
5 11
0 11 5 2
11 26 5 0
26 94 5 2
94 88 5 2
88 2 5 0
2 66 5 2
66 65 5 2
65 10 5 0
10 97 5 2
97 6 5 0
6 0 5 0
6 14
0 89 6 1
89 46 6 0
46 9 6 1
9 17 6 1
17 67 6 0
67 44 6 1
44 57 6 0
57 38 6 1
38 90 6 1
90 86 6 0
86 87 6 1
87 32 6 0
32 42 6 1
42 0 6 0
7 13
0 28 7 5
28 81 7 3
81 73 7 3
73 49 7 4
49 68 7 4
68 27 7 4
27 84 7 4
84 78 7 3
78 88 7 5
88 58 7 4
58 37 7 3
37 82 7 3
82 0 7 0
8 10
0 81 8 5
81 73 8 5
73 48 8 3
48 25 8 4
25 22 8 3
22 76 8 3
76 85 8 3
85 95 8 4
95 70 8 5
70 0 8 0
9 18
0 1 9 4
1 71 9 4
71 77 9 4
77 91 9 3
91 72 9 4
72 13 9 4
13 75 9 4
75 94 9 3
94 80 9 4
80 84 9 5
84 78 9 4
78 5 9 3
5 18 9 3
18 35 9 4
35 74 9 4
74 55 9 5
55 79 9 3
79 0 9 0
10 12
0 83 10 4
83 53 10 4
53 62 10 4
62 98 10 3
98 30 10 4
30 63 10 4
63 64 10 3
64 90 10 3
90 86 10 3
86 87 10 4
87 82 10 4
82 0 10 0
11 10
0 96 11 5
96 71 11 5
71 77 11 3
77 8 11 3
8 72 11 3
72 75 11 3
75 80 11 3
80 29 11 3
29 74 11 3
74 0 11 0
12 8
0 83 12 5
83 51 12 5
51 23 12 5
23 99 12 4
99 76 12 4
76 85 12 5
85 24 12 4
24 0 12 0
13 8
0 89 13 5
89 50 13 5
50 93 13 4
93 52 13 4
52 47 13 4
47 97 13 4
97 79 13 4
79 0 13 0
14 5
0 60 14 5
60 69 14 4
69 92 14 4
92 20 14 5
20 0 14 0
15 2
0 100 15 4
100 0 15 0
16 1
0 0 16 0
17 1
0 0 17 0
18 1
0 0 18 0
19 1
0 0 19 0
