# Solution for ../instances-HHCRSP/InstanzVNS_HCSRP_100_6.txt
# Cost = 811.244 Dist = 2430.54 Tard = 1.59497 TMax = 1.59497
# <vehicle> <route length>
# <origin node> <dest node> <vehicle> <service type>
0 10
0 88 0 2
88 4 0 0
4 60 0 2
60 13 0 0
13 89 0 0
89 47 0 2
47 3 0 2
3 40 0 2
40 26 0 0
26 0 0 0
1 6
0 22 1 2
22 90 1 2
90 100 1 2
100 92 1 2
92 64 1 2
64 0 1 0
2 7
0 97 2 1
97 18 2 0
18 66 2 0
66 91 2 1
91 99 2 0
99 98 2 1
98 0 2 0
3 11
0 43 3 1
43 93 3 2
93 20 3 2
20 51 3 2
51 95 3 2
95 19 3 1
19 53 3 1
53 24 3 1
24 12 3 2
12 58 3 1
58 0 3 0
4 7
0 86 4 0
86 16 4 0
16 44 4 0
44 31 4 2
31 41 4 0
41 96 4 0
96 0 4 0
5 12
0 36 5 1
36 25 5 2
25 67 5 2
67 2 5 0
2 33 5 0
33 61 5 1
61 94 5 2
94 87 5 1
87 15 5 1
15 23 5 1
23 1 5 1
1 0 5 0
6 4
0 5 6 1
5 30 6 2
30 59 6 1
59 0 6 0
7 11
0 97 7 4
97 82 7 3
82 8 7 4
8 62 7 4
62 78 7 4
78 21 7 3
21 9 7 4
9 71 7 3
71 72 7 4
72 14 7 3
14 0 7 0
8 9
0 6 8 5
6 45 8 5
45 39 8 5
39 92 8 3
92 63 8 3
63 70 8 3
70 85 8 3
85 75 8 5
75 0 8 0
9 12
0 35 9 5
35 88 9 3
88 82 9 5
82 55 9 4
55 95 9 5
95 52 9 3
52 71 9 5
71 28 9 5
28 72 9 5
72 76 9 4
76 79 9 3
79 0 9 0
10 6
0 56 10 5
56 83 10 3
83 68 10 5
68 10 10 5
10 96 10 3
96 0 10 0
11 6
0 86 11 4
86 90 11 3
90 100 11 3
100 85 11 5
85 75 11 4
75 0 11 0
12 11
0 48 12 4
48 11 12 4
11 89 12 3
89 84 12 4
84 74 12 4
74 46 12 4
46 80 12 3
80 87 12 5
87 29 12 3
29 73 12 4
73 0 12 0
13 11
0 27 13 4
27 65 13 3
65 93 13 5
93 17 13 5
17 84 13 5
84 74 13 5
74 94 13 3
94 80 13 4
80 38 13 5
38 73 13 5
73 0 13 0
14 9
0 54 14 3
54 7 14 5
7 78 14 5
78 91 14 3
91 77 14 4
77 32 14 4
32 99 14 5
99 98 14 5
98 0 14 0
15 2
0 81 15 5
81 0 15 0
16 5
0 49 16 4
49 37 16 4
37 57 16 3
57 42 16 4
42 0 16 0
17 7
0 50 17 3
50 34 17 5
34 77 17 3
77 69 17 3
69 76 17 5
76 79 17 5
79 0 17 0
18 3
0 83 18 4
83 81 18 4
81 0 18 0
19 1
0 0 19 0
