# Solution for ../instances-HHCRSP/InstanzVNS_HCSRP_300_7.txt
# Cost = 1701.65 Dist = 5081.27 Tard = 17.5128 TMax = 6.17847
# <vehicle> <route length>
# <origin node> <dest node> <vehicle> <service type>
0 11
0 24 0 1
24 38 0 0
38 172 0 1
172 77 0 0
77 280 0 1
280 148 0 0
148 147 0 0
147 255 0 1
255 85 0 1
85 298 0 1
298 0 0 0
1 13
0 188 1 2
188 288 1 2
288 131 1 2
131 75 1 2
75 140 1 0
140 276 1 2
276 187 1 0
187 130 1 2
130 152 1 2
152 156 1 0
156 13 1 0
13 76 1 0
76 0 1 0
2 16
0 100 2 1
100 141 2 1
141 99 2 1
99 97 2 0
97 191 2 2
191 170 2 0
170 165 2 0
165 59 2 0
59 293 2 0
293 93 2 1
93 185 2 0
185 164 2 1
164 169 2 2
169 161 2 0
161 9 2 0
9 0 2 0
3 15
0 65 3 2
65 42 3 2
42 252 3 2
252 2 3 2
2 40 3 2
40 193 3 2
193 281 3 2
281 90 3 2
90 80 3 2
80 26 3 2
26 115 3 2
115 134 3 2
134 251 3 2
251 294 3 2
294 0 3 0
4 2
0 146 4 1
146 0 4 0
5 5
0 254 5 2
254 279 5 2
279 284 5 1
284 264 5 2
264 0 5 0
6 13
0 11 6 0
11 143 6 0
143 51 6 0
51 108 6 0
108 262 6 1
262 105 6 1
105 295 6 0
295 68 6 1
68 155 6 1
155 79 6 1
79 253 6 0
253 57 6 0
57 0 6 0
7 10
0 192 7 0
192 266 7 1
266 268 7 1
268 183 7 1
183 263 7 1
263 176 7 1
176 261 7 1
261 102 7 0
102 292 7 0
292 0 7 0
8 11
0 270 8 0
270 290 8 2
290 25 8 2
25 286 8 0
286 67 8 2
67 127 8 0
127 285 8 2
285 274 8 0
274 291 8 0
291 269 8 2
269 0 8 0
9 14
0 265 9 2
265 113 9 1
113 18 9 0
18 136 9 2
136 53 9 0
53 129 9 1
129 45 9 1
45 300 9 2
300 257 9 0
257 12 9 0
12 175 9 1
175 287 9 1
287 163 9 2
163 0 9 0
10 4
0 260 10 2
260 299 10 2
299 54 10 2
54 0 10 0
11 17
0 282 11 1
282 145 11 1
145 275 11 0
275 189 11 0
189 273 11 2
273 256 11 2
256 289 11 2
289 196 11 1
196 277 11 0
277 272 11 1
272 78 11 1
78 182 11 0
182 149 11 2
149 174 11 1
174 46 11 1
46 271 11 0
271 0 11 0
12 1
0 0 12 0
13 1
0 0 13 0
14 10
0 72 14 0
72 278 14 2
278 10 14 0
10 150 14 2
150 101 14 0
101 36 14 2
36 39 14 0
39 190 14 1
190 33 14 1
33 0 14 0
15 15
0 50 15 0
50 258 15 1
258 267 15 1
267 114 15 0
114 64 15 1
64 283 15 1
283 14 15 1
14 296 15 1
296 297 15 1
297 197 15 1
197 259 15 0
259 158 15 1
158 186 15 0
186 63 15 0
63 0 15 0
16 1
0 0 16 0
17 9
0 82 17 0
82 124 17 1
124 29 17 0
29 151 17 1
151 86 17 2
86 15 17 1
15 106 17 1
106 22 17 2
22 0 17 0
18 15
0 288 18 5
288 49 18 4
49 133 18 3
133 84 18 4
84 89 18 5
89 239 18 4
239 225 18 4
225 74 18 4
74 61 18 4
61 8 18 5
8 236 18 4
236 259 18 3
259 122 18 3
122 179 18 3
179 0 18 0
19 14
0 3 19 3
3 233 19 3
233 202 19 3
202 210 19 3
210 31 19 3
31 222 19 3
222 217 19 3
217 52 19 3
52 203 19 3
203 242 19 3
242 277 19 3
277 230 19 3
230 218 19 3
218 0 19 0
20 14
0 233 20 5
233 202 20 4
202 210 20 4
210 222 20 5
222 41 20 5
41 234 20 4
234 205 20 5
205 244 20 5
244 228 20 4
228 255 20 5
255 247 20 4
247 7 20 4
7 71 20 4
71 0 20 0
21 21
0 232 21 3
232 231 21 3
231 270 21 5
270 137 21 4
137 290 21 3
290 157 21 3
157 200 21 4
200 135 21 5
135 142 21 4
142 28 21 4
28 286 21 3
286 162 21 5
162 293 21 3
293 221 21 4
221 285 21 5
285 274 21 4
274 47 21 4
47 103 21 3
103 44 21 3
44 204 21 3
204 0 21 0
22 18
0 232 22 5
232 231 22 4
231 20 22 3
20 278 22 3
278 81 22 4
81 248 22 4
248 104 22 4
104 35 22 3
35 159 22 5
159 239 22 5
239 225 22 5
225 27 22 3
27 144 22 3
144 215 22 4
215 224 22 4
224 226 22 4
226 199 22 5
199 0 22 0
23 20
0 211 23 4
211 56 23 4
56 219 23 4
219 178 23 5
178 21 23 4
21 194 23 5
194 275 23 4
275 273 23 4
273 217 23 5
217 116 23 5
116 91 23 4
91 256 23 4
256 203 23 5
203 242 23 4
242 55 23 4
55 249 23 4
249 218 23 5
218 107 23 5
107 243 23 5
243 0 23 0
24 15
0 211 24 5
211 219 24 5
219 266 24 5
266 268 24 5
268 248 24 5
248 69 24 5
69 283 24 5
283 109 24 4
109 297 24 5
297 236 24 5
236 111 24 4
111 209 24 3
209 251 24 5
251 294 24 4
294 0 24 0
25 10
0 23 25 3
23 73 25 3
73 58 25 3
58 66 25 3
66 241 25 3
241 257 25 3
257 214 25 3
214 220 25 3
220 201 25 3
201 0 25 0
26 14
0 139 26 5
139 216 26 4
216 213 26 3
213 43 26 3
43 300 26 5
300 138 26 4
138 241 26 5
241 181 26 4
181 6 26 4
6 37 26 4
37 214 26 5
214 220 26 5
220 287 26 4
287 0 26 0
27 12
0 216 27 5
216 213 27 4
213 5 27 4
5 246 27 4
246 198 27 3
198 238 27 3
238 83 27 3
83 291 27 3
291 269 27 4
269 201 27 4
201 184 27 4
184 0 27 0
28 10
0 254 28 3
254 223 28 3
223 4 28 4
4 229 28 5
229 276 28 3
276 167 28 5
167 263 28 4
263 19 28 3
19 173 28 5
173 0 28 0
29 11
0 237 29 3
237 252 29 4
252 1 29 4
1 126 29 3
126 234 29 3
234 205 29 4
205 244 29 4
244 228 29 3
228 247 29 3
247 298 29 4
298 0 29 0
30 12
0 265 30 5
265 160 30 3
160 121 30 3
121 246 30 5
246 238 30 5
238 180 30 5
180 132 30 3
132 221 30 3
221 215 30 3
215 224 30 5
224 226 30 5
226 0 30 0
31 15
0 237 31 4
237 262 31 5
262 62 31 3
62 281 31 5
281 70 31 5
70 295 31 4
295 296 31 3
296 88 31 3
88 166 31 3
166 96 31 5
96 177 31 3
177 94 31 3
94 209 31 5
209 253 31 4
253 0 31 0
32 11
0 208 32 3
208 282 32 3
282 240 32 4
240 207 32 3
207 95 32 4
95 258 32 3
258 267 32 4
267 229 32 4
229 87 32 4
87 243 32 4
243 0 32 0
33 21
0 208 33 4
208 240 33 5
240 207 33 4
207 168 33 5
168 119 33 5
119 32 33 3
32 120 33 3
120 118 33 4
118 280 33 3
280 289 33 3
289 128 33 3
128 30 33 5
30 272 33 4
272 230 33 4
230 125 33 5
125 16 33 4
16 264 33 4
264 249 33 5
249 117 33 5
117 271 33 4
271 0 33 0
34 16
0 260 34 5
260 123 34 3
123 34 34 3
34 235 34 3
235 245 34 4
245 206 34 3
206 92 34 4
92 154 34 3
154 195 34 3
195 171 34 5
171 110 34 3
110 212 34 3
212 250 34 3
250 292 34 3
292 48 34 3
48 0 34 0
35 5
0 223 35 4
223 279 35 5
279 284 35 4
284 112 35 5
112 0 35 0
36 11
0 98 36 3
98 235 36 4
235 245 36 5
245 206 36 4
206 261 36 4
261 212 36 4
212 17 36 3
17 299 36 5
299 60 36 3
60 204 36 5
204 0 36 0
37 2
0 227 37 5
227 0 37 0
38 3
0 227 38 4
227 153 38 4
153 0 38 0
39 2
0 250 39 5
250 0 39 0
