# Solution for ../instances-HHCRSP/InstanzVNS_HCSRP_100_10.txt
# Cost = 868.034 Dist = 2590.89 Tard = 7.60287 TMax = 5.6125
# <vehicle> <route length>
# <origin node> <dest node> <vehicle> <service type>
0 11
0 63 0 2
63 57 0 2
57 33 0 0
33 61 0 2
61 4 0 0
4 58 0 0
58 44 0 0
44 96 0 2
96 59 0 2
59 47 0 0
47 0 0 0
1 5
0 100 1 1
100 87 1 1
87 18 1 1
18 97 1 1
97 0 1 0
2 9
0 94 2 2
94 70 2 2
70 24 2 2
24 32 2 2
32 29 2 2
29 99 2 2
99 31 2 2
31 92 2 2
92 0 2 0
3 2
0 28 3 2
28 0 3 0
4 14
0 22 4 1
22 64 4 1
64 11 4 1
11 7 4 1
7 34 4 2
34 88 4 1
88 90 4 1
90 91 4 2
91 27 4 2
27 36 4 1
36 42 4 1
42 43 4 2
43 30 4 2
30 0 4 0
5 14
0 89 5 0
89 2 5 0
2 86 5 0
86 26 5 1
26 16 5 0
16 93 5 1
93 62 5 0
62 19 5 1
19 95 5 0
95 60 5 0
60 48 5 0
48 14 5 0
14 66 5 0
66 0 5 0
6 5
0 50 6 1
50 35 6 1
35 98 6 1
98 40 6 1
40 0 6 0
7 4
0 100 7 4
100 53 7 3
53 87 7 4
87 0 7 0
8 8
0 89 8 5
89 73 8 3
73 80 8 3
80 25 8 5
25 46 8 5
46 41 8 5
41 55 8 5
55 0 8 0
9 17
0 5 9 4
5 12 9 5
12 20 9 4
20 37 9 4
37 68 9 5
68 15 9 3
15 83 9 3
83 52 9 5
52 88 9 3
88 51 9 5
51 56 9 5
56 69 9 5
69 74 9 3
74 13 9 3
13 75 9 4
75 77 9 4
77 0 9 0
10 8
0 73 10 4
73 71 10 4
71 65 10 4
65 76 10 3
76 84 10 3
84 98 10 5
98 82 10 3
82 0 10 0
11 10
0 94 11 4
94 80 11 5
80 71 11 5
71 83 11 4
83 90 11 5
90 91 11 4
91 67 11 4
67 72 11 3
72 54 11 5
54 0 11 0
12 11
0 45 12 4
45 78 12 3
78 86 12 3
86 38 12 4
38 93 12 4
93 9 12 3
9 96 12 3
96 79 12 4
79 81 12 3
81 74 12 4
74 0 12 0
13 1
0 0 13 0
14 6
0 17 14 4
17 76 14 4
76 84 14 4
84 99 14 5
99 72 14 5
72 0 14 0
15 6
0 85 15 3
85 49 15 5
49 95 15 5
95 79 15 3
79 81 15 5
81 0 15 0
16 12
0 78 16 4
78 39 16 3
39 3 16 3
3 6 16 4
6 8 16 4
8 1 16 3
1 23 16 3
23 10 16 4
10 21 16 5
21 75 16 5
75 77 16 5
77 0 16 0
17 4
0 85 17 4
85 97 17 3
97 82 17 4
82 0 17 0
18 2
0 92 18 3
92 0 18 0
19 1
0 0 19 0
