# Solution for ../instances-HHCRSP/InstanzVNS_HCSRP_100_5.txt
# Cost = 805.52 Dist = 2399.89 Tard = 9.32193 TMax = 7.34754
# <vehicle> <route length>
# <origin node> <dest node> <vehicle> <service type>
0 15
0 15 0 2
15 21 0 0
21 3 0 2
3 23 0 0
23 51 0 1
51 86 0 0
86 94 0 2
94 95 0 1
95 56 0 0
56 88 0 0
88 35 0 1
35 24 0 2
24 40 0 1
40 13 0 1
13 0 0 0
1 8
0 9 1 2
9 46 1 2
46 100 1 2
100 27 1 2
27 69 1 2
69 89 1 2
89 4 1 2
4 0 1 0
2 1
0 0 2 0
3 14
0 93 3 0
93 14 3 0
14 99 3 0
99 17 3 0
17 91 3 0
91 87 3 0
87 39 3 1
39 25 3 1
25 31 3 1
31 97 3 0
97 92 3 1
92 33 3 1
33 5 3 0
5 0 3 0
4 7
0 98 4 1
98 34 4 1
34 18 4 1
18 64 4 2
64 36 4 2
36 96 4 1
96 0 4 0
5 7
0 70 5 0
70 41 5 0
41 43 5 0
43 32 5 2
32 90 5 0
90 30 5 2
30 0 5 0
6 1
0 0 6 0
7 8
0 81 7 5
81 20 7 3
20 8 7 5
8 19 7 5
19 76 7 3
76 94 7 3
94 82 7 5
82 0 7 0
8 14
0 16 8 4
16 93 8 4
93 77 8 5
77 99 8 4
99 11 8 5
11 72 8 5
72 87 8 4
87 7 8 4
7 83 8 4
83 61 8 5
61 97 8 5
97 92 8 5
92 26 8 4
26 0 8 0
9 4
0 81 9 4
81 90 9 5
90 57 9 5
57 0 9 0
10 15
0 38 10 3
38 45 10 3
45 77 10 3
77 78 10 4
78 80 10 4
80 63 10 3
63 66 10 3
66 91 10 5
91 2 10 4
2 47 10 4
47 68 10 5
68 83 10 5
83 48 10 4
48 89 10 5
89 0 10 0
11 11
0 54 11 5
54 42 11 5
42 78 11 5
78 80 11 5
80 67 11 3
67 72 11 3
72 100 11 5
100 10 11 3
10 53 11 4
53 85 11 3
85 0 11 0
12 14
0 49 12 5
49 28 12 3
28 60 12 5
60 6 12 5
6 59 12 3
59 52 12 5
52 22 12 5
22 62 12 3
62 29 12 3
29 86 12 4
86 88 12 3
88 37 12 4
37 82 12 4
82 0 12 0
13 4
0 84 13 3
84 79 13 3
79 75 13 3
75 0 13 0
14 7
0 84 14 4
84 55 14 5
55 71 14 4
71 74 14 4
74 76 14 4
76 95 14 4
95 0 14 0
15 2
0 73 15 3
73 0 15 0
16 2
0 73 16 4
73 0 16 0
17 8
0 58 17 4
58 79 17 4
79 75 17 4
75 1 17 5
1 65 17 4
65 96 17 5
96 44 17 3
44 0 17 0
18 7
0 98 18 4
98 50 18 3
50 71 18 3
71 74 18 3
74 12 18 3
12 85 18 5
85 0 18 0
19 1
0 0 19 0
