# Solution for ../instances-HHCRSP/InstanzCPLEX_HCSRP_75_4.txt
# Cost = 840.708 Dist = 2022.86 Tard = 406.256 TMax = 93.0059
# <vehicle> <route length>
# <origin node> <dest node> <vehicle> <service type>
0 4
0 33 0 0
33 16 0 0
16 44 0 0
44 0 0 0
1 16
0 71 1 1
71 74 1 1
74 66 1 0
66 40 1 1
40 7 1 1
7 75 1 1
75 72 1 1
72 73 1 1
73 25 1 1
25 70 1 1
70 24 1 1
24 10 1 1
10 36 1 1
36 64 1 1
64 17 1 1
17 0 1 0
2 9
0 15 2 2
15 39 2 0
39 69 2 2
69 50 2 0
50 14 2 2
14 51 2 2
51 18 2 0
18 65 2 2
65 0 2 0
3 9
0 13 3 2
13 20 3 0
20 68 3 2
68 1 3 2
1 41 3 0
41 11 3 2
11 34 3 2
34 67 3 2
67 0 3 0
4 4
0 47 4 2
47 12 4 2
12 9 4 0
9 0 4 0
5 10
0 52 5 5
52 38 5 5
38 59 5 5
59 30 5 5
30 48 5 5
48 63 5 5
63 21 5 5
21 29 5 5
29 65 5 5
65 0 5 0
6 6
0 55 6 4
55 49 6 4
49 31 6 4
31 68 6 4
68 57 6 4
57 0 6 0
7 11
0 71 7 3
71 74 7 3
74 45 7 3
45 60 7 3
60 75 7 4
75 62 7 3
62 56 7 3
56 61 7 3
61 3 7 3
3 64 7 3
64 0 7 0
8 11
0 32 8 3
32 66 8 5
66 23 8 4
23 60 8 5
60 72 8 5
72 62 8 4
62 56 8 4
56 35 8 3
35 57 8 3
57 26 8 3
26 0 8 0
9 1
0 0 9 0
10 4
0 55 10 3
55 73 10 3
73 61 10 5
61 0 10 0
11 7
0 59 11 4
59 69 11 4
69 27 11 3
27 54 11 4
54 70 11 4
70 67 11 5
67 0 11 0
12 6
0 28 12 3
28 6 12 3
6 54 12 5
54 4 12 4
4 22 12 5
22 0 12 0
13 5
0 58 13 3
58 43 13 5
43 53 13 3
53 5 13 3
5 0 13 0
14 10
0 42 14 4
42 58 14 5
58 46 14 4
46 63 14 4
63 19 14 4
19 53 14 5
53 2 14 4
2 37 14 4
37 8 14 4
8 0 14 0
