# Solution for ../instances-HHCRSP/InstanzVNS_HCSRP_300_10.txt
# Cost = 1964.28 Dist = 5861.34 Tard = 23.874 TMax = 7.61557
# <vehicle> <route length>
# <origin node> <dest node> <vehicle> <service type>
0 16
0 256 0 0
256 22 0 1
22 138 0 0
138 4 0 0
4 290 0 0
290 147 0 0
147 273 0 0
273 16 0 0
16 125 0 1
125 277 0 1
277 105 0 1
105 152 0 0
152 187 0 1
187 162 0 1
162 278 0 1
278 0 0 0
1 2
0 142 1 2
142 0 1 0
2 11
0 70 2 2
70 144 2 2
144 34 2 2
34 126 2 2
126 296 2 2
296 27 2 2
27 107 2 2
107 137 2 2
137 179 2 2
179 164 2 2
164 0 2 0
3 10
0 267 3 1
267 7 3 1
7 11 3 1
11 158 3 1
158 266 3 1
266 170 3 1
170 26 3 1
26 36 3 1
36 77 3 1
77 0 3 0
4 8
0 253 4 2
253 24 4 2
24 259 4 2
259 255 4 2
255 32 4 2
32 299 4 2
299 31 4 2
31 0 4 0
5 11
0 257 5 0
257 2 5 0
2 83 5 0
83 276 5 0
276 95 5 0
95 44 5 0
44 156 5 0
156 291 5 0
291 190 5 0
190 48 5 0
48 0 5 0
6 8
0 159 6 2
159 124 6 2
124 129 6 2
129 293 6 2
293 300 6 2
300 197 6 2
197 29 6 2
29 0 6 0
7 11
0 292 7 2
292 154 7 1
154 103 7 1
103 90 7 1
90 258 7 1
258 143 7 2
143 260 7 1
260 261 7 1
261 280 7 2
280 40 7 1
40 0 7 0
8 13
0 163 8 0
163 50 8 1
50 94 8 1
94 113 8 0
113 18 8 1
18 151 8 0
151 99 8 0
99 275 8 1
275 196 8 0
196 132 8 1
132 122 8 0
122 283 8 0
283 0 8 0
9 11
0 254 9 2
254 102 9 2
102 63 9 2
63 271 9 2
271 108 9 2
108 133 9 2
133 157 9 2
157 288 9 2
288 30 9 2
30 59 9 2
59 0 9 0
10 7
0 141 10 1
141 274 10 1
274 35 10 1
35 268 10 1
268 262 10 1
262 186 10 1
186 0 10 0
11 10
0 176 11 0
176 252 11 0
252 298 11 0
298 282 11 0
282 161 11 0
161 165 11 0
165 281 11 0
281 60 11 0
60 47 11 0
47 0 11 0
12 14
0 104 12 0
104 264 12 1
264 33 12 0
33 289 12 0
289 174 12 0
174 198 12 0
198 62 12 0
62 263 12 1
263 91 12 1
91 118 12 0
118 153 12 0
153 270 12 0
270 251 12 0
251 0 12 0
13 16
0 148 13 0
148 287 13 0
287 58 13 0
58 111 13 1
111 84 13 0
84 265 13 0
265 279 13 0
279 19 13 1
19 139 13 1
139 294 13 1
294 182 13 1
182 297 13 1
297 173 13 1
173 177 13 0
177 285 13 1
285 0 13 0
14 8
0 89 14 0
89 80 14 2
80 284 14 0
284 66 14 0
66 28 14 2
28 14 14 0
14 286 14 0
286 0 14 0
15 12
0 57 15 2
57 171 15 2
171 61 15 2
61 64 15 1
64 295 15 1
295 191 15 2
191 269 15 2
269 43 15 2
43 272 15 2
272 166 15 2
166 42 15 1
42 0 15 0
16 1
0 0 16 0
17 1
0 0 17 0
18 18
0 256 18 3
256 37 18 4
37 227 18 3
227 230 18 3
230 252 18 5
252 255 18 5
255 86 18 5
86 258 18 3
258 260 18 4
260 220 18 5
220 79 18 5
79 238 18 3
238 72 18 4
72 281 18 5
281 212 18 3
212 239 18 4
239 206 18 3
206 0 18 0
19 18
0 223 19 4
223 115 19 3
115 68 19 5
68 230 19 5
230 52 19 5
52 273 19 5
273 131 19 4
131 243 19 4
243 193 19 3
193 6 19 4
6 178 19 3
178 167 19 3
167 21 19 5
21 10 19 4
10 272 19 5
272 13 19 3
13 285 19 5
285 0 19 0
20 7
0 218 20 3
218 194 20 4
194 73 20 4
73 226 20 4
226 237 20 3
237 244 20 4
244 0 20 0
21 14
0 223 21 5
223 227 21 5
227 221 21 3
221 298 21 4
298 119 21 4
119 38 21 4
38 282 21 5
282 51 21 5
51 109 21 5
109 294 21 5
294 297 21 4
297 160 21 3
160 200 21 4
200 0 21 0
22 13
0 218 22 4
218 101 22 3
101 106 22 3
106 117 22 3
117 300 22 3
300 110 22 5
110 284 22 4
284 25 22 5
25 168 22 5
168 92 22 5
92 205 22 4
205 286 22 4
286 0 22 0
23 13
0 228 23 3
228 221 23 4
221 130 23 3
130 229 23 3
229 279 23 4
279 220 23 3
220 238 23 4
238 81 23 3
81 210 23 3
210 201 23 3
201 67 23 4
67 231 23 3
231 0 23 0
24 8
0 253 24 3
253 183 24 3
183 213 24 3
213 225 24 3
225 224 24 3
224 268 24 3
268 233 24 3
233 0 24 0
25 17
0 228 25 5
228 240 25 4
240 211 25 3
211 246 25 3
246 267 25 5
267 290 25 5
290 3 25 3
3 296 25 3
296 145 25 4
145 23 25 3
23 1 25 3
1 269 25 4
269 208 25 4
208 222 25 4
222 245 25 3
245 199 25 5
199 0 25 0
26 18
0 240 26 5
240 211 26 5
211 246 26 5
246 150 26 5
150 181 26 4
181 266 26 5
266 236 26 4
236 247 26 3
247 289 26 3
289 243 26 5
243 69 26 5
69 277 26 4
277 214 26 4
214 248 26 4
248 235 26 3
235 75 26 5
75 112 26 4
112 0 26 0
27 10
0 257 27 3
257 195 27 3
195 216 27 3
216 219 27 3
219 250 27 3
250 265 27 3
265 202 27 3
202 262 27 3
262 205 27 3
205 0 27 0
28 12
0 49 28 5
49 127 28 5
127 216 28 5
216 219 28 4
219 250 28 5
250 229 28 5
229 202 28 4
202 215 28 4
215 299 28 4
299 98 28 4
98 283 28 5
283 0 28 0
29 17
0 204 29 4
204 53 29 3
53 189 29 3
189 188 29 3
188 5 29 4
5 293 29 3
293 71 29 4
71 213 29 4
213 225 29 5
225 41 29 5
41 224 29 4
224 215 29 5
215 275 29 5
275 212 29 5
212 239 29 5
239 206 29 5
206 0 29 0
30 10
0 204 30 5
204 100 30 5
100 87 30 5
87 169 30 5
169 76 30 3
76 97 30 3
97 217 30 3
217 209 30 5
209 237 30 5
237 0 30 0
31 10
0 85 31 4
85 45 31 4
45 276 31 5
276 20 31 4
20 259 31 5
259 234 31 3
234 261 31 3
261 280 31 3
280 121 31 4
121 0 31 0
32 14
0 292 32 4
292 192 32 5
192 140 32 3
140 123 32 3
123 264 32 3
264 236 32 5
236 247 32 5
247 295 32 5
295 116 32 4
116 136 32 5
136 208 32 5
208 222 32 5
222 245 32 4
245 0 32 0
33 17
0 254 33 5
254 134 33 4
134 12 33 5
12 241 33 3
241 15 33 3
15 271 33 5
271 232 33 4
232 203 33 3
203 242 33 3
242 120 33 4
120 56 33 5
56 96 33 3
96 114 33 4
114 210 33 5
210 270 33 3
270 251 33 4
251 0 33 0
34 13
0 149 34 4
149 180 34 3
180 185 34 4
185 39 34 3
39 8 34 4
8 155 34 5
155 88 34 5
88 9 34 3
9 214 34 5
214 248 34 5
248 235 34 5
235 278 34 5
278 0 34 0
35 7
0 241 35 4
241 135 35 3
135 234 35 4
234 207 35 3
207 291 35 4
291 54 35 5
54 0 35 0
36 8
0 287 36 5
287 274 36 5
274 128 36 4
128 65 36 4
65 207 36 4
207 82 36 4
82 233 36 5
233 0 36 0
37 13
0 78 37 3
78 175 37 5
175 93 37 3
93 232 37 5
232 203 37 4
203 242 37 5
242 263 37 4
263 288 37 5
288 74 37 5
74 184 37 5
184 201 37 4
201 231 37 4
231 0 37 0
38 10
0 249 38 3
249 217 38 4
217 209 38 4
209 17 38 4
17 46 38 5
46 55 38 5
55 146 38 4
146 226 38 5
226 172 38 5
172 0 38 0
39 3
0 249 39 5
249 244 39 5
244 0 39 0
