# Solution for ../instances-HHCRSP/InstanzVNS_HCSRP_100_6.txt
# Cost = 801.821 Dist = 2405.46 Tard = 0 TMax = 0
# <vehicle> <route length>
# <origin node> <dest node> <vehicle> <service type>
0 8
0 4 0 0
4 13 0 0
13 60 0 2
60 89 0 0
89 47 0 2
47 33 0 0
33 40 0 2
40 0 0 0
1 3
0 31 1 2
31 30 1 2
30 0 1 0
2 7
0 16 2 0
16 66 2 0
66 18 2 0
18 91 2 1
91 99 2 0
99 98 2 1
98 0 2 0
3 11
0 88 3 2
88 67 3 2
67 95 3 2
95 3 3 2
3 61 3 1
61 94 3 2
94 87 3 1
87 15 3 1
15 23 3 1
23 1 3 1
1 0 3 0
4 7
0 22 4 2
22 86 4 0
86 90 4 2
90 100 4 2
100 92 4 2
92 64 4 2
64 0 4 0
5 10
0 5 5 1
5 36 5 1
36 25 5 2
25 2 5 0
2 26 5 0
26 44 5 0
44 41 5 0
41 59 5 1
59 96 5 0
96 0 5 0
6 11
0 43 6 1
43 93 6 2
93 20 6 2
20 51 6 2
51 97 6 1
97 19 6 1
19 53 6 1
53 24 6 1
24 12 6 2
12 58 6 1
58 0 6 0
7 11
0 82 7 3
82 55 7 4
55 8 7 4
8 62 7 4
62 78 7 4
78 77 7 3
77 21 7 3
21 71 7 3
71 72 7 4
72 14 7 3
14 0 7 0
8 13
0 82 8 5
82 88 8 3
88 95 8 5
95 65 8 3
65 89 8 3
89 74 8 5
74 84 8 5
84 94 8 3
94 73 8 5
73 38 8 5
38 80 8 3
80 29 8 3
29 0 8 0
9 11
0 7 9 5
7 78 9 5
78 77 9 4
77 91 9 3
91 32 9 4
32 99 9 5
99 98 9 5
98 69 9 3
69 76 9 4
76 79 9 3
79 0 9 0
10 9
0 6 10 5
6 45 10 5
45 39 10 5
39 92 10 3
92 63 10 3
63 70 10 3
70 85 10 3
85 75 10 5
75 0 10 0
11 9
0 48 11 4
48 11 11 4
11 46 11 4
46 74 11 4
74 84 11 4
84 73 11 4
73 87 11 5
87 80 11 4
80 0 11 0
12 7
0 49 12 4
49 86 12 4
86 90 12 3
90 100 12 3
100 85 12 5
85 75 12 4
75 0 12 0
13 14
0 54 13 3
54 35 13 5
35 93 13 5
93 27 13 4
27 17 13 5
17 97 13 4
97 52 13 3
52 71 13 5
71 72 13 5
72 28 13 5
28 9 13 4
9 76 13 5
76 79 13 5
79 0 13 0
14 5
0 50 14 3
50 56 14 5
56 83 14 3
83 81 14 4
81 0 14 0
15 2
0 81 15 5
81 0 15 0
16 4
0 37 16 4
37 57 16 3
57 42 16 4
42 0 16 0
17 3
0 10 17 5
10 96 17 3
96 0 17 0
18 4
0 83 18 4
83 68 18 5
68 34 18 5
34 0 18 0
19 1
0 0 19 0
