# Solution for ../instances-HHCRSP/InstanzVNS_HCSRP_200_7.txt
# Cost = 1131.27 Dist = 3390.66 Tard = 2.05824 TMax = 1.09902
# <vehicle> <route length>
# <origin node> <dest node> <vehicle> <service type>
0 13
0 11 0 0
11 189 0 2
189 172 0 0
172 193 0 0
193 38 0 0
38 77 0 0
77 42 0 2
42 51 0 0
51 90 0 2
90 140 0 0
140 197 0 0
197 186 0 0
186 0 0 0
1 11
0 72 1 0
72 192 1 0
192 183 1 1
183 50 1 0
50 10 1 0
10 101 1 0
101 179 1 0
179 63 1 0
63 173 1 1
173 13 1 0
13 0 1 0
2 14
0 131 2 2
131 188 2 2
188 18 2 0
18 191 2 2
191 97 2 0
97 180 2 2
180 185 2 0
185 67 2 2
67 127 2 0
127 181 2 2
181 184 2 2
184 9 2 0
9 86 2 2
86 0 2 0
3 1
0 0 3 0
4 11
0 64 4 1
64 2 4 2
2 40 4 2
40 194 4 2
194 105 4 1
105 14 4 1
14 79 4 1
79 115 4 2
115 26 4 2
26 134 4 2
134 0 4 0
5 10
0 113 5 1
113 99 5 1
99 198 5 1
198 93 5 1
93 25 5 2
25 136 5 2
136 33 5 1
33 190 5 2
190 199 5 1
199 0 5 0
6 7
0 82 6 0
82 200 6 0
200 53 6 0
53 171 6 0
171 29 6 0
29 76 6 0
76 0 6 0
7 16
0 178 7 1
178 75 7 2
75 24 7 1
24 65 7 2
65 108 7 0
108 196 7 2
196 68 7 1
68 78 7 1
78 80 7 2
80 85 7 1
85 174 7 0
174 182 7 0
182 46 7 1
46 177 7 1
177 57 7 0
57 0 7 0
8 12
0 124 8 1
124 129 8 1
129 45 8 1
45 100 8 1
100 195 8 1
195 59 8 0
59 175 8 0
175 39 8 0
39 106 8 1
106 12 8 0
12 15 8 1
15 0 8 0
9 9
0 114 9 0
114 130 9 2
130 176 9 2
176 187 9 2
187 36 9 2
36 102 9 0
102 22 9 2
22 54 9 2
54 0 9 0
10 15
0 165 10 3
165 139 10 5
139 170 10 4
170 98 10 3
98 89 10 5
89 176 10 3
176 146 10 5
146 187 10 5
187 159 10 5
159 27 10 3
27 144 10 3
144 156 10 3
156 153 10 3
153 152 10 5
152 0 10 0
11 11
0 160 11 3
160 43 11 3
43 141 11 5
141 162 11 3
162 195 11 3
195 142 11 3
142 83 11 3
83 161 11 3
161 163 11 3
163 103 11 3
103 0 11 0
12 17
0 168 12 3
168 3 12 3
3 145 12 3
145 143 12 3
143 120 12 3
120 193 12 3
193 32 12 3
32 62 12 3
62 166 12 3
166 147 12 5
147 148 12 3
148 52 12 3
52 155 12 3
155 149 12 5
149 182 12 5
182 177 12 3
177 0 12 0
13 11
0 165 13 4
165 170 13 5
170 191 13 5
191 162 13 5
162 142 13 4
142 164 13 4
164 138 13 4
138 66 13 3
66 161 13 4
161 163 13 5
163 0 13 0
14 15
0 137 14 4
137 160 14 4
160 58 14 3
58 198 14 3
198 200 14 5
200 5 14 4
5 135 14 5
135 180 14 3
180 185 14 4
185 28 14 4
28 169 14 4
169 181 14 4
181 184 14 3
184 151 14 3
151 0 14 0
15 16
0 81 15 4
81 168 15 5
168 145 15 5
145 143 15 4
143 189 15 4
189 172 15 3
172 70 15 5
70 118 15 4
118 119 15 5
119 30 15 5
30 8 15 5
8 158 15 3
158 197 15 4
197 112 15 5
112 186 15 3
186 0 15 0
16 5
0 92 16 4
92 154 16 5
154 47 16 4
47 190 16 4
190 0 16 0
17 15
0 150 17 4
150 35 17 3
35 21 17 4
21 1 17 4
1 194 17 4
194 166 17 4
166 147 17 4
147 148 17 5
148 91 17 4
91 155 17 4
155 149 17 4
149 174 17 4
174 71 17 4
71 7 17 4
7 0 17 0
18 12
0 150 18 5
150 95 18 4
95 116 18 5
116 31 18 3
31 55 18 4
55 126 18 3
126 96 18 5
96 117 18 5
117 111 18 4
111 16 18 4
16 107 18 5
107 0 18 0
19 12
0 133 19 3
133 192 19 3
192 183 19 3
183 49 19 4
49 4 19 4
4 104 19 4
104 74 19 4
74 19 19 3
19 146 19 3
146 159 19 4
159 152 19 3
152 0 19 0
20 12
0 178 20 5
178 56 20 4
56 69 20 5
69 109 20 4
109 128 20 3
128 196 20 4
196 41 20 5
41 125 20 5
125 88 20 3
88 94 20 3
94 158 20 4
158 0 20 0
21 12
0 123 21 3
123 188 21 4
188 121 21 3
121 141 21 4
141 157 21 3
157 84 21 4
84 17 21 3
17 144 21 4
144 156 21 5
156 153 21 4
153 48 21 3
48 0 21 0
22 6
0 154 22 3
154 171 22 3
171 169 22 3
169 132 22 3
132 151 22 5
151 0 22 0
23 13
0 34 23 3
34 20 23 3
20 23 23 3
23 157 23 4
157 73 23 3
73 164 23 5
164 6 23 4
6 37 23 4
37 175 23 3
175 110 23 3
110 44 23 3
44 60 23 3
60 0 23 0
24 3
0 167 24 3
167 122 24 3
122 0 24 0
25 6
0 167 25 4
167 87 25 4
87 61 25 4
61 179 25 5
179 173 25 3
173 0 25 0
26 2
0 199 26 4
199 0 26 0
27 1
0 0 27 0
28 1
0 0 28 0
29 1
0 0 29 0
