# Solution for ../instances-HHCRSP/InstanzVNS_HCSRP_200_1.txt
# Cost = 1436.32 Dist = 4273.46 Tard = 26.2011 TMax = 9.29117
# <vehicle> <route length>
# <origin node> <dest node> <vehicle> <service type>
0 12
0 47 0 0
47 33 0 0
33 175 0 0
175 15 0 0
15 179 0 0
179 195 0 0
195 199 0 0
199 185 0 0
185 197 0 0
197 107 0 0
107 46 0 0
46 0 0 0
1 16
0 181 1 2
181 81 1 2
81 182 1 2
182 186 1 2
186 17 1 2
17 123 1 2
123 178 1 2
178 194 1 2
194 193 1 2
193 5 1 2
5 131 1 2
131 57 1 2
57 59 1 2
59 7 1 2
7 191 1 2
191 0 1 0
2 7
0 180 2 1
180 78 2 1
78 56 2 1
56 3 2 1
3 41 2 1
41 110 2 1
110 0 2 0
3 9
0 42 3 2
42 70 3 2
70 67 3 2
67 22 3 2
22 21 3 2
21 173 3 2
173 40 3 2
40 133 3 2
133 0 3 0
4 4
0 13 4 1
13 73 4 1
73 192 4 1
192 0 4 0
5 9
0 177 5 1
177 134 5 1
134 31 5 1
31 12 5 1
12 111 5 1
111 128 5 1
128 176 5 1
176 58 5 1
58 0 5 0
6 14
0 43 6 1
43 198 6 2
198 62 6 1
62 71 6 1
71 60 6 2
60 188 6 2
188 184 6 2
184 97 6 1
97 11 6 1
11 53 6 2
53 30 6 2
30 200 6 2
200 99 6 2
99 0 6 0
7 15
0 139 7 0
139 189 7 0
189 98 7 1
98 82 7 0
82 101 7 0
101 19 7 0
19 84 7 0
84 100 7 0
100 129 7 2
129 105 7 0
105 38 7 0
38 92 7 0
92 75 7 0
75 89 7 1
89 0 7 0
8 10
0 125 8 0
125 120 8 1
120 104 8 1
104 190 8 1
190 172 8 1
172 48 8 0
48 77 8 0
77 171 8 1
171 196 8 0
196 0 8 0
9 14
0 61 9 0
61 18 9 0
18 174 9 0
174 137 9 2
137 183 9 0
183 90 9 0
90 187 9 0
187 93 9 2
93 103 9 0
103 106 9 0
106 66 9 0
66 25 9 2
25 55 9 0
55 0 9 0
10 13
0 181 10 4
181 159 10 3
159 91 10 3
91 14 10 3
14 118 10 5
118 145 10 4
145 113 10 5
113 34 10 4
34 157 10 4
157 141 10 4
141 28 10 5
28 164 10 4
164 0 10 0
11 11
0 149 11 3
149 115 11 3
115 162 11 3
162 176 11 3
176 152 11 3
152 163 11 3
163 168 11 3
168 44 11 3
44 191 11 3
191 164 11 3
164 0 11 0
12 5
0 83 12 5
83 151 12 3
151 87 12 5
87 150 12 3
150 0 12 0
13 17
0 159 13 5
159 140 13 4
140 175 13 5
175 54 13 3
54 160 13 4
160 6 13 4
6 142 13 3
142 94 13 4
94 39 13 3
39 16 13 4
16 165 13 4
165 184 13 5
184 158 13 3
158 29 13 3
29 167 13 3
167 36 13 3
36 0 13 0
14 9
0 8 14 4
8 151 14 4
151 161 14 4
161 155 14 4
155 51 14 4
51 32 14 4
32 74 14 4
74 143 14 4
143 0 14 0
15 8
0 148 15 3
148 146 15 4
146 68 15 4
68 162 15 4
162 183 15 4
183 124 15 4
124 4 15 3
4 0 15 0
16 14
0 50 16 5
50 180 16 4
180 149 16 5
149 146 16 5
146 166 16 4
166 178 16 5
178 86 16 5
86 144 16 4
144 187 16 4
187 147 16 4
147 96 16 5
96 116 16 4
116 80 16 5
80 0 16 0
17 15
0 117 17 5
117 27 17 4
27 65 17 4
65 37 17 3
37 136 17 4
136 119 17 4
119 114 17 5
114 145 17 5
145 64 17 3
64 63 17 4
63 153 17 3
153 171 17 5
171 156 17 3
156 196 17 5
196 0 17 0
18 5
0 88 18 5
88 174 18 3
174 157 18 5
157 141 18 5
141 0 18 0
19 6
0 177 19 5
177 189 19 3
189 52 19 3
52 161 19 5
161 155 19 5
155 0 19 0
20 10
0 148 20 4
148 20 20 5
20 190 20 5
190 172 20 4
172 160 20 5
160 142 20 4
142 126 20 4
126 165 20 5
165 200 20 3
200 0 20 0
21 16
0 127 21 3
127 198 21 5
198 138 21 3
138 170 21 5
170 45 21 3
45 169 21 3
169 79 21 3
79 135 21 3
135 179 21 3
179 188 21 3
188 76 21 3
76 153 21 5
153 158 21 5
158 167 21 5
167 69 21 5
69 0 21 0
22 11
0 182 22 4
182 186 22 4
186 166 22 3
166 85 22 3
85 26 22 5
26 109 22 3
109 152 22 5
152 163 22 4
163 168 22 5
168 130 22 5
130 0 22 0
23 6
0 95 23 5
95 122 23 5
122 9 23 4
9 150 23 5
150 173 23 4
173 0 23 0
24 13
0 154 24 3
154 49 24 4
49 102 24 4
102 24 24 5
24 170 24 4
170 169 24 4
169 23 24 4
23 144 24 5
144 195 24 4
195 112 24 4
112 147 24 5
147 156 24 4
156 0 24 0
25 13
0 154 25 5
154 194 25 3
194 193 25 5
193 1 25 3
1 132 25 3
132 2 25 4
2 35 25 5
35 199 25 4
199 72 25 4
72 185 25 4
185 197 25 5
197 143 25 5
143 0 25 0
26 5
0 108 26 3
108 10 26 4
10 121 26 4
121 192 26 3
192 0 26 0
27 1
0 0 27 0
28 1
0 0 28 0
29 1
0 0 29 0
