# Solution for ../instances-HHCRSP/InstanzVNS_HCSRP_100_9.txt
# Cost = 960.765 Dist = 2866.72 Tard = 9.74349 TMax = 5.8287
# <vehicle> <route length>
# <origin node> <dest node> <vehicle> <service type>
0 13
0 35 0 2
35 4 0 1
4 36 0 2
36 11 0 2
11 95 0 1
95 8 0 0
8 88 0 2
88 18 0 2
18 86 0 2
86 21 0 1
21 45 0 2
45 57 0 2
57 0 0 0
1 3
0 91 1 1
91 10 1 1
10 0 1 0
2 8
0 89 2 0
89 33 2 0
33 87 2 0
87 69 2 0
69 20 2 0
20 31 2 0
31 94 2 0
94 0 2 0
3 3
0 99 3 0
99 32 3 0
32 0 3 0
4 9
0 42 4 2
42 64 4 2
64 23 4 2
23 59 4 2
59 98 4 2
98 43 4 0
43 96 4 2
96 28 4 2
28 0 4 0
5 15
0 97 5 2
97 16 5 2
16 47 5 2
47 58 5 2
58 30 5 1
30 1 5 1
1 90 5 0
90 26 5 0
26 61 5 0
61 55 5 0
55 44 5 2
44 53 5 0
53 60 5 2
60 93 5 1
93 0 5 0
6 8
0 54 6 1
54 9 6 1
9 50 6 1
50 56 6 0
56 27 6 0
27 100 6 1
100 92 6 0
92 0 6 0
7 11
0 73 7 3
73 49 7 5
49 66 7 3
66 76 7 3
76 48 7 5
48 87 7 3
87 84 7 5
84 19 7 5
19 72 7 3
72 86 7 5
86 0 7 0
8 5
0 73 8 5
73 71 8 5
71 7 8 5
7 93 8 4
93 0 8 0
9 13
0 81 9 5
81 79 9 3
79 75 9 3
75 95 9 5
95 83 9 3
83 70 9 5
70 77 9 5
77 62 9 3
62 88 9 5
88 15 9 5
15 78 9 3
78 74 9 5
74 0 9 0
10 11
0 81 10 4
81 79 10 4
79 22 10 4
22 75 10 4
75 68 10 4
68 84 10 4
84 72 10 4
72 24 10 4
24 78 10 4
78 74 10 4
74 0 10 0
11 1
0 0 11 0
12 11
0 82 12 4
82 34 12 4
34 2 12 4
2 5 12 5
5 76 12 5
76 17 12 5
17 85 12 4
85 13 12 4
13 3 12 4
3 14 12 4
14 0 12 0
13 13
0 82 13 5
82 71 13 3
71 91 13 3
91 98 13 3
98 39 13 3
39 85 13 3
85 90 13 5
90 38 13 3
38 80 13 5
80 37 13 5
37 29 13 3
29 40 13 5
40 0 13 0
14 13
0 52 14 4
52 89 14 4
89 63 14 4
63 6 14 3
6 67 14 5
67 12 14 4
12 83 14 4
83 100 14 3
100 77 14 4
77 80 14 4
80 51 14 4
51 92 14 4
92 0 14 0
15 7
0 97 15 4
97 46 15 5
46 96 15 5
96 41 15 4
41 94 15 5
94 65 15 5
65 0 15 0
16 3
0 25 16 5
25 99 16 4
99 0 16 0
17 1
0 0 17 0
18 1
0 0 18 0
19 1
0 0 19 0
