# Solution for ../instances-HHCRSP/InstanzCPLEX_HCSRP_50_10.txt
# Cost = 625.829 Dist = 1785.17 Tard = 75.8825 TMax = 16.4323
# <vehicle> <route length>
# <origin node> <dest node> <vehicle> <service type>
0 10
0 50 0 0
50 2 0 0
2 33 0 0
33 4 0 0
4 16 0 0
16 46 0 0
46 14 0 0
14 47 0 0
47 48 0 0
48 0 0 0
1 9
0 45 1 2
45 32 1 2
32 29 1 2
29 24 1 2
24 44 1 2
44 27 1 2
27 43 1 2
43 30 1 2
30 0 1 0
2 12
0 49 2 1
49 22 2 1
22 7 2 1
7 34 2 2
34 11 2 1
11 26 2 1
26 35 2 1
35 18 2 1
18 19 2 1
19 31 2 2
31 28 2 2
28 0 2 0
3 9
0 49 3 4
49 20 3 4
20 37 3 4
37 38 3 4
38 44 3 5
44 40 3 5
40 47 3 5
47 48 3 5
48 0 3 0
4 7
0 37 4 5
37 38 4 5
38 9 4 3
9 36 4 3
36 42 4 5
42 13 4 3
13 0 4 0
5 5
0 50 5 4
50 46 5 5
46 25 5 5
25 41 5 5
41 0 5 0
6 10
0 12 6 5
12 15 6 3
15 39 6 3
39 3 6 3
3 21 6 5
21 23 6 3
23 1 6 3
1 42 6 4
42 10 6 4
10 0 6 0
7 2
0 41 7 3
41 0 7 0
8 8
0 5 8 4
5 45 8 5
45 39 8 4
39 8 8 4
8 6 8 4
6 43 8 3
43 36 8 4
36 0 8 0
9 3
0 17 9 4
17 40 9 3
40 0 9 0
