# Solution for ../instances-HHCRSP/InstanzVNS_HCSRP_300_3.txt
# Cost = 1541.04 Dist = 4592.05 Tard = 25.345 TMax = 5.73843
# <vehicle> <route length>
# <origin node> <dest node> <vehicle> <service type>
0 11
0 63 0 1
63 20 0 1
20 80 0 1
80 26 0 1
26 164 0 1
164 253 0 0
253 272 0 0
272 273 0 1
273 283 0 0
283 159 0 0
159 0 0 0
1 14
0 298 1 0
298 9 1 1
9 33 1 0
33 40 1 1
40 125 1 1
125 122 1 0
122 17 1 0
17 178 1 0
178 191 1 1
191 121 1 0
121 128 1 0
128 289 1 1
289 60 1 0
60 0 1 0
2 9
0 2 2 2
2 124 2 2
124 156 2 2
156 1 2 2
1 268 2 2
268 154 2 2
154 136 2 2
136 263 2 2
263 0 2 0
3 12
0 260 3 0
260 281 3 0
281 62 3 1
62 151 3 1
151 22 3 0
22 90 3 1
90 4 3 1
4 266 3 1
266 3 3 0
3 157 3 1
157 279 3 1
279 0 3 0
4 6
0 23 4 1
23 288 4 1
288 251 4 1
251 184 4 1
184 133 4 1
133 0 4 0
5 18
0 114 5 0
114 262 5 2
262 117 5 0
117 59 5 0
59 108 5 1
108 171 5 2
171 177 5 2
177 190 5 0
190 112 5 2
112 284 5 1
284 149 5 1
149 43 5 2
43 155 5 0
155 87 5 2
87 126 5 0
126 54 5 1
54 292 5 2
292 0 5 0
6 9
0 296 6 0
296 265 6 1
265 107 6 1
107 181 6 1
181 10 6 1
10 142 6 1
142 38 6 0
38 258 6 1
258 0 6 0
7 12
0 293 7 2
293 254 7 2
254 299 7 2
299 291 7 0
291 162 7 2
162 300 7 2
300 140 7 2
140 138 7 2
138 276 7 2
276 97 7 0
97 135 7 0
135 0 7 0
8 6
0 264 8 1
264 165 8 1
165 163 8 1
163 185 8 1
185 199 8 1
199 0 8 0
9 5
0 259 9 0
259 91 9 0
91 193 9 0
193 256 9 0
256 0 9 0
10 20
0 35 10 2
35 111 10 1
111 252 10 0
252 280 10 2
280 286 10 0
286 257 10 0
257 6 10 0
6 47 10 2
47 45 10 2
45 287 10 0
287 123 10 1
123 67 10 1
67 137 10 0
137 270 10 0
270 5 10 0
5 130 10 2
130 31 10 2
31 269 10 1
269 139 10 0
139 0 10 0
11 11
0 271 11 2
271 195 11 2
195 50 11 2
50 143 11 2
143 168 11 2
168 274 11 2
274 282 11 2
282 277 11 2
277 86 11 2
86 76 11 2
76 0 11 0
12 13
0 290 12 2
290 61 12 2
61 179 12 0
179 294 12 2
294 88 12 2
88 89 12 2
89 79 12 2
79 172 12 2
172 68 12 0
68 188 12 0
188 72 12 2
72 166 12 0
166 0 12 0
13 4
0 285 13 1
285 169 13 1
169 65 13 1
65 0 13 0
14 9
0 147 14 1
147 29 14 2
29 255 14 1
255 41 14 1
41 118 14 2
118 64 14 2
64 297 14 2
297 267 14 1
267 0 14 0
15 2
0 103 15 2
103 0 15 0
16 8
0 261 16 0
261 161 16 0
161 34 16 0
34 189 16 2
189 278 16 0
278 69 16 2
69 275 16 0
275 0 16 0
17 3
0 21 17 1
21 295 17 1
295 0 17 0
18 18
0 15 18 3
15 70 18 5
70 271 18 5
271 196 18 5
196 215 18 5
215 242 18 3
242 282 18 5
282 218 18 3
218 249 18 3
249 253 18 5
253 272 18 5
272 277 18 3
277 270 18 3
270 66 18 3
66 204 18 3
204 141 18 5
141 104 18 5
104 0 18 0
19 15
0 232 19 3
232 298 19 4
298 262 19 3
262 44 19 4
44 145 19 5
145 221 19 3
221 250 19 3
250 247 19 4
247 75 19 4
75 119 19 3
119 32 19 5
32 273 19 4
273 167 19 4
167 269 19 4
269 0 19 0
20 14
0 232 20 4
232 71 20 5
71 7 20 3
7 55 20 3
55 221 20 4
221 238 20 4
238 246 20 4
246 237 20 4
237 284 20 3
284 202 20 4
202 233 20 4
233 211 20 4
211 234 20 4
234 0 20 0
21 14
0 241 21 4
241 248 21 4
248 265 21 3
265 254 21 5
254 299 21 5
299 213 21 3
213 206 21 3
206 236 21 3
236 180 21 4
180 243 21 3
243 231 21 4
231 207 21 3
207 256 21 4
256 0 21 0
22 8
0 100 22 4
100 115 22 3
115 113 22 4
113 285 22 3
285 230 22 4
230 278 22 3
278 275 22 3
275 0 22 0
23 12
0 241 23 5
241 248 23 5
248 291 23 5
291 148 23 3
148 300 23 5
300 95 23 5
95 53 23 3
53 48 23 5
48 39 23 3
39 220 23 3
220 203 23 3
203 0 23 0
24 14
0 222 24 4
222 288 24 5
288 251 24 3
251 92 24 4
92 49 24 4
49 83 24 4
83 24 24 5
24 245 24 3
245 144 24 4
144 295 24 4
295 297 24 5
297 267 24 4
267 150 24 5
150 0 24 0
25 9
0 222 25 5
222 116 25 3
116 212 25 3
212 294 25 3
294 268 25 3
268 186 25 4
186 200 25 4
200 225 25 3
225 0 25 0
26 7
0 260 26 5
260 27 26 5
27 219 26 5
219 129 26 5
129 230 26 5
230 30 26 5
30 0 26 0
27 16
0 281 27 4
281 198 27 3
198 182 27 4
182 98 27 5
98 74 27 3
74 216 27 3
216 223 27 3
223 8 27 4
8 160 27 5
160 266 27 3
266 19 27 4
19 18 27 3
18 194 27 5
194 201 27 4
201 228 27 3
228 0 27 0
28 12
0 296 28 5
296 293 28 5
293 28 28 5
28 212 28 4
212 227 28 3
227 244 28 4
244 46 28 4
46 187 28 3
187 243 28 5
243 207 28 4
207 263 28 4
263 0 28 0
29 16
0 226 29 3
226 205 29 3
205 229 29 5
229 146 29 5
146 250 29 5
250 247 29 5
247 84 29 3
84 175 29 3
175 246 29 5
246 237 29 3
237 202 29 5
202 233 29 5
233 211 29 3
211 201 29 5
201 279 29 3
279 0 29 0
30 18
0 226 30 5
226 205 30 4
205 229 30 4
229 102 30 4
102 109 30 3
109 197 30 3
197 238 30 5
238 183 30 4
183 52 30 3
52 57 30 3
57 82 30 5
82 51 30 3
51 289 30 4
289 11 30 3
11 170 30 4
170 292 30 5
292 78 30 5
78 0 30 0
31 14
0 208 31 4
208 96 31 5
96 152 31 4
152 264 31 4
264 215 31 4
215 127 31 4
127 242 31 4
242 218 31 5
218 85 31 4
85 173 31 4
173 287 31 4
287 204 31 5
204 134 31 4
134 0 31 0
32 11
0 208 32 5
208 36 32 3
36 153 32 3
153 13 32 5
13 93 32 5
93 239 32 3
239 210 32 3
210 214 32 3
214 106 32 5
106 224 32 3
224 0 32 0
33 18
0 42 33 5
42 290 33 3
290 16 33 4
16 259 33 4
259 213 33 5
213 206 33 5
206 236 33 4
236 105 33 5
105 227 33 4
227 244 33 5
244 73 33 4
73 276 33 5
276 77 33 5
77 231 33 5
231 81 33 5
81 258 33 5
258 225 33 4
225 0 33 0
34 12
0 110 34 5
110 176 34 4
176 132 34 4
132 216 34 5
216 223 34 5
223 174 34 3
174 131 34 4
131 12 34 4
12 94 34 4
94 99 34 3
99 234 34 5
234 0 34 0
35 5
0 219 35 4
219 261 35 4
261 235 35 4
235 245 35 4
245 0 35 0
36 14
0 158 36 3
158 252 36 4
252 280 36 4
280 286 36 3
286 257 36 3
257 274 36 3
274 192 36 4
192 249 36 5
249 58 36 4
58 120 36 5
120 283 36 5
283 101 36 5
101 228 36 4
228 0 36 0
37 9
0 235 37 5
235 209 37 3
209 56 37 4
56 14 37 4
14 239 37 5
239 210 37 5
210 214 37 5
214 224 37 5
224 0 37 0
38 6
0 209 38 5
209 255 38 5
255 217 38 4
217 240 38 5
240 25 38 4
25 0 38 0
39 6
0 217 39 5
217 240 39 3
240 37 39 3
37 220 39 4
220 203 39 4
203 0 39 0
