# Solution for ../instances-HHCRSP/InstanzCPLEX_HCSRP_75_7.txt
# Cost = 590.641 Dist = 1765.38 Tard = 4.23402 TMax = 2.31321
# <vehicle> <route length>
# <origin node> <dest node> <vehicle> <service type>
0 5
0 18 0 0
18 73 0 0
73 9 0 0
9 12 0 0
12 0 0 0
1 15
0 65 1 1
65 24 1 1
24 11 1 0
11 38 1 0
38 2 1 2
2 42 1 2
42 51 1 0
51 40 1 2
40 14 1 1
14 70 1 1
70 68 1 1
68 26 1 2
26 71 1 0
71 46 1 1
46 0 1 0
2 11
0 50 2 0
50 64 2 0
64 69 2 1
69 10 2 0
10 74 2 0
74 29 2 0
29 33 2 1
33 39 2 0
39 15 2 1
15 13 2 0
13 0 2 0
3 2
0 72 3 1
72 0 3 0
4 8
0 75 4 1
75 25 4 2
25 45 4 1
45 67 4 2
67 66 4 1
66 22 4 2
22 36 4 2
36 0 4 0
5 11
0 49 5 4
49 4 5 4
4 35 5 3
35 1 5 4
1 41 5 5
41 32 5 3
32 8 5 5
8 19 5 3
19 54 5 3
54 60 5 3
60 0 5 0
6 8
0 21 6 4
21 65 6 5
65 31 6 3
31 52 6 3
52 55 6 3
55 7 6 4
7 71 6 3
71 0 6 0
7 6
0 17 7 3
17 27 7 3
27 74 7 4
74 61 7 3
61 63 7 3
63 0 7 0
8 8
0 23 8 3
23 58 8 3
58 43 8 3
43 73 8 3
73 53 8 3
53 59 8 3
59 44 8 3
44 0 8 0
9 7
0 58 9 4
58 75 9 4
75 5 9 4
5 53 9 5
53 59 9 4
59 37 9 4
37 0 9 0
10 11
0 72 10 4
72 34 10 3
34 20 10 3
20 6 10 4
6 67 10 5
67 66 10 3
66 28 10 4
28 47 10 4
47 54 10 4
54 60 10 5
60 0 10 0
11 10
0 56 11 3
56 3 11 3
3 64 11 4
64 62 11 4
62 70 11 5
70 68 11 4
68 55 11 4
55 57 11 4
57 16 11 4
16 0 11 0
12 2
0 48 12 3
48 0 12 0
13 8
0 56 13 5
56 69 13 3
69 62 13 5
62 57 13 5
57 30 13 5
30 61 13 4
61 63 13 4
63 0 13 0
14 1
0 0 14 0
