# Solution for ../instances-HHCRSP/InstanzVNS_HCSRP_300_2.txt
# Cost = 1860.1 Dist = 5556.3 Tard = 15.0632 TMax = 8.9314
# <vehicle> <route length>
# <origin node> <dest node> <vehicle> <service type>
0 15
0 9 0 1
9 297 0 1
297 91 0 0
91 269 0 0
269 289 0 0
289 80 0 1
80 252 0 0
252 180 0 0
180 56 0 1
56 33 0 1
33 191 0 1
191 288 0 0
288 256 0 1
256 128 0 1
128 0 0 0
1 18
0 173 1 2
173 132 1 1
132 172 1 2
172 263 1 2
263 182 1 1
182 255 1 1
255 129 1 1
129 138 1 1
138 196 1 1
196 66 1 2
66 34 1 2
34 31 1 1
31 286 1 2
286 270 1 1
270 149 1 1
149 65 1 2
65 15 1 2
15 0 1 0
2 3
0 67 2 0
67 161 2 0
161 0 2 0
3 10
0 251 3 2
251 162 3 2
162 198 3 2
198 294 3 2
294 168 3 2
168 19 3 2
19 159 3 2
159 197 3 2
197 97 3 2
97 0 3 0
4 10
0 299 4 1
299 123 4 1
123 189 4 2
189 59 4 2
59 3 4 2
3 38 4 1
38 264 4 2
264 273 4 1
273 300 4 2
300 0 4 0
5 14
0 120 5 1
120 199 5 0
199 293 5 0
293 117 5 1
117 83 5 0
83 295 5 1
295 17 5 1
17 271 5 0
271 6 5 0
6 57 5 0
57 279 5 1
279 291 5 1
291 32 5 0
32 0 5 0
6 20
0 290 6 0
290 146 6 1
146 276 6 2
276 287 6 1
287 108 6 1
108 274 6 2
274 61 6 2
61 266 6 2
266 145 6 1
145 136 6 2
136 257 6 1
257 261 6 0
261 2 6 0
2 114 6 0
114 158 6 1
158 140 6 1
140 285 6 1
285 281 6 2
281 280 6 2
280 0 6 0
7 3
0 254 7 2
254 154 7 2
154 0 7 0
8 10
0 272 8 0
272 26 8 0
26 283 8 0
283 45 8 0
45 262 8 0
262 10 8 0
10 105 8 0
105 106 8 0
106 179 8 0
179 0 8 0
9 2
0 115 9 0
115 0 9 0
10 2
0 175 10 0
175 0 10 0
11 15
0 258 11 1
258 11 11 2
11 147 11 1
147 259 11 2
259 133 11 1
133 282 11 1
282 160 11 1
160 103 11 2
103 41 11 2
41 167 11 2
167 292 11 1
292 165 11 1
165 268 11 2
268 4 11 1
4 0 11 0
12 4
0 121 12 2
121 100 12 2
100 90 12 2
90 0 12 0
13 14
0 193 13 1
193 71 13 1
71 284 13 0
284 14 13 0
14 72 13 2
72 54 13 1
54 113 13 1
113 265 13 0
265 277 13 1
277 253 13 0
253 21 13 0
21 12 13 2
12 42 13 1
42 0 13 0
14 4
0 39 14 1
39 298 14 1
298 166 14 1
166 0 14 0
15 11
0 96 15 1
96 275 15 2
275 177 15 1
177 46 15 0
46 116 15 0
116 260 15 2
260 43 15 2
43 92 15 1
92 7 15 0
7 185 15 0
185 0 15 0
16 9
0 278 16 1
278 40 16 2
40 131 16 1
131 267 16 1
267 36 16 2
36 44 16 1
44 296 16 2
296 82 16 1
82 0 16 0
17 3
0 157 17 2
157 16 17 2
16 0 17 0
18 17
0 227 18 3
227 181 18 5
181 75 18 5
75 203 18 3
203 222 18 3
222 171 18 4
171 94 18 5
94 282 18 3
282 246 18 3
246 5 18 3
5 209 18 3
209 292 18 4
292 74 18 4
74 109 18 5
109 205 18 3
205 202 18 4
202 0 18 0
19 21
0 227 19 4
227 297 19 4
297 221 19 4
221 77 19 4
77 174 19 3
174 263 19 5
263 244 19 3
244 218 19 3
218 266 19 4
266 122 19 3
122 25 19 4
25 252 19 5
252 111 19 4
111 150 19 4
150 79 19 3
79 235 19 4
235 55 19 5
55 232 19 3
232 47 19 4
47 291 19 3
291 0 19 0
20 19
0 251 20 5
251 221 20 5
221 212 20 4
212 243 20 3
243 244 20 5
244 229 20 3
229 204 20 3
204 239 20 3
239 213 20 3
213 262 20 5
262 187 20 5
187 188 20 3
188 134 20 4
134 250 20 3
250 286 20 3
286 270 20 3
270 35 20 4
35 202 20 5
202 0 20 0
21 16
0 207 21 4
207 8 21 3
8 258 21 3
258 212 21 5
212 243 21 4
243 151 21 3
151 144 21 5
144 156 21 5
156 257 21 3
257 261 21 5
261 18 21 3
18 153 21 3
153 250 21 4
250 281 21 5
281 280 21 4
280 0 21 0
22 20
0 207 22 5
207 259 22 3
259 203 22 4
203 222 22 4
222 81 22 3
81 183 22 3
183 265 22 4
265 277 22 5
277 247 22 5
247 23 22 5
23 195 22 3
195 238 22 4
238 37 22 3
37 296 22 3
296 224 22 3
224 288 22 5
288 201 22 3
201 256 22 5
256 245 22 3
245 0 22 0
23 8
0 210 23 5
210 241 23 5
241 50 23 5
50 220 23 5
220 264 23 5
264 219 23 5
219 20 23 5
20 0 23 0
24 10
0 236 24 3
236 107 24 4
107 186 24 4
186 211 24 4
211 228 24 3
228 62 24 4
62 70 24 5
70 279 24 5
279 223 24 3
223 0 24 0
25 11
0 236 25 4
236 240 25 3
240 135 25 5
135 125 25 4
125 267 25 5
267 76 25 3
76 101 25 3
101 238 25 5
238 224 25 5
224 201 25 4
201 0 25 0
26 18
0 299 26 4
299 241 26 4
241 93 26 3
93 126 26 5
126 248 26 3
248 211 26 5
211 228 26 4
228 52 26 4
52 220 26 4
220 63 26 4
63 249 26 3
249 102 26 3
102 64 26 3
64 192 26 4
192 69 26 4
69 86 26 3
86 143 26 4
143 0 26 0
27 4
0 210 27 4
210 60 27 5
60 298 27 4
298 0 27 0
28 14
0 225 28 3
225 290 28 3
290 190 28 4
190 110 28 5
110 1 28 4
1 294 28 5
294 22 28 3
22 271 28 4
271 85 28 4
85 99 28 4
99 24 28 4
24 178 28 5
178 223 28 5
223 0 28 0
29 23
0 225 29 5
225 200 29 5
200 276 29 5
276 287 29 5
287 118 29 4
118 28 29 5
28 274 29 3
274 13 29 4
13 218 29 5
218 289 29 4
289 48 29 3
48 216 29 4
216 29 29 3
29 234 29 3
234 130 29 3
130 58 29 4
58 237 29 4
237 148 29 3
148 226 29 4
226 253 29 3
253 184 29 5
184 217 29 4
217 0 29 0
30 16
0 230 30 3
230 293 30 4
293 248 30 4
248 152 30 3
152 51 30 5
51 295 30 4
295 194 30 5
194 119 30 5
119 98 30 4
98 95 30 3
95 233 30 3
233 273 30 4
273 300 30 5
300 142 30 4
142 87 30 4
87 0 30 0
31 13
0 230 31 5
230 137 31 3
137 275 31 4
275 163 31 5
163 127 31 5
127 141 31 4
141 30 31 4
30 112 31 5
112 260 31 4
260 169 31 5
169 233 31 4
233 219 31 4
219 0 31 0
32 13
0 254 32 5
254 104 32 3
104 284 32 4
284 240 32 5
240 269 32 4
269 216 32 5
216 234 32 5
234 237 32 5
237 226 32 5
226 235 32 5
235 268 32 3
268 217 32 5
217 0 32 0
33 17
0 206 33 4
206 231 33 3
231 283 33 3
283 214 33 3
214 242 33 3
242 208 33 3
208 49 33 4
49 27 33 4
27 124 33 4
124 68 33 4
68 170 33 3
170 246 33 4
246 84 33 4
84 78 33 3
78 209 33 4
209 205 33 4
205 0 33 0
34 3
0 53 34 4
53 247 34 3
247 0 34 0
35 19
0 206 35 5
206 272 35 5
272 231 35 4
231 214 35 5
214 242 35 4
242 208 35 4
208 255 35 4
255 73 35 3
73 229 35 4
229 204 35 5
204 239 35 4
239 213 35 4
213 88 35 3
88 176 35 4
176 285 35 5
285 155 35 4
155 232 35 5
232 139 35 3
139 0 35 0
36 6
0 89 36 5
89 278 36 3
278 249 36 4
249 164 36 5
164 245 36 4
245 0 36 0
37 2
0 215 37 3
215 0 37 0
38 2
0 215 38 5
215 0 38 0
39 1
0 0 39 0
