# Solution for ../instances-HHCRSP/InstanzVNS_HCSRP_200_1.txt
# Cost = 1413.33 Dist = 4219.92 Tard = 14.2767 TMax = 5.77681
# <vehicle> <route length>
# <origin node> <dest node> <vehicle> <service type>
0 9
0 18 0 0
18 61 0 0
61 174 0 0
174 183 0 0
183 195 0 0
195 185 0 0
185 197 0 0
197 199 0 0
199 0 0 0
1 12
0 42 1 2
42 182 1 2
182 17 1 2
17 123 1 2
123 186 1 2
186 178 1 2
178 59 1 2
59 57 1 2
57 131 1 2
131 40 1 2
40 133 1 2
133 0 1 0
2 6
0 134 2 1
134 177 2 1
177 98 2 1
98 31 2 1
31 58 2 1
58 0 2 0
3 12
0 181 3 2
181 81 3 2
81 137 3 2
137 193 3 2
193 194 3 2
194 188 3 2
188 184 3 2
184 99 3 2
99 200 3 2
200 30 3 2
30 53 3 2
53 0 3 0
4 6
0 180 4 1
180 56 4 1
56 120 4 1
120 41 4 1
41 110 4 1
110 0 4 0
5 8
0 43 5 1
43 12 5 1
12 111 5 1
111 128 5 1
128 78 5 1
78 176 5 1
176 192 5 1
192 0 5 0
6 9
0 70 6 2
70 13 6 1
13 67 6 2
67 73 6 1
73 22 6 2
22 21 6 2
21 173 6 2
173 89 6 1
89 0 6 0
7 20
0 33 7 0
33 198 7 2
198 175 7 0
175 104 7 1
104 60 7 2
60 62 7 1
62 71 7 1
71 15 7 0
15 187 7 0
187 3 7 1
3 106 7 0
106 93 7 2
93 103 7 0
103 90 7 0
90 66 7 0
66 191 7 2
191 25 7 2
25 7 7 2
7 107 7 0
107 0 7 0
8 13
0 47 8 0
47 125 8 0
125 190 8 1
190 172 8 1
172 48 8 0
48 77 8 0
77 97 8 1
97 179 8 0
179 11 8 1
11 171 8 1
171 196 8 0
196 55 8 0
55 0 8 0
9 15
0 189 9 0
189 139 9 0
139 84 9 0
84 19 9 0
19 5 9 2
5 82 9 0
82 101 9 0
101 100 9 0
100 105 9 0
105 129 9 2
129 92 9 0
92 75 9 0
75 38 9 0
38 46 9 0
46 0 9 0
10 19
0 138 10 3
138 170 10 4
170 102 10 4
102 24 10 5
24 175 10 5
175 140 10 4
140 54 10 3
54 94 10 4
94 142 10 3
142 165 10 4
165 16 10 4
16 39 10 3
39 167 10 5
167 36 10 3
36 69 10 5
69 147 10 4
147 96 10 5
96 80 10 5
80 0 10 0
11 12
0 154 11 3
154 159 11 3
159 45 11 3
45 169 11 3
169 79 11 3
79 135 11 3
135 179 11 3
179 188 11 3
188 167 11 3
167 29 11 3
29 158 11 3
158 0 11 0
12 7
0 177 12 5
177 189 12 3
189 52 12 3
52 161 12 5
161 155 12 5
155 143 12 5
143 0 12 0
13 14
0 170 13 5
170 198 13 5
198 169 13 4
169 23 13 4
23 49 13 4
49 86 13 5
86 144 13 4
144 195 13 4
195 1 13 3
1 132 13 3
132 116 13 4
116 199 13 4
199 72 13 4
72 0 13 0
14 7
0 8 14 4
8 151 14 4
151 161 14 4
161 32 14 4
32 74 14 4
74 173 14 4
173 0 14 0
15 14
0 148 15 3
148 180 15 4
180 149 15 3
149 146 15 4
146 68 15 4
68 162 15 3
162 168 15 3
168 152 15 3
152 163 15 3
163 183 15 4
183 124 15 4
124 4 15 3
4 143 15 4
143 0 15 0
16 13
0 154 16 5
154 159 16 5
159 20 16 5
20 172 16 4
172 160 16 4
160 6 16 4
6 63 16 4
63 119 16 4
119 153 16 5
153 171 16 5
171 156 16 4
156 196 16 5
196 0 16 0
17 13
0 148 17 4
148 149 17 5
149 146 17 5
146 166 17 3
166 178 17 5
178 2 17 4
2 193 17 5
193 194 17 3
194 187 17 4
187 144 17 5
144 112 17 4
112 147 17 5
147 0 17 0
18 5
0 83 18 5
83 151 18 3
151 87 18 5
87 150 18 3
150 0 18 0
19 12
0 115 19 3
115 127 19 3
127 14 19 3
14 91 19 3
91 114 19 5
114 145 19 5
145 118 19 5
118 64 19 3
64 76 19 3
76 153 19 3
153 156 19 3
156 0 19 0
20 12
0 182 20 4
182 186 20 4
186 166 20 4
166 85 20 3
85 109 20 3
109 26 20 5
26 35 20 5
35 185 20 4
185 197 20 5
197 155 20 4
155 51 20 4
51 0 20 0
21 7
0 88 21 5
88 174 21 3
174 157 21 5
157 141 21 5
141 28 21 5
28 164 21 3
164 0 21 0
22 11
0 10 22 4
10 34 22 4
34 162 22 4
162 168 22 5
168 152 22 5
152 163 22 4
163 130 22 5
130 176 22 3
176 157 22 4
157 141 22 4
141 0 22 0
23 14
0 181 23 4
181 117 23 5
117 190 23 5
190 37 23 3
37 65 23 4
65 136 23 4
136 160 23 5
160 142 23 4
142 165 23 5
165 126 23 4
126 184 23 5
184 200 23 3
200 158 23 5
158 0 23 0
24 5
0 95 24 5
95 122 24 5
122 150 24 5
150 9 24 4
9 0 24 0
25 8
0 50 25 5
50 27 25 4
27 145 25 4
145 113 25 5
113 44 25 3
44 191 25 3
191 164 25 4
164 0 25 0
26 4
0 108 26 3
108 121 26 4
121 192 26 3
192 0 26 0
27 1
0 0 27 0
28 1
0 0 28 0
29 1
0 0 29 0
