# Solution for ../instances-HHCRSP/InstanzVNS_HCSRP_300_1.txt
# Cost = 1865.22 Dist = 5509.84 Tard = 56.4623 TMax = 29.3485
# <vehicle> <route length>
# <origin node> <dest node> <vehicle> <service type>
0 13
0 262 0 0
262 12 0 1
12 189 0 0
189 139 0 0
139 61 0 0
61 101 0 0
101 82 0 0
82 18 0 0
18 100 0 0
100 75 0 0
75 38 0 0
38 92 0 0
92 0 0 0
1 9
0 17 1 2
17 123 1 2
123 287 1 2
287 295 1 2
295 59 1 2
59 25 1 2
25 7 1 2
7 131 1 2
131 0 1 0
2 9
0 264 2 2
264 142 2 2
142 268 2 2
268 60 2 2
60 261 2 2
261 30 2 2
30 254 2 2
254 99 2 2
99 0 2 0
3 14
0 81 3 2
81 273 3 1
273 300 3 1
300 291 3 2
291 169 3 2
169 71 3 1
71 3 3 1
3 277 3 2
277 93 3 2
93 274 3 2
274 11 3 1
11 158 3 2
158 53 3 2
53 0 3 0
4 4
0 70 4 2
70 292 4 2
292 22 4 2
22 0 4 0
5 2
0 40 5 2
40 0 5 0
6 2
0 266 6 2
266 0 6 0
7 10
0 279 7 0
279 289 7 0
289 175 7 0
175 299 7 0
299 283 7 0
283 77 7 0
77 48 7 0
48 184 7 0
184 196 7 0
196 0 7 0
8 17
0 181 8 0
181 263 8 1
263 166 8 0
166 288 8 0
288 47 8 0
47 193 8 0
193 272 8 0
272 56 8 1
56 78 8 1
78 275 8 1
275 278 8 0
278 41 8 1
41 66 8 0
66 271 8 0
271 157 8 1
157 55 8 0
55 0 8 0
9 20
0 255 9 0
255 260 9 2
260 125 9 0
125 251 9 0
251 120 9 1
120 296 9 0
296 137 9 2
137 297 9 1
297 128 9 1
128 174 9 1
174 267 9 2
267 252 9 2
252 19 9 0
19 293 9 0
293 21 9 2
21 46 9 0
46 107 9 0
107 192 9 2
192 58 9 1
58 0 9 0
10 2
0 129 10 2
129 0 10 0
11 6
0 98 11 1
98 43 11 1
43 31 11 1
31 197 11 1
197 285 11 1
285 0 11 0
12 13
0 180 12 0
180 182 12 2
182 282 12 1
282 176 12 2
176 168 12 0
168 5 12 2
5 111 12 1
111 73 12 1
73 259 12 2
259 57 12 2
57 110 12 1
110 269 12 2
269 0 12 0
13 12
0 134 13 1
134 151 13 2
151 42 13 2
42 256 13 1
256 13 13 1
13 150 13 1
150 67 13 2
67 290 13 1
290 284 13 1
284 89 13 1
89 133 13 2
133 0 13 0
14 12
0 33 14 0
33 62 14 1
62 104 14 1
104 253 14 1
253 281 14 0
281 258 14 1
258 106 14 0
106 90 14 0
90 191 14 1
191 164 14 1
164 257 14 1
257 0 14 0
15 4
0 84 15 0
84 286 15 0
286 105 15 0
105 0 15 0
16 1
0 0 16 0
17 14
0 148 17 1
148 294 17 1
294 280 17 1
280 160 17 1
160 97 17 1
97 15 17 0
15 265 17 0
265 270 17 1
270 171 17 1
171 276 17 1
276 103 17 0
103 147 17 1
147 298 17 1
298 0 17 0
18 12
0 262 18 4
262 263 18 3
263 186 18 5
186 287 18 3
287 244 18 3
244 113 18 5
113 199 18 5
199 116 18 4
116 132 18 3
132 214 18 4
214 271 18 3
271 0 18 0
19 16
0 202 19 3
202 279 19 3
279 234 19 3
234 289 19 3
289 227 19 3
227 6 19 4
6 23 19 4
23 37 19 3
37 27 19 4
27 187 19 4
187 201 19 3
201 241 19 3
241 220 19 3
220 218 19 3
218 231 19 3
231 0 19 0
20 13
0 202 20 4
202 190 20 3
190 247 20 4
247 138 20 3
138 79 20 3
79 221 20 3
221 235 20 3
235 16 20 4
16 29 20 3
29 167 20 3
167 224 20 3
224 233 20 4
233 0 20 0
21 16
0 203 21 3
203 149 21 4
149 251 21 4
251 288 21 4
288 249 21 3
249 272 21 3
272 281 21 3
281 230 21 3
230 258 21 4
258 144 21 4
144 207 21 3
207 226 21 3
226 213 21 3
213 210 21 4
210 225 21 3
225 0 21 0
22 12
0 24 22 5
24 215 22 4
215 232 22 3
232 49 22 4
49 249 22 5
249 244 22 5
244 35 22 5
35 130 22 5
130 293 22 4
293 121 22 4
121 285 22 3
285 0 22 0
23 19
0 117 23 5
117 215 23 5
215 232 23 5
232 299 23 5
299 140 23 4
140 102 23 4
102 205 23 3
205 211 23 4
211 217 23 3
217 136 23 4
136 76 23 3
76 201 23 4
201 277 23 4
277 242 23 3
242 223 23 3
223 200 23 4
200 228 23 3
228 245 23 3
245 0 23 0
24 17
0 264 24 5
264 234 24 5
234 227 24 5
227 119 24 4
119 253 24 5
253 230 24 5
230 114 24 5
114 63 24 4
63 153 24 5
153 207 24 5
207 226 24 4
226 295 24 5
295 64 24 3
64 276 24 4
276 96 24 5
96 231 24 5
231 0 24 0
25 15
0 203 25 4
203 239 25 3
239 222 25 4
222 219 25 4
219 10 25 4
10 206 25 3
206 216 25 4
216 238 25 4
238 124 25 4
124 4 25 3
4 173 25 4
173 74 25 4
74 51 25 4
51 243 25 3
243 0 25 0
26 23
0 255 26 5
255 91 26 3
91 260 26 3
260 159 26 5
159 45 26 3
45 291 26 3
291 170 26 5
170 205 26 4
205 211 26 5
211 135 26 3
135 94 26 4
94 39 26 3
39 165 26 5
165 209 26 4
209 204 26 4
204 261 26 4
261 283 26 3
283 126 26 4
126 254 26 5
254 224 26 4
224 233 26 5
233 298 26 5
298 0 26 0
27 19
0 177 27 4
177 8 27 4
8 52 27 3
52 122 27 5
122 161 27 5
161 95 27 5
95 256 27 4
256 26 27 5
26 141 27 4
141 163 27 3
163 237 27 4
237 240 27 4
240 155 27 3
155 290 27 4
290 284 27 3
284 212 27 3
212 250 27 3
250 243 27 4
243 0 27 0
28 9
0 246 28 4
246 282 28 5
282 68 28 4
68 146 28 4
146 152 28 4
152 183 28 5
183 34 28 4
34 185 28 4
185 0 28 0
29 6
0 85 29 3
85 246 29 3
246 109 29 3
109 229 29 3
229 259 29 3
259 0 29 0
30 8
0 83 30 5
83 286 30 5
286 9 30 4
9 236 30 5
236 87 30 5
87 32 30 4
32 212 30 5
212 0 30 0
31 14
0 108 31 3
108 50 31 5
50 239 31 5
239 222 31 5
222 219 31 5
219 88 31 5
88 206 31 5
206 216 31 5
216 238 31 3
238 267 31 5
267 252 31 5
252 237 31 5
237 240 31 5
240 0 31 0
32 14
0 208 32 3
208 247 32 5
247 198 32 5
198 221 32 5
221 268 32 5
268 235 32 5
235 265 32 4
265 270 32 5
270 156 32 3
156 213 32 4
213 269 32 5
269 210 32 5
210 225 32 5
225 0 32 0
33 17
0 208 33 4
208 127 33 3
127 296 33 5
296 194 33 5
194 297 33 3
297 178 33 3
178 112 33 4
112 145 33 5
145 195 33 5
195 241 33 5
241 220 33 4
220 218 33 4
218 80 33 5
80 72 33 4
72 28 33 5
28 257 33 5
257 0 33 0
34 18
0 273 34 4
273 20 34 5
20 300 34 3
300 54 34 3
54 172 34 4
172 217 34 4
217 179 34 5
179 209 34 5
209 204 34 5
204 188 34 3
188 69 34 5
69 242 34 4
242 223 34 5
223 36 34 3
36 274 34 4
274 228 34 5
228 245 34 4
245 0 34 0
35 12
0 154 35 5
154 294 35 5
294 14 35 3
14 65 35 4
65 280 35 5
280 118 35 5
118 86 35 5
86 1 35 3
1 2 35 4
2 214 35 5
214 44 35 3
44 0 35 0
36 6
0 115 36 3
115 162 36 4
162 275 36 3
275 278 36 4
278 229 36 4
229 0 36 0
37 4
0 292 37 4
292 236 37 3
236 250 37 5
250 0 37 0
38 4
0 248 38 5
248 266 38 3
266 143 38 3
143 0 38 0
39 2
0 248 39 3
248 0 39 0
