# Solution for ../instances-HHCRSP/InstanzVNS_HCSRP_300_10.txt
# Cost = 1939.88 Dist = 5799.46 Tard = 15.009 TMax = 5.17991
# <vehicle> <route length>
# <origin node> <dest node> <vehicle> <service type>
0 15
0 290 0 0
290 147 0 0
147 4 0 0
4 266 0 1
266 125 0 1
125 273 0 0
273 16 0 0
16 118 0 0
118 182 0 1
182 294 0 1
294 162 0 1
162 187 0 1
187 152 0 0
152 42 0 1
42 0 0 0
1 13
0 171 1 2
171 61 1 2
61 144 1 2
144 126 1 2
126 34 1 2
34 296 1 2
296 27 1 2
27 191 1 2
191 269 1 2
269 166 1 2
166 272 1 2
272 43 1 2
43 0 1 0
2 8
0 253 2 2
253 259 2 2
259 24 2 2
24 32 2 2
32 299 2 2
299 31 2 2
31 280 2 2
280 0 2 0
3 9
0 103 3 1
103 154 3 1
154 90 3 1
90 258 3 1
258 260 3 1
260 261 3 1
261 132 3 1
132 40 3 1
40 0 3 0
4 13
0 70 4 2
70 292 4 2
292 108 4 2
108 63 4 2
63 271 4 2
271 255 4 2
255 143 4 2
143 133 4 2
133 157 4 2
157 288 4 2
288 30 4 2
30 59 4 2
59 0 4 0
5 8
0 276 5 0
276 83 5 0
83 58 5 0
58 84 5 0
84 151 5 0
151 99 5 0
99 284 5 0
284 0 5 0
6 4
0 254 6 2
254 102 6 2
102 142 6 2
142 0 6 0
7 8
0 50 7 1
50 94 7 1
94 300 7 2
300 18 7 1
18 293 7 2
293 129 7 2
129 275 7 1
275 0 7 0
8 18
0 257 8 0
257 256 8 0
256 22 8 1
22 138 8 0
138 165 8 0
165 298 8 0
298 19 8 1
19 282 8 0
282 161 8 0
161 173 8 1
173 139 8 1
139 177 8 0
177 297 8 1
297 281 8 0
281 60 8 0
60 47 8 0
47 122 8 0
122 0 8 0
9 6
0 57 9 2
57 107 9 2
107 137 9 2
137 179 9 2
179 164 9 2
164 0 9 0
10 7
0 274 10 1
274 35 10 1
35 268 10 1
268 262 10 1
262 111 10 1
111 186 10 1
186 0 10 0
11 14
0 89 11 0
89 287 11 0
287 2 11 0
2 265 11 0
265 279 11 0
279 252 11 0
252 44 11 0
44 95 11 0
95 291 11 0
291 190 11 0
190 156 11 0
156 283 11 0
283 48 11 0
48 0 11 0
12 15
0 104 12 0
104 264 12 1
264 33 12 0
33 170 12 1
170 26 12 1
26 198 12 0
198 174 12 0
174 289 12 0
289 105 12 1
105 277 12 1
277 278 12 1
278 285 12 1
285 270 12 0
270 251 12 0
251 0 12 0
13 14
0 176 13 0
176 267 13 1
267 7 13 1
7 11 13 1
11 158 13 1
158 64 13 1
64 295 13 1
295 263 13 1
263 62 13 0
62 36 13 1
36 91 13 1
91 77 13 1
77 153 13 0
153 0 13 0
14 13
0 148 14 0
148 163 14 0
163 80 14 2
80 124 14 2
124 29 14 2
29 113 14 0
113 197 14 2
197 66 14 0
66 14 14 0
14 28 14 2
28 286 14 0
286 196 14 0
196 0 14 0
15 3
0 141 15 1
141 159 15 2
159 0 15 0
16 1
0 0 16 0
17 1
0 0 17 0
18 18
0 290 18 5
290 246 18 3
246 181 18 4
181 150 18 5
150 266 18 5
266 273 18 5
273 52 18 5
52 214 18 4
214 294 18 5
294 282 18 5
282 51 18 5
51 109 18 5
109 278 18 5
278 285 18 5
285 297 18 4
297 160 18 3
160 200 18 4
200 0 18 0
19 14
0 246 19 5
246 93 19 3
93 264 19 3
264 236 19 5
236 247 19 5
247 295 19 5
295 136 19 5
136 116 19 4
116 269 19 4
269 199 19 5
199 245 19 3
245 222 19 5
222 208 19 5
208 0 19 0
20 18
0 45 20 4
45 227 20 3
227 149 20 4
149 211 20 3
211 123 20 3
123 140 20 3
140 236 20 4
236 247 20 3
247 289 20 3
289 243 20 4
243 277 20 4
277 193 20 3
193 23 20 3
23 1 20 3
1 245 20 4
245 222 20 4
222 208 20 4
208 0 20 0
21 15
0 253 21 3
253 223 21 4
223 276 21 5
276 259 21 5
259 265 21 3
265 279 21 4
279 252 21 5
252 79 21 5
79 220 21 3
220 238 21 3
238 81 21 3
81 210 21 5
210 270 21 3
270 251 21 4
251 0 21 0
22 18
0 227 22 5
227 211 22 5
211 256 22 3
256 230 22 3
230 175 22 5
175 203 22 3
203 242 22 3
242 232 22 4
232 131 22 4
131 243 22 5
243 69 22 5
69 288 22 5
288 74 22 5
74 184 22 5
184 201 22 3
201 231 22 3
231 67 22 4
67 0 22 0
23 14
0 188 23 3
188 5 23 4
5 228 23 3
228 37 23 4
37 240 23 4
240 221 23 3
221 298 23 4
298 130 23 3
130 229 23 3
229 250 23 3
250 212 23 3
212 239 23 4
239 206 23 3
206 0 23 0
24 9
0 257 24 3
257 241 24 3
241 135 24 3
135 234 24 3
234 207 24 3
207 261 24 3
261 280 24 3
280 210 24 3
210 0 24 0
25 15
0 223 25 5
223 195 25 3
195 127 25 5
127 216 25 3
216 219 25 3
219 215 25 4
215 202 25 3
202 229 25 5
229 250 25 5
250 275 25 5
275 168 25 5
168 92 25 5
92 205 25 4
205 286 25 4
286 0 25 0
26 15
0 49 26 5
49 228 26 5
228 240 26 5
240 221 26 4
221 88 26 5
88 185 26 4
185 155 26 5
155 8 26 4
8 214 26 5
214 9 26 3
9 248 26 4
248 235 26 3
235 112 26 4
112 75 26 5
75 0 26 0
27 11
0 218 27 3
218 101 27 3
101 183 27 3
183 213 27 3
213 225 27 3
225 224 27 3
224 76 27 3
76 268 27 3
268 262 27 3
262 205 27 3
205 0 27 0
28 6
0 218 28 4
218 194 28 4
194 73 28 4
73 172 28 5
172 226 28 4
226 0 28 0
29 19
0 12 29 5
12 115 29 3
115 292 29 4
292 230 29 5
230 119 29 4
119 38 29 4
38 68 29 5
68 86 29 5
86 258 29 3
258 260 29 4
260 255 29 5
255 220 29 5
220 238 29 4
238 72 29 4
72 212 29 5
212 281 29 5
281 239 29 5
239 206 29 5
206 0 29 0
30 8
0 254 30 5
254 287 30 5
287 274 30 5
274 97 30 3
97 217 30 3
217 209 30 5
209 237 30 3
237 0 30 0
31 14
0 204 31 4
204 100 31 5
100 106 31 3
106 189 31 3
189 110 31 5
110 71 31 4
71 216 31 5
216 219 31 4
219 215 31 5
215 202 31 4
202 299 31 4
299 17 31 4
17 237 31 5
237 0 31 0
32 12
0 204 32 5
204 300 32 3
300 53 32 3
53 117 32 3
117 293 32 3
293 213 32 4
213 225 32 5
225 224 32 4
224 41 32 5
41 25 32 5
25 284 32 4
284 0 32 0
33 14
0 78 33 3
78 192 33 5
192 120 33 4
120 203 33 4
203 242 33 5
242 232 33 5
232 263 33 4
263 56 33 5
56 96 33 3
96 201 33 4
201 231 33 4
231 114 33 4
114 121 33 4
121 0 33 0
34 14
0 85 34 4
85 134 34 4
134 20 34 4
20 241 34 4
241 271 34 5
271 15 34 3
15 234 34 4
234 207 34 4
207 98 34 4
98 65 34 4
65 128 34 4
128 283 34 5
283 233 34 3
233 0 34 0
35 16
0 180 35 3
180 39 35 3
39 267 35 5
267 3 35 3
3 296 35 3
296 145 35 4
145 6 35 4
6 178 35 3
178 167 35 3
167 248 35 5
248 235 35 5
235 21 35 5
21 10 35 4
10 272 35 5
272 13 35 3
13 0 35 0
36 7
0 87 36 5
87 169 36 5
169 46 36 5
46 146 36 4
146 55 36 5
55 226 36 5
226 0 36 0
37 5
0 249 37 3
249 217 37 4
217 209 37 4
209 244 37 4
244 0 37 0
38 6
0 249 38 5
249 291 38 4
291 54 38 5
54 82 38 4
82 233 38 5
233 0 38 0
39 2
0 244 39 5
244 0 39 0
