# Solution for ../instances-HHCRSP/InstanzVNS_HCSRP_300_7.txt
# Cost = 1647.57 Dist = 4925.1 Tard = 13.649 TMax = 3.96065
# <vehicle> <route length>
# <origin node> <dest node> <vehicle> <service type>
0 16
0 113 0 1
113 99 0 1
99 141 0 1
141 45 0 1
45 97 0 0
97 93 0 1
93 185 0 0
185 129 0 1
129 257 0 0
257 164 0 1
164 161 0 0
161 9 0 0
9 175 0 1
175 287 0 1
287 12 0 0
12 0 0 0
1 10
0 288 1 2
288 10 1 0
10 150 1 2
150 130 1 2
130 276 1 2
276 187 1 0
187 22 1 2
22 299 1 2
299 54 1 2
54 0 1 0
2 20
0 258 2 1
258 65 2 2
65 11 2 0
11 275 2 0
275 108 2 0
108 42 2 2
42 51 2 0
51 147 2 0
147 148 2 0
148 115 2 2
115 255 2 1
255 68 2 1
68 79 2 1
79 253 2 0
253 155 2 1
155 26 2 2
26 85 2 1
85 298 2 1
298 134 2 2
134 0 2 0
3 10
0 131 3 2
131 75 3 2
75 2 3 2
2 252 3 2
252 40 3 2
40 193 3 2
193 281 3 2
281 251 3 2
251 294 3 2
294 0 3 0
4 3
0 146 4 1
146 284 4 1
284 0 4 0
5 4
0 265 5 2
265 100 5 1
100 300 5 2
300 0 5 0
6 17
0 72 6 0
72 183 6 1
183 266 6 1
266 262 6 1
262 143 6 0
143 105 6 1
105 101 6 0
101 268 6 1
268 297 6 1
297 197 6 1
197 259 6 0
259 186 6 0
186 63 6 0
63 156 6 0
156 13 6 0
13 76 6 0
76 0 6 0
7 8
0 192 7 0
192 176 7 1
176 263 7 1
263 261 7 1
261 29 7 0
29 102 7 0
102 106 7 1
106 0 7 0
8 14
0 270 8 0
270 290 8 2
290 82 8 0
82 59 8 0
59 293 8 0
293 25 8 2
25 286 8 0
286 67 8 2
67 127 8 0
127 291 8 0
291 269 8 2
269 169 8 2
169 163 8 2
163 0 8 0
9 22
0 282 9 1
282 38 9 0
38 172 9 1
172 189 9 0
189 145 9 1
145 24 9 1
24 280 9 1
280 289 9 2
289 196 9 1
196 77 9 0
77 273 9 2
273 256 9 2
256 78 9 1
78 272 9 1
272 264 9 2
264 277 9 0
277 149 9 2
149 182 9 0
182 174 9 1
174 46 9 1
46 271 9 0
271 0 9 0
10 4
0 188 10 2
188 278 10 2
278 36 10 2
36 0 10 0
11 17
0 260 11 2
260 18 11 0
18 53 11 0
53 136 11 2
136 124 11 1
124 170 11 0
170 165 11 0
165 191 11 2
191 274 11 0
274 285 11 2
285 15 11 1
15 86 11 2
86 151 11 1
151 33 11 1
33 39 11 0
39 190 11 1
190 0 11 0
12 3
0 254 12 2
254 279 12 2
279 0 12 0
13 1
0 0 13 0
14 15
0 50 14 0
50 267 14 1
267 114 14 0
114 64 14 1
64 283 14 1
283 90 14 2
90 140 14 0
140 14 14 1
14 296 14 1
296 80 14 2
80 295 14 0
295 57 14 0
57 158 14 1
158 152 14 2
152 0 14 0
15 2
0 292 15 0
292 0 15 0
16 1
0 0 16 0
17 1
0 0 17 0
18 17
0 206 18 3
206 288 18 5
288 49 18 4
49 35 18 3
35 104 18 4
104 69 18 5
69 248 18 4
248 74 18 4
74 225 18 4
225 159 18 5
159 239 18 4
239 144 18 3
144 215 18 3
215 224 18 4
224 226 18 4
226 199 18 5
199 0 18 0
19 10
0 3 19 3
3 202 19 3
202 222 19 3
222 210 19 3
210 31 19 3
31 234 19 3
234 228 19 3
228 247 19 3
247 277 19 3
277 0 19 0
20 12
0 206 20 4
206 235 20 4
235 89 20 5
89 84 20 4
84 263 20 4
263 167 20 5
167 225 20 5
225 239 20 5
239 215 20 4
215 224 20 5
224 226 20 5
226 0 20 0
21 20
0 56 21 4
56 202 21 4
202 222 21 5
222 210 21 4
210 275 21 4
275 118 21 4
118 120 21 3
120 280 21 3
280 289 21 3
289 166 21 3
166 273 21 4
273 256 21 4
256 91 21 4
91 7 21 4
7 55 21 4
55 249 21 5
249 218 21 5
218 117 21 5
117 271 21 4
271 0 21 0
22 16
0 139 22 5
139 160 22 3
160 121 22 3
121 5 22 4
5 246 22 4
246 198 22 3
198 135 22 5
135 286 22 3
286 28 22 4
28 238 22 3
238 83 22 3
83 221 22 3
221 47 22 4
47 103 22 3
103 110 22 3
110 0 22 0
23 17
0 223 23 4
223 81 23 4
81 219 23 4
219 21 23 4
21 194 23 5
194 41 23 5
41 234 23 4
234 205 23 5
205 244 23 5
244 228 23 4
228 255 23 5
255 247 23 4
247 71 23 4
71 125 23 5
125 107 23 5
107 243 23 4
243 0 23 0
24 18
0 223 24 3
223 258 24 3
258 168 24 5
168 32 24 3
32 109 24 4
109 262 24 5
262 70 24 5
70 281 24 5
281 62 24 3
62 296 24 3
296 88 24 3
88 96 24 5
96 94 24 3
94 209 24 5
209 251 24 5
251 294 24 4
294 236 24 5
236 0 24 0
25 13
0 232 25 3
232 157 25 3
157 231 25 3
231 20 25 3
20 278 25 3
278 133 25 3
133 27 25 3
27 276 25 3
276 19 25 3
19 250 25 3
250 292 25 3
292 48 25 3
48 0 25 0
26 16
0 232 26 5
232 200 26 4
200 231 26 4
231 270 26 5
270 137 26 4
137 290 26 3
290 162 26 5
162 293 26 3
293 142 26 4
142 245 26 4
245 180 26 5
180 238 26 5
238 291 26 3
291 269 26 4
269 201 26 3
201 0 26 0
27 11
0 216 27 4
216 213 27 3
213 73 27 3
73 246 27 5
246 37 27 4
37 195 27 3
195 171 27 5
171 154 27 3
154 44 27 3
44 204 27 3
204 0 27 0
28 14
0 216 28 5
216 213 28 4
213 43 28 3
43 138 28 4
138 300 28 5
300 241 28 3
241 66 28 3
66 181 28 4
181 6 28 4
6 184 28 4
184 220 28 3
220 214 28 3
214 287 28 4
287 0 28 0
29 12
0 237 29 3
237 252 29 4
252 1 29 4
1 126 29 3
126 205 29 4
205 244 29 4
244 253 29 4
253 209 29 3
209 177 29 3
177 298 29 4
298 236 29 4
236 0 29 0
30 6
0 265 30 5
265 23 30 3
23 58 30 3
58 241 30 5
241 257 30 3
257 0 30 0
31 15
0 237 31 4
237 266 31 5
266 178 31 5
178 219 31 5
219 268 31 5
268 248 31 5
248 8 31 5
8 297 31 5
297 295 31 4
295 111 31 4
111 259 31 3
259 61 31 4
61 122 31 3
122 179 31 3
179 0 31 0
32 17
0 208 32 3
208 233 32 3
233 282 32 3
282 207 32 3
207 240 32 4
240 95 32 4
95 217 32 3
217 203 32 3
203 242 32 3
242 52 32 3
52 272 32 4
272 128 32 3
128 16 32 4
16 230 32 3
230 249 32 4
249 218 32 3
218 0 32 0
33 13
0 208 33 4
208 233 33 5
233 207 33 4
207 240 33 5
240 217 33 5
217 203 33 5
203 116 33 5
116 242 33 4
242 230 33 4
230 30 33 5
30 264 33 4
264 112 33 5
112 0 33 0
34 9
0 123 34 3
123 98 34 3
98 92 34 4
92 261 34 4
261 212 34 4
212 17 34 3
17 299 34 5
299 204 34 5
204 0 34 0
35 9
0 211 35 4
211 4 35 4
4 267 35 4
267 229 35 4
229 283 35 5
283 119 35 5
119 87 35 4
87 243 35 5
243 0 35 0
36 12
0 211 36 5
211 34 36 3
34 235 36 3
235 245 36 5
245 221 36 4
221 274 36 4
274 285 36 5
285 132 36 3
132 220 36 5
220 214 36 5
214 201 36 4
201 0 36 0
37 6
0 260 37 5
260 60 37 3
60 212 37 3
212 250 37 5
250 227 37 5
227 0 37 0
38 6
0 254 38 3
254 279 38 5
279 229 38 5
229 284 38 4
284 173 38 5
173 0 38 0
39 3
0 153 39 4
153 227 39 4
227 0 39 0
