# Solution for ../instances-HHCRSP/InstanzVNS_HCSRP_300_10.txt
# Cost = 1930.77 Dist = 5757.32 Tard = 26.6386 TMax = 8.35073
# <vehicle> <route length>
# <origin node> <dest node> <vehicle> <service type>
0 10
0 276 0 0
276 33 0 0
33 64 0 1
64 289 0 0
289 174 0 0
174 198 0 0
198 295 0 1
295 152 0 0
152 42 0 1
42 0 0 0
1 10
0 61 1 2
61 144 1 2
144 126 1 2
126 296 1 2
296 27 1 2
27 107 1 2
107 137 1 2
137 179 1 2
179 164 1 2
164 0 1 0
2 6
0 259 2 2
259 24 2 2
24 32 2 2
32 299 2 2
299 31 2 2
31 0 2 0
3 5
0 141 3 1
141 35 3 1
35 268 3 1
268 262 3 1
262 0 3 0
4 8
0 70 4 2
70 292 4 2
292 63 4 2
63 271 4 2
271 108 4 2
108 255 4 2
255 280 4 2
280 0 4 0
5 13
0 176 5 0
176 2 5 0
2 256 5 0
256 138 5 0
138 298 5 0
298 165 5 0
165 282 5 0
282 161 5 0
161 118 5 0
118 62 5 0
62 153 5 0
153 270 5 0
270 0 5 0
6 5
0 159 6 2
159 300 6 2
300 293 6 2
293 129 6 2
129 0 6 0
7 12
0 103 7 1
103 154 7 1
154 90 7 1
90 143 7 2
143 258 7 1
258 260 7 1
260 133 7 2
133 288 7 2
288 157 7 2
157 77 7 1
77 30 7 2
30 0 7 0
8 13
0 163 8 0
163 50 8 1
50 94 8 1
94 113 8 0
113 18 8 1
18 151 8 0
151 99 8 0
99 275 8 1
275 284 8 0
284 66 8 0
66 14 8 0
14 286 8 0
286 0 8 0
9 7
0 253 9 2
253 80 9 2
80 29 9 2
29 124 9 2
124 197 9 2
197 28 9 2
28 0 9 0
10 11
0 7 10 1
7 11 10 1
11 158 10 1
158 264 10 1
264 26 10 1
26 263 10 1
263 91 10 1
91 36 10 1
36 261 10 1
261 40 10 1
40 0 10 0
11 10
0 148 11 0
148 104 11 0
104 44 11 0
44 95 11 0
95 291 11 0
291 156 11 0
156 251 11 0
251 190 11 0
190 48 11 0
48 0 11 0
12 18
0 267 12 1
267 147 12 0
147 290 12 0
290 4 12 0
4 273 12 0
273 16 12 0
16 125 12 1
125 19 12 1
19 173 12 1
173 139 12 1
139 294 12 1
294 182 12 1
182 278 12 1
278 285 12 1
285 297 12 1
297 177 12 0
177 281 12 0
281 0 12 0
13 12
0 89 13 0
89 287 13 0
287 274 13 1
274 84 13 0
84 111 13 1
111 186 13 1
186 122 13 0
122 132 13 1
132 47 13 0
47 60 13 0
60 196 13 0
196 0 13 0
14 11
0 102 14 2
102 254 14 2
254 257 14 0
257 58 14 0
58 83 14 0
83 265 14 0
265 279 14 0
279 252 14 0
252 59 14 2
59 283 14 0
283 0 14 0
15 16
0 57 15 2
57 171 15 2
171 22 15 1
22 170 15 1
170 266 15 1
266 105 15 1
105 34 15 2
34 191 15 2
191 269 15 2
269 277 15 1
277 162 15 1
162 187 15 1
187 166 15 2
166 272 15 2
272 43 15 2
43 0 15 0
16 1
0 0 16 0
17 2
0 142 17 2
142 0 17 0
18 17
0 221 18 3
221 211 18 3
211 230 18 3
230 256 18 3
256 119 18 4
119 38 18 4
38 86 18 5
86 258 18 3
258 260 18 4
260 282 18 5
282 51 18 5
51 109 18 5
109 297 18 4
297 160 18 3
160 200 18 4
200 281 18 5
281 0 18 0
19 16
0 221 19 4
221 211 19 5
211 150 19 5
150 123 19 3
123 181 19 4
181 247 19 3
247 236 19 4
236 289 19 3
289 243 19 4
243 136 19 5
136 116 19 4
116 295 19 5
295 208 19 4
208 222 19 4
222 245 19 3
245 0 19 0
20 13
0 45 20 4
45 228 20 3
228 227 20 3
227 240 20 4
240 130 20 3
130 37 20 4
37 229 20 3
229 250 20 3
250 215 20 4
215 212 20 3
212 239 20 4
239 206 20 3
206 0 20 0
21 15
0 276 21 5
276 259 21 5
259 68 21 5
68 230 21 5
230 246 21 3
246 273 21 5
273 52 21 5
52 214 21 4
214 294 21 5
294 248 21 4
248 235 21 3
235 278 21 5
278 285 21 5
285 13 21 3
13 0 21 0
22 18
0 228 22 5
228 227 22 5
227 240 22 5
240 149 22 4
149 298 22 4
298 88 22 5
88 185 22 4
185 155 22 5
155 9 22 3
9 214 22 5
214 248 22 5
248 235 22 5
235 75 22 5
75 272 22 5
272 10 22 4
10 21 22 5
21 112 22 4
112 0 22 0
23 13
0 204 23 4
204 106 23 3
106 53 23 3
53 300 23 3
300 189 23 3
189 71 23 4
71 213 23 3
213 225 23 3
225 224 23 3
224 262 23 3
262 205 23 4
205 286 23 4
286 0 23 0
24 8
0 241 24 3
241 15 24 3
15 234 24 3
234 135 24 3
135 261 24 3
261 210 24 3
210 270 24 3
270 0 24 0
25 16
0 12 25 5
12 20 25 4
20 241 25 4
241 292 25 4
292 271 25 5
271 120 25 4
120 203 25 3
203 242 25 3
242 232 25 4
232 263 25 4
263 56 25 5
56 96 25 3
96 114 25 4
114 280 25 3
280 121 25 4
121 0 25 0
26 13
0 100 26 5
100 204 26 5
204 188 26 3
188 5 26 4
5 293 26 3
293 110 26 5
110 117 26 3
117 213 26 4
213 225 26 5
225 41 26 5
41 25 26 5
25 284 26 4
284 0 26 0
27 4
0 249 27 3
249 217 27 3
217 233 27 3
233 0 27 0
28 15
0 249 28 5
249 134 28 4
134 207 28 4
207 234 28 4
234 255 28 5
255 252 28 5
252 79 28 5
79 220 28 5
220 238 28 4
238 72 28 4
72 212 28 5
212 239 28 5
239 206 28 5
206 168 28 5
168 0 28 0
29 13
0 192 29 5
192 140 29 3
140 264 29 3
264 247 29 5
247 236 29 5
236 203 29 4
203 242 29 5
242 232 29 5
232 288 29 5
288 199 29 5
199 74 29 5
74 231 29 3
231 0 29 0
30 13
0 253 30 3
253 223 30 5
223 202 30 3
202 216 30 3
216 219 30 3
219 229 30 5
229 250 30 5
250 215 30 5
215 275 30 5
275 92 30 5
92 205 30 3
205 283 30 5
283 0 30 0
31 18
0 49 31 5
49 180 31 3
180 39 31 3
39 267 31 5
267 290 31 5
290 3 31 3
3 145 31 4
145 296 31 3
296 167 31 3
167 8 31 4
8 178 31 3
178 6 31 4
6 23 31 3
23 1 31 3
1 208 31 5
208 222 31 5
222 245 31 4
245 0 31 0
32 6
0 194 32 4
194 73 32 4
73 172 32 5
172 226 32 4
226 237 32 3
237 0 32 0
33 14
0 254 33 5
254 223 33 4
223 202 33 4
202 216 33 5
216 219 33 4
219 265 33 3
265 279 33 4
279 220 33 3
220 238 33 3
238 81 33 3
81 201 33 3
201 210 33 5
210 251 33 4
251 0 33 0
34 9
0 101 34 3
101 87 34 5
87 169 34 5
169 183 34 3
183 224 34 4
224 46 34 5
46 146 34 4
146 55 34 5
55 0 34 0
35 13
0 218 35 3
218 85 35 4
85 274 35 5
274 76 35 3
76 268 35 3
268 65 35 4
65 128 35 4
128 97 35 3
97 217 35 4
217 17 35 4
17 209 35 4
209 244 35 4
244 0 35 0
36 4
0 218 36 4
218 226 36 5
226 237 36 5
237 0 36 0
37 17
0 115 37 3
115 78 37 3
78 175 37 5
175 246 37 5
246 266 37 5
266 93 37 3
93 131 37 4
131 243 37 5
243 269 37 4
269 193 37 3
193 277 37 4
277 69 37 5
69 184 37 5
184 201 37 4
201 67 37 4
67 231 37 4
231 0 37 0
38 12
0 257 38 3
257 287 38 5
287 195 38 3
195 207 38 3
207 127 38 5
127 299 38 4
299 98 38 4
98 82 38 4
82 233 38 5
233 291 38 4
291 54 38 5
54 0 38 0
39 3
0 209 39 5
209 244 39 5
244 0 39 0
