# Solution for ../instances-HHCRSP/InstanzVNS_HCSRP_200_10.txt
# Cost = 1428.64 Dist = 4211.52 Tard = 57.5693 TMax = 16.8217
# <vehicle> <route length>
# <origin node> <dest node> <vehicle> <service type>
0 13
0 192 0 0
192 4 0 0
4 33 0 0
33 181 0 0
181 138 0 0
138 185 0 0
185 118 0 0
118 16 0 0
16 193 0 0
193 178 0 0
178 62 0 0
62 177 0 0
177 0 0 0
1 16
0 63 1 2
63 7 1 1
7 34 1 2
34 64 1 1
64 61 1 2
61 174 1 2
174 126 1 2
126 105 1 1
105 27 1 2
27 191 1 2
191 187 1 2
187 199 1 1
199 77 1 1
77 43 1 2
43 42 1 1
42 0 1 0
2 10
0 180 2 1
180 11 2 1
11 175 2 1
175 125 2 1
125 198 2 1
198 90 2 1
90 173 2 1
173 19 2 1
19 132 2 1
132 0 2 0
3 8
0 50 3 1
50 103 3 1
103 22 3 1
22 26 3 1
26 139 3 1
139 91 3 1
91 36 3 1
36 0 3 0
4 7
0 189 4 1
189 94 4 1
94 35 4 1
35 111 4 1
111 18 4 1
18 172 4 1
172 0 4 0
5 19
0 104 5 0
104 2 5 0
2 188 5 0
188 89 5 0
89 183 5 0
183 58 5 0
58 195 5 0
195 83 5 0
83 24 5 2
24 44 5 0
44 95 5 0
95 179 5 0
179 186 5 0
186 31 5 2
31 60 5 0
60 99 5 0
99 196 5 0
196 48 5 0
48 0 5 0
6 13
0 176 6 2
176 70 6 2
70 57 6 2
57 171 6 2
171 108 6 2
108 137 6 2
137 133 6 2
133 182 6 2
182 107 6 2
107 184 6 2
184 30 6 2
30 59 6 2
59 0 6 0
7 4
0 80 7 2
80 129 7 2
129 102 7 2
102 0 7 0
8 15
0 194 8 0
194 197 8 0
197 124 8 2
124 113 8 0
113 29 8 2
29 84 8 0
84 32 8 2
32 40 8 1
40 47 8 0
47 190 8 2
190 122 8 0
122 14 8 0
14 66 8 0
66 28 8 2
28 0 8 0
9 2
0 200 9 2
200 0 9 0
10 15
0 192 10 5
192 180 10 3
180 171 10 3
171 185 10 3
185 93 10 3
93 155 10 3
155 157 10 3
157 9 10 3
9 131 10 4
131 109 10 5
109 153 10 3
153 114 10 4
114 121 10 4
121 72 10 4
72 0 10 0
11 10
0 106 11 3
106 101 11 3
101 53 11 3
53 141 11 4
141 183 11 4
183 41 11 5
41 117 11 3
117 55 11 5
55 46 11 5
46 0 11 0
12 11
0 127 12 5
127 154 12 5
154 143 12 3
143 165 12 5
165 96 12 3
96 81 12 3
81 179 12 3
179 156 12 3
156 186 12 3
186 54 12 5
54 0 12 0
13 10
0 149 13 3
149 170 13 3
170 39 13 3
39 150 13 3
150 140 13 3
140 145 13 4
145 8 13 4
8 69 13 5
69 74 13 5
74 0 13 0
14 14
0 149 14 5
149 170 14 5
170 150 14 5
150 181 14 4
181 6 14 4
6 136 14 5
136 145 14 5
145 116 14 4
116 23 14 3
23 112 14 4
112 1 14 3
1 10 14 4
10 166 14 3
166 0 14 0
15 11
0 176 15 4
176 115 15 3
115 154 15 3
154 143 15 4
143 165 15 3
165 38 15 4
38 198 15 3
198 182 15 3
182 161 15 3
161 164 15 3
164 0 15 0
16 7
0 159 16 4
159 194 16 5
194 197 16 5
197 146 16 3
146 25 16 5
25 172 16 4
172 0 16 0
17 9
0 148 17 3
148 163 17 4
163 97 17 3
97 17 17 4
17 76 17 3
76 151 17 4
151 82 17 4
82 190 17 3
190 0 17 0
18 5
0 20 18 4
20 135 18 3
135 156 18 4
156 98 18 4
98 0 18 0
19 8
0 159 19 5
159 188 19 3
188 141 19 5
141 195 19 5
195 151 19 5
151 128 19 4
128 92 19 5
92 0 19 0
20 6
0 148 20 5
148 163 20 5
163 100 20 5
100 73 20 4
73 146 20 5
146 0 20 0
21 15
0 45 21 4
45 78 21 3
78 144 21 3
144 123 21 3
123 158 21 3
158 147 21 3
147 174 21 4
174 88 21 5
88 52 21 5
52 119 21 4
119 120 21 4
120 161 21 4
161 164 21 4
164 79 21 5
79 0 21 0
22 4
0 189 22 3
189 169 22 3
169 87 22 5
87 0 22 0
23 16
0 49 23 5
49 144 23 5
144 158 23 5
158 147 23 4
147 3 23 3
3 167 23 4
167 193 23 3
193 162 23 3
162 152 23 3
152 21 23 5
21 75 23 5
75 199 23 4
199 13 23 3
13 177 23 5
177 160 23 3
160 0 23 0
24 14
0 5 24 4
5 12 24 5
12 86 24 5
86 175 24 4
175 155 24 5
155 157 24 4
157 167 24 5
167 191 24 4
191 178 24 4
178 162 24 4
162 152 24 4
152 187 24 4
187 166 24 4
166 0 24 0
25 14
0 85 25 4
85 134 25 4
134 15 25 3
15 37 25 4
37 130 25 3
130 68 25 5
68 56 25 5
56 173 25 3
173 51 25 5
51 153 25 5
153 67 25 4
67 184 25 4
184 160 25 4
160 0 25 0
26 4
0 169 26 5
169 110 26 5
110 200 26 5
200 0 26 0
27 3
0 142 27 5
142 196 27 3
196 0 27 0
28 4
0 71 28 4
71 142 28 4
142 168 28 4
168 0 28 0
29 3
0 65 29 4
65 168 29 5
168 0 29 0
