# Solution for ../instances-HHCRSP/InstanzVNS_HCSRP_100_8.txt
# Cost = 761.465 Dist = 2267.47 Tard = 10.6628 TMax = 6.25941
# <vehicle> <route length>
# <origin node> <dest node> <vehicle> <service type>
0 10
0 42 0 0
42 65 0 0
65 45 0 2
45 55 0 0
55 97 0 0
97 13 0 2
13 89 0 0
89 51 0 0
51 46 0 2
46 0 0 0
1 17
0 57 1 1
57 86 1 2
86 92 1 1
92 21 1 0
21 17 1 0
17 23 1 2
23 94 1 0
94 54 1 1
54 56 1 2
56 66 1 1
66 58 1 2
58 32 1 1
32 4 1 1
4 98 1 2
98 99 1 0
99 88 1 1
88 0 1 0
2 7
0 10 2 0
10 40 2 0
40 95 2 0
95 62 2 0
62 16 2 0
16 5 2 0
5 0 2 0
3 9
0 22 3 1
22 33 3 1
33 53 3 1
53 44 3 1
44 100 3 1
100 48 3 1
48 27 3 1
27 18 3 1
18 0 3 0
4 6
0 91 4 2
91 68 4 2
68 12 4 2
12 6 4 2
6 90 4 2
90 0 4 0
5 4
0 87 5 2
87 60 5 2
60 93 5 2
93 0 5 0
6 4
0 11 6 0
11 36 6 1
36 96 6 1
96 0 6 0
7 9
0 25 7 5
25 64 7 3
64 97 7 4
97 34 7 5
34 47 7 4
47 39 7 4
39 99 7 3
99 88 7 3
88 0 7 0
8 9
0 61 8 4
61 1 8 4
1 82 8 3
82 75 8 3
75 83 8 3
83 24 8 4
24 95 8 5
95 79 8 3
79 0 8 0
9 6
0 86 9 5
86 92 9 5
92 78 9 5
78 63 9 5
63 19 9 3
19 0 9 0
10 7
0 43 10 4
43 81 10 3
81 3 10 4
3 69 10 3
69 72 10 3
72 73 10 3
73 0 10 0
11 3
0 87 11 4
87 77 11 4
77 0 11 0
12 8
0 91 12 5
91 94 12 3
94 78 12 4
78 15 12 4
15 52 12 4
52 2 12 4
2 67 12 5
67 0 12 0
13 8
0 84 13 3
84 74 13 3
74 59 13 3
59 77 13 3
77 41 13 5
41 96 13 3
96 79 13 4
79 0 13 0
14 2
0 38 14 4
38 0 14 0
15 4
0 84 15 5
84 74 15 5
74 85 15 5
85 0 15 0
16 12
0 49 16 5
49 7 16 3
7 8 16 5
8 82 16 5
82 75 16 4
75 83 16 4
83 89 16 4
89 100 16 3
100 35 16 4
35 72 16 4
72 73 16 5
73 0 16 0
17 10
0 50 17 4
50 26 17 3
26 14 17 5
14 20 17 3
20 90 17 3
90 30 17 5
30 29 17 3
29 9 17 5
9 85 17 4
85 0 17 0
18 7
0 70 18 5
70 76 18 4
76 98 18 4
98 80 18 4
80 71 18 4
71 28 18 3
28 0 18 0
19 8
0 81 19 5
81 37 19 5
37 31 19 5
31 76 19 3
76 80 19 5
80 71 19 3
71 93 19 5
93 0 19 0
