# Solution for ../instances-HHCRSP/InstanzVNS_HCSRP_200_7.txt
# Cost = 1164.51 Dist = 3491.62 Tard = 0.95406 TMax = 0.95406
# <vehicle> <route length>
# <origin node> <dest node> <vehicle> <service type>
0 12
0 2 0 2
2 11 0 0
11 189 0 2
189 172 0 0
172 42 0 2
42 51 0 0
51 194 0 2
194 40 0 2
40 115 0 2
115 26 0 2
26 134 0 2
134 0 0 0
1 14
0 64 1 1
64 105 1 1
105 193 1 0
193 38 1 0
38 79 1 1
79 77 1 0
77 14 1 1
14 197 1 0
197 186 1 0
186 63 1 0
63 179 1 0
179 173 1 1
173 13 1 0
13 0 1 0
2 12
0 72 2 0
72 192 2 0
192 50 2 0
50 10 2 0
10 176 2 2
176 102 2 0
102 59 2 0
59 36 2 2
36 39 2 0
39 175 2 0
175 12 2 0
12 0 2 0
3 1
0 0 3 0
4 12
0 183 4 1
183 188 4 2
188 191 4 2
191 195 4 1
195 67 4 2
67 180 4 2
180 181 4 2
181 184 4 2
184 33 4 1
33 190 4 2
190 199 4 1
199 0 4 0
5 13
0 124 5 1
124 113 5 1
113 99 5 1
99 198 5 1
198 93 5 1
93 25 5 2
25 136 5 2
136 86 5 2
86 15 5 1
15 106 5 1
106 22 5 2
22 54 5 2
54 0 5 0
6 6
0 82 6 0
82 200 6 0
200 53 6 0
53 171 6 0
171 29 6 0
29 0 6 0
7 16
0 178 7 1
178 75 7 2
75 24 7 1
24 65 7 2
65 108 7 0
108 196 7 2
196 68 7 1
68 78 7 1
78 80 7 2
80 85 7 1
85 174 7 0
174 182 7 0
182 46 7 1
46 177 7 1
177 57 7 0
57 0 7 0
8 9
0 18 8 0
18 100 8 1
100 97 8 0
97 45 8 1
45 129 8 1
129 185 8 0
185 127 8 0
127 9 8 0
9 0 8 0
9 9
0 114 9 0
114 131 9 2
131 101 9 0
101 90 9 2
90 140 9 0
140 187 9 2
187 130 9 2
130 76 9 0
76 0 9 0
10 13
0 168 10 3
168 183 10 3
183 188 10 4
188 192 10 3
192 49 10 4
49 4 10 4
4 104 10 4
104 158 10 3
158 197 10 4
197 112 10 5
112 186 10 3
186 152 10 3
152 0 10 0
11 14
0 168 11 5
168 3 11 3
3 178 11 5
178 143 11 3
143 145 11 3
145 88 11 3
88 128 11 3
128 125 11 5
125 94 11 3
94 149 11 5
149 155 11 3
155 182 11 5
182 177 11 3
177 0 11 0
12 10
0 157 12 3
157 20 12 3
20 34 12 3
34 98 12 3
98 60 12 3
60 144 12 3
144 156 12 3
156 153 12 3
153 103 12 3
103 0 12 0
13 14
0 157 13 4
157 23 13 3
23 73 13 3
73 141 13 4
141 121 13 3
121 162 13 3
162 164 13 4
164 6 13 4
6 37 13 4
37 175 13 3
175 110 13 3
110 44 13 3
44 163 13 3
163 0 13 0
14 14
0 165 14 3
165 139 14 5
139 170 14 4
170 191 14 5
191 162 14 5
162 195 14 3
195 142 14 3
142 83 14 3
83 138 14 4
138 161 14 3
161 66 14 3
66 169 14 3
169 184 14 3
184 0 14 0
15 16
0 165 15 4
165 170 15 5
170 89 15 5
89 176 15 3
176 146 15 3
146 19 15 3
19 159 15 4
159 27 15 3
27 84 15 4
84 17 15 3
17 144 15 4
144 156 15 5
156 153 15 4
153 48 15 3
48 152 15 5
152 0 15 0
16 9
0 189 16 4
189 143 16 4
143 145 16 5
145 41 16 5
41 196 16 4
196 109 16 4
109 158 16 4
158 8 16 5
8 0 16 0
17 15
0 137 17 4
137 160 17 3
160 58 17 3
58 198 17 3
198 200 17 5
200 5 17 4
5 135 17 5
135 43 17 3
43 180 17 3
180 185 17 4
185 132 17 3
132 28 17 4
28 181 17 4
181 169 17 4
169 0 17 0
18 7
0 160 18 4
160 141 18 5
141 164 18 5
164 142 18 4
142 161 18 4
161 163 18 5
163 0 18 0
19 19
0 150 19 4
150 21 19 4
21 172 19 3
172 1 19 4
1 193 19 3
193 32 19 3
32 62 19 3
62 194 19 4
194 166 19 3
166 147 19 4
147 148 19 3
148 52 19 3
52 91 19 4
91 149 19 4
149 155 19 4
155 174 19 4
174 71 19 4
71 7 19 4
7 0 19 0
20 15
0 150 20 5
150 95 20 4
95 116 20 5
116 31 20 3
31 166 20 4
166 147 20 5
147 148 20 5
148 126 20 3
126 55 20 4
55 96 20 5
96 117 20 5
117 111 20 4
111 16 20 4
16 107 20 5
107 0 20 0
21 12
0 81 21 4
81 56 21 4
56 69 21 5
69 119 21 5
119 118 21 4
118 120 21 3
120 70 21 5
70 30 21 5
30 87 21 4
87 61 21 4
61 179 21 5
179 0 21 0
22 5
0 133 22 3
133 35 22 3
35 167 22 3
167 122 22 3
122 0 22 0
23 7
0 123 23 3
123 146 23 5
146 159 23 5
159 74 23 4
74 187 23 5
187 173 23 3
173 0 23 0
24 6
0 92 24 4
92 154 24 3
154 171 24 3
171 151 24 3
151 190 24 4
190 0 24 0
25 4
0 154 25 5
154 151 25 5
151 47 25 4
47 0 25 0
26 2
0 167 26 4
167 0 26 0
27 2
0 199 27 4
199 0 27 0
28 1
0 0 28 0
29 1
0 0 29 0
