# Solution for ../instances-HHCRSP/InstanzCPLEX_HCSRP_75_1.txt
# Cost = 1233.01 Dist = 2383.04 Tard = 1065.34 TMax = 250.652
# <vehicle> <route length>
# <origin node> <dest node> <vehicle> <service type>
0 15
0 33 0 0
33 47 0 0
47 19 0 0
19 73 0 0
73 18 0 0
18 67 0 0
67 38 0 0
38 74 0 0
74 46 0 0
46 72 0 0
72 64 0 0
64 15 0 0
15 48 0 0
48 75 0 0
75 0 0 0
1 3
0 22 1 2
22 40 1 2
40 0 1 0
2 12
0 31 2 1
31 42 2 2
42 43 2 1
43 12 2 1
12 5 2 2
5 68 2 2
68 41 2 1
41 66 2 1
66 25 2 2
25 7 2 2
7 21 2 2
21 0 2 0
3 3
0 70 3 1
70 13 3 1
13 0 3 0
4 8
0 17 4 2
17 65 4 2
65 3 4 1
3 71 4 2
71 69 4 2
69 11 4 1
11 30 4 2
30 0 4 0
5 10
0 14 5 3
14 54 5 3
54 24 5 5
24 62 5 3
62 60 5 3
60 63 5 3
63 71 5 3
71 36 5 3
36 53 5 3
53 0 5 0
6 11
0 52 6 3
52 8 6 4
8 9 6 4
9 51 6 4
51 74 6 3
74 4 6 3
4 57 6 3
57 72 6 4
72 55 6 4
55 58 6 3
58 0 6 0
7 8
0 54 7 4
54 6 7 4
6 37 7 3
37 63 7 5
63 69 7 5
69 29 7 3
29 75 7 3
75 0 7 0
8 5
0 70 8 4
70 61 8 3
61 67 8 3
67 32 8 4
32 0 8 0
9 9
0 50 9 5
50 56 9 3
56 49 9 4
49 65 9 5
65 27 9 4
27 1 9 3
1 59 9 4
59 28 9 5
28 0 9 0
10 2
0 73 10 4
73 0 10 0
11 10
0 56 11 4
56 2 11 4
2 26 11 5
26 68 11 4
68 44 11 3
44 66 11 3
66 57 11 4
57 55 11 5
55 58 11 4
58 0 11 0
12 9
0 20 12 5
20 45 12 3
45 23 12 4
23 62 12 5
62 60 12 4
60 39 12 3
39 16 12 4
16 53 12 5
53 0 12 0
13 2
0 61 13 5
61 0 13 0
14 6
0 10 14 4
10 34 14 4
34 35 14 5
35 59 14 5
59 64 14 5
64 0 14 0
