# Solution for ../instances-HHCRSP/InstanzVNS_HCSRP_100_2.txt
# Cost = 866.554 Dist = 2593.66 Tard = 3.86219 TMax = 2.14214
# <vehicle> <route length>
# <origin node> <dest node> <vehicle> <service type>
0 5
0 14 0 0
14 67 0 0
67 57 0 0
57 6 0 0
6 0 0 0
1 9
0 89 1 1
89 93 1 2
93 40 1 2
40 36 1 2
36 98 1 1
98 99 1 1
99 95 1 1
95 100 1 1
100 0 1 0
2 15
0 46 2 0
46 54 2 1
54 91 2 0
91 94 2 2
94 61 2 2
61 19 2 2
19 41 2 2
41 45 2 0
45 34 2 2
34 31 2 1
31 15 2 2
15 97 2 2
97 42 2 1
42 32 2 0
32 0 2 0
3 8
0 96 3 1
96 9 3 1
9 17 3 1
17 44 3 1
44 33 3 1
33 4 3 1
4 56 3 1
56 0 3 0
4 5
0 59 4 2
59 43 4 2
43 3 4 2
3 16 4 2
16 0 4 0
5 10
0 11 5 2
11 26 5 0
26 66 5 2
66 2 5 0
2 88 5 2
88 65 5 2
65 10 5 0
10 12 5 2
12 21 5 0
21 0 5 0
6 8
0 39 6 1
39 92 6 1
92 38 6 1
38 90 6 1
90 86 6 0
86 87 6 1
87 7 6 0
7 0 6 0
7 18
0 53 7 4
53 1 7 4
1 28 7 5
28 81 7 3
81 48 7 3
48 73 7 3
73 49 7 4
49 68 7 4
68 27 7 4
27 84 7 4
84 78 7 4
78 5 7 3
5 18 7 3
18 35 7 4
35 74 7 4
74 55 7 5
55 79 7 3
79 0 7 0
8 10
0 89 8 5
89 93 8 4
93 50 8 5
50 63 8 4
63 90 8 3
90 86 8 3
86 87 8 4
87 64 8 3
64 20 8 5
20 0 8 0
9 11
0 81 9 5
81 73 9 5
73 29 9 3
29 25 9 4
25 22 9 3
22 76 9 3
76 85 9 3
85 95 9 4
95 70 9 5
70 24 9 4
24 0 9 0
10 12
0 71 10 4
71 77 10 4
77 8 10 3
8 13 10 4
13 72 10 4
72 80 10 4
80 75 10 4
75 58 10 4
58 47 10 4
47 97 10 4
97 79 10 4
79 0 10 0
11 12
0 71 11 5
71 77 11 3
77 91 11 3
91 94 11 3
94 72 11 3
72 80 11 3
80 75 11 3
75 84 11 5
84 78 11 3
78 88 11 5
88 74 11 3
74 0 11 0
12 6
0 96 12 5
96 92 12 4
92 30 12 4
30 52 12 4
52 82 12 4
82 0 12 0
13 2
0 69 13 4
69 0 13 0
14 3
0 60 14 5
60 100 14 4
100 0 14 0
15 11
0 83 15 4
83 51 15 5
51 62 15 4
62 98 15 3
98 23 15 5
23 99 15 4
99 76 15 4
76 85 15 5
85 37 15 3
37 82 15 3
82 0 15 0
16 1
0 0 16 0
17 2
0 83 17 5
83 0 17 0
18 1
0 0 18 0
19 1
0 0 19 0
