# Solution for ../instances-HHCRSP/InstanzVNS_HCSRP_100_5.txt
# Cost = 806.919 Dist = 2416.82 Tard = 2.75818 TMax = 1.17453
# <vehicle> <route length>
# <origin node> <dest node> <vehicle> <service type>
0 19
0 93 0 0
93 14 0 0
14 99 0 0
99 46 0 2
46 17 0 0
17 9 0 2
9 87 0 0
87 91 0 0
91 31 0 1
31 39 0 1
39 100 0 2
100 27 0 2
27 25 0 1
25 33 0 1
33 5 0 0
5 97 0 0
97 92 0 1
92 4 0 2
4 0 0 0
1 9
0 15 1 2
15 3 1 2
3 36 1 2
36 64 1 2
64 94 1 2
94 69 1 2
69 89 1 2
89 24 1 2
24 0 1 0
2 1
0 0 2 0
3 10
0 21 3 0
21 23 3 0
23 34 3 1
34 18 3 1
18 51 3 1
51 86 3 0
86 88 3 0
88 35 3 1
35 95 3 1
95 0 3 0
4 5
0 98 4 1
98 40 4 1
40 96 4 1
96 13 4 1
13 0 4 0
5 8
0 70 5 0
70 56 5 0
56 41 5 0
41 43 5 0
43 32 5 2
32 90 5 0
90 30 5 2
30 0 5 0
6 1
0 0 6 0
7 11
0 6 7 5
6 59 7 3
59 77 7 3
77 80 7 5
80 78 7 5
78 67 7 3
67 72 7 3
72 10 7 3
10 100 7 5
100 92 7 5
92 0 7 0
8 16
0 77 8 5
77 93 8 4
93 80 8 4
80 99 8 4
99 11 8 5
11 72 8 5
72 2 8 4
2 91 8 5
91 68 8 5
68 48 8 4
48 83 8 4
83 85 8 5
85 1 8 5
1 65 8 4
65 75 8 4
75 0 8 0
9 9
0 54 9 5
54 42 9 5
42 78 9 4
78 53 9 4
53 87 9 4
87 83 9 5
83 61 9 5
61 7 9 4
7 0 9 0
10 13
0 49 10 5
49 28 10 3
28 16 10 4
16 60 10 5
60 29 10 3
29 22 10 5
22 63 10 3
63 66 10 3
66 47 10 4
47 26 10 4
26 89 10 5
89 97 10 5
97 0 10 0
11 9
0 38 11 3
38 45 11 3
45 52 11 5
52 85 11 3
85 62 11 3
62 86 11 4
86 88 11 3
88 82 11 4
82 0 11 0
12 5
0 84 12 3
84 79 12 3
79 96 12 5
96 44 12 3
44 0 12 0
13 4
0 84 13 4
84 79 13 4
79 75 13 3
75 0 13 0
14 7
0 98 14 4
98 71 14 4
71 55 14 5
55 74 14 4
74 76 14 4
76 95 14 4
95 0 14 0
15 5
0 50 15 3
50 71 15 3
71 74 15 3
74 12 15 3
12 0 15 0
16 3
0 58 16 4
58 73 16 3
73 0 16 0
17 9
0 81 17 4
81 20 17 3
20 8 17 5
8 19 17 5
19 76 17 3
76 94 17 3
94 37 17 4
37 82 17 5
82 0 17 0
18 4
0 81 18 5
81 90 18 5
90 57 18 5
57 0 18 0
19 2
0 73 19 4
73 0 19 0
