# Solution for ../instances-HHCRSP/InstanzVNS_HCSRP_100_1.txt
# Cost = 1362.42 Dist = 2827.38 Tard = 1036 TMax = 223.883
# <vehicle> <route length>
# <origin node> <dest node> <vehicle> <service type>
0 17
0 47 0 0
47 33 0 0
33 86 0 0
86 94 0 0
94 15 0 0
15 48 0 0
48 100 0 0
100 90 0 0
90 66 0 0
66 61 0 0
61 18 0 0
18 38 0 0
38 92 0 0
92 19 0 0
19 46 0 0
46 55 0 0
55 0 0 0
1 11
0 42 1 2
42 31 1 1
31 43 1 1
43 17 1 2
17 56 1 1
56 41 1 1
41 3 1 1
3 93 1 1
93 96 1 1
96 59 1 2
59 0 1 0
2 10
0 12 2 1
12 91 2 2
91 62 2 1
62 60 2 2
60 97 2 1
97 30 2 2
30 99 2 2
99 11 2 1
11 53 2 2
53 0 2 0
3 9
0 95 3 2
95 98 3 2
98 70 3 2
70 22 3 2
22 5 3 2
5 57 3 2
57 25 3 2
25 7 3 2
7 0 3 0
4 4
0 88 4 2
88 21 4 2
21 40 4 2
40 0 4 0
5 3
0 13 5 1
13 58 5 1
58 0 5 0
6 4
0 87 6 2
87 67 6 2
67 89 6 2
89 0 6 0
7 10
0 8 7 4
8 83 7 4
83 52 7 3
52 85 7 3
85 26 7 5
26 73 7 5
73 82 7 3
82 84 7 4
84 92 7 4
92 0 7 0
8 10
0 86 8 4
86 49 8 4
49 6 8 4
6 94 8 4
94 16 8 4
16 79 8 4
79 97 8 4
97 71 8 4
71 69 8 5
69 0 8 0
9 10
0 83 9 5
83 95 9 4
95 98 9 4
98 82 9 4
82 84 9 5
84 74 9 5
74 89 9 4
89 75 9 5
75 51 9 4
51 0 9 0
10 5
0 34 10 4
34 78 10 3
78 90 10 4
90 44 10 3
44 0 10 0
11 9
0 78 11 5
78 88 11 3
88 68 11 4
68 2 11 4
2 35 11 5
35 1 11 3
1 80 11 3
80 72 11 5
72 0 11 0
12 12
0 50 12 5
50 14 12 3
14 91 12 3
91 65 12 4
65 37 12 3
37 100 12 3
100 77 12 5
77 76 12 3
76 93 12 5
93 96 12 4
96 28 12 5
28 0 12 0
13 10
0 10 13 4
10 27 13 4
27 23 13 4
23 63 13 4
63 77 13 4
77 76 13 4
76 64 13 3
64 80 13 4
80 72 13 3
72 0 13 0
14 12
0 81 14 3
81 20 14 5
20 24 14 5
24 54 14 3
54 45 14 3
45 79 14 3
79 39 14 3
39 71 14 3
71 36 14 3
36 99 14 5
99 29 14 3
29 0 14 0
15 3
0 9 15 4
9 87 15 5
87 0 15 0
16 1
0 0 16 0
17 1
0 0 17 0
18 8
0 81 18 4
81 85 18 4
85 73 18 3
73 4 18 3
4 74 18 3
74 32 18 4
32 75 18 3
75 0 18 0
19 1
0 0 19 0
