# Solution for ../instances-HHCRSP/InstanzVNS_HCSRP_200_2.txt
# Cost = 1422.51 Dist = 4248.05 Tard = 10.6742 TMax = 8.82135
# <vehicle> <route length>
# <origin node> <dest node> <vehicle> <service type>
0 16
0 71 0 1
71 14 0 0
14 132 0 1
132 182 0 0
182 91 0 0
91 181 0 1
181 171 0 1
171 45 0 0
45 2 0 0
2 138 0 1
138 129 0 1
129 140 0 1
140 21 0 0
21 4 0 1
4 33 0 1
33 0 0 0
1 12
0 61 1 2
61 11 1 2
11 174 1 2
174 136 1 2
136 66 1 2
66 34 1 2
34 187 1 2
187 15 1 2
15 176 1 2
176 65 1 2
65 179 1 2
179 0 1 0
2 11
0 189 2 2
189 121 2 2
121 199 2 0
199 83 2 0
83 115 2 0
115 175 2 2
175 3 2 2
3 100 2 2
100 90 2 2
90 16 2 2
16 0 2 0
3 13
0 186 3 1
186 72 3 2
72 54 3 1
54 183 3 1
183 103 3 2
103 80 3 1
80 41 3 2
41 19 3 2
19 180 3 2
180 113 3 1
113 12 3 2
12 184 3 2
184 0 3 0
4 3
0 43 4 2
43 59 4 2
59 0 4 0
5 9
0 190 5 0
190 9 5 1
9 117 5 1
117 191 5 0
191 6 5 0
6 57 5 0
57 128 5 1
128 7 5 0
7 0 5 0
6 15
0 198 6 0
198 108 6 1
108 173 6 1
173 172 6 1
172 26 6 0
26 196 6 0
196 133 6 1
133 188 6 1
188 105 6 0
105 114 6 0
114 31 6 1
31 10 6 0
10 106 6 0
106 56 6 1
56 0 6 0
7 1
0 0 7 0
8 10
0 177 8 1
177 96 8 1
96 46 8 0
46 123 8 1
123 116 8 0
116 38 8 1
38 92 8 1
92 192 8 0
192 185 8 1
185 0 8 0
9 19
0 200 9 1
200 39 9 1
39 120 9 1
120 17 9 1
17 40 9 2
40 193 9 2
193 131 9 1
131 67 9 0
67 44 9 1
44 36 9 2
36 194 9 1
194 197 9 0
197 195 9 1
195 178 9 2
178 97 9 2
97 42 9 1
42 32 9 0
32 82 9 1
82 0 9 0
10 11
0 53 10 4
53 1 10 4
1 28 10 5
28 118 10 4
118 99 10 4
99 191 10 5
191 23 10 5
23 85 10 4
85 47 10 4
47 24 10 4
24 0 10 0
11 19
0 154 11 3
154 161 11 3
161 168 11 3
168 94 11 5
94 182 11 3
182 151 11 3
151 49 11 4
49 170 11 4
170 196 11 4
196 27 11 4
27 124 11 4
124 84 11 4
84 68 11 4
68 18 11 3
18 153 11 4
153 78 11 3
78 187 11 3
187 165 11 3
165 0 11 0
12 18
0 154 12 5
154 161 12 4
161 168 12 4
168 48 12 3
48 13 12 4
13 122 12 3
122 81 12 3
81 135 12 5
135 25 12 4
25 58 12 4
58 159 12 3
159 150 12 3
150 130 12 3
130 148 12 3
148 76 12 3
76 139 12 3
139 184 12 4
184 0 12 0
13 15
0 89 13 5
89 189 13 3
189 50 13 5
50 199 13 5
199 141 13 5
141 163 13 3
163 152 13 5
152 164 13 3
164 102 13 3
102 64 13 3
64 143 13 3
143 142 13 3
142 166 13 5
166 185 13 5
185 0 13 0
14 9
0 186 14 3
186 22 14 3
22 101 14 3
101 183 14 4
183 125 14 4
125 180 14 4
180 148 14 5
148 165 14 4
165 0 14 0
15 8
0 146 15 4
146 162 15 4
162 107 15 4
107 193 15 4
193 197 15 4
197 195 15 4
195 178 15 4
178 0 15 0
16 7
0 127 16 5
127 190 16 3
190 141 16 4
141 157 16 4
157 86 16 3
86 169 16 4
169 0 16 0
17 11
0 8 17 3
8 181 17 4
181 75 17 5
75 171 17 5
171 158 17 4
158 109 17 5
109 134 17 4
134 153 17 5
153 35 17 4
35 149 17 4
149 0 17 0
18 2
0 63 18 4
63 0 18 0
19 15
0 198 19 3
198 146 19 5
146 174 19 5
174 147 19 3
147 145 19 4
145 73 19 3
73 144 19 4
144 156 19 3
156 88 19 3
88 167 19 4
167 160 19 3
160 155 19 3
155 176 19 3
176 149 19 5
149 0 19 0
20 12
0 173 20 3
173 147 20 5
147 145 20 5
145 144 20 5
144 156 20 5
156 188 20 4
188 167 20 5
167 160 20 5
160 155 20 4
155 74 20 4
74 179 20 3
179 0 20 0
21 13
0 177 21 5
177 162 21 5
162 62 21 4
62 110 21 5
110 163 21 4
163 152 21 4
152 164 21 5
164 52 21 4
52 143 21 5
143 142 21 4
142 166 21 4
166 87 21 4
87 0 21 0
22 14
0 104 22 3
104 77 22 4
77 172 22 5
172 151 22 4
151 170 22 5
170 5 22 3
5 158 22 5
158 29 22 3
29 159 22 4
159 150 22 5
150 111 22 4
111 55 22 5
55 79 22 3
79 0 22 0
23 10
0 137 23 3
137 93 23 3
93 157 23 5
157 175 23 3
175 112 23 5
112 194 23 3
194 37 23 3
37 95 23 3
95 169 23 3
169 0 23 0
24 6
0 200 24 3
200 60 24 5
60 69 24 4
69 20 24 5
20 192 24 3
192 0 24 0
25 7
0 126 25 5
126 30 25 4
30 51 25 5
51 98 25 4
98 119 25 5
119 70 25 5
70 0 25 0
26 1
0 0 26 0
27 1
0 0 27 0
28 1
0 0 28 0
29 1
0 0 29 0
