# Solution for ../instances-HHCRSP/InstanzVNS_HCSRP_300_7.txt
# Cost = 1687.86 Dist = 5057.78 Tard = 3.80737 TMax = 1.98461
# <vehicle> <route length>
# <origin node> <dest node> <vehicle> <service type>
0 10
0 143 0 0
143 11 0 0
11 275 0 0
275 51 0 0
51 108 0 0
108 14 0 1
14 296 0 1
296 295 0 0
295 57 0 0
57 0 0 0
1 17
0 265 1 2
265 136 1 2
136 191 1 2
191 25 1 2
25 293 1 0
293 59 1 0
59 286 1 0
286 67 1 2
67 127 1 0
127 285 1 2
285 274 1 0
274 291 1 0
291 269 1 2
269 161 1 0
161 169 1 2
169 9 1 0
9 0 1 0
2 21
0 282 2 1
282 65 2 2
65 24 2 1
24 145 2 1
145 189 2 0
189 196 2 1
196 289 2 2
289 280 2 1
280 77 2 0
77 273 2 2
273 256 2 2
256 148 2 0
148 147 2 0
147 68 2 1
68 79 2 1
79 155 2 1
155 26 2 2
26 253 2 0
253 251 2 2
251 294 2 2
294 0 2 0
3 3
0 254 3 2
254 279 3 2
279 0 3 0
4 6
0 113 4 1
113 100 4 1
100 129 4 1
129 45 4 1
45 164 4 1
164 0 4 0
5 16
0 252 5 2
252 42 5 2
42 2 5 2
2 262 5 1
262 105 5 1
105 193 5 2
193 40 5 2
40 297 5 1
297 281 5 2
281 80 5 2
80 255 5 1
255 115 5 2
115 85 5 1
85 298 5 1
298 134 5 2
134 0 5 0
6 13
0 72 6 0
72 183 6 1
183 266 6 1
266 268 6 1
268 101 6 0
101 259 6 0
259 197 6 1
197 158 6 1
158 186 6 0
186 63 6 0
63 39 6 0
39 190 6 1
190 0 6 0
7 11
0 258 7 1
258 267 7 1
267 38 7 0
38 172 7 1
172 78 7 1
78 272 7 1
272 277 7 0
277 182 7 0
182 174 7 1
174 46 7 1
46 0 7 0
8 9
0 18 8 0
18 270 8 0
270 290 8 2
290 82 8 0
82 165 8 0
165 170 8 0
170 29 8 0
29 299 8 2
299 0 8 0
9 14
0 188 9 2
188 278 9 2
278 10 9 0
10 150 9 2
150 130 9 2
130 288 9 2
288 36 9 2
36 33 9 1
33 151 9 1
151 86 9 2
86 15 9 1
15 106 9 1
106 22 9 2
22 0 9 0
10 3
0 260 10 2
260 54 10 2
54 0 10 0
11 13
0 53 11 0
53 99 11 1
99 141 11 1
141 97 11 0
97 93 11 1
93 185 11 0
185 300 11 2
300 257 11 0
257 12 11 0
12 175 11 1
175 287 11 1
287 163 11 2
163 0 11 0
12 1
0 0 12 0
13 2
0 146 13 1
146 0 13 0
14 13
0 192 14 0
192 131 14 2
131 75 14 2
75 114 14 0
114 64 14 1
64 90 14 2
90 283 14 1
283 140 14 0
140 276 14 2
276 264 14 2
264 271 14 0
271 149 14 2
149 0 14 0
15 4
0 50 15 0
50 284 15 1
284 292 15 0
292 0 15 0
16 1
0 0 16 0
17 11
0 124 17 1
124 102 17 0
102 261 17 1
261 176 17 1
176 263 17 1
263 187 17 0
187 152 17 2
152 156 17 0
156 13 17 0
13 76 17 0
76 0 17 0
18 21
0 233 18 3
233 282 18 3
282 202 18 3
202 210 18 3
210 222 18 3
222 31 18 3
31 217 18 3
217 116 18 5
116 203 18 3
203 242 18 3
242 55 18 4
55 91 18 4
91 256 18 4
256 277 18 3
277 230 18 3
230 218 18 3
218 30 18 5
30 117 18 5
117 271 18 4
271 249 18 4
249 0 18 0
19 6
0 223 19 3
223 208 19 3
208 258 19 3
258 3 19 3
3 19 19 3
19 0 19 0
20 19
0 233 20 5
233 202 20 4
202 210 20 4
210 222 20 5
222 275 20 4
275 21 20 4
21 262 20 5
262 70 20 5
70 194 20 5
194 41 20 5
41 205 20 4
205 234 20 4
234 228 20 4
228 247 20 4
247 244 20 4
244 209 20 5
209 111 20 4
111 236 20 4
236 0 20 0
21 19
0 223 21 4
223 208 21 4
208 240 21 4
240 95 21 4
95 207 21 3
207 217 21 5
217 273 21 4
273 203 21 5
203 242 21 4
242 52 21 3
52 272 21 4
272 128 21 3
128 16 21 4
16 230 21 4
230 218 21 5
218 264 21 4
264 107 21 5
107 243 21 4
243 0 21 0
22 15
0 139 22 5
139 265 22 5
265 216 22 4
216 213 22 4
213 5 22 4
5 246 22 5
246 198 22 3
198 238 22 3
238 180 22 5
180 83 22 3
83 28 22 4
28 291 22 3
291 269 22 4
269 201 22 3
201 0 22 0
23 9
0 232 23 5
232 137 23 4
137 270 23 5
270 231 23 4
231 135 23 5
135 200 23 4
200 238 23 5
238 201 23 4
201 0 23 0
24 14
0 232 24 3
232 157 24 3
157 20 24 3
20 231 24 3
231 290 24 3
290 293 24 3
293 142 24 4
142 286 24 3
286 162 24 5
162 215 24 3
215 224 24 4
224 226 24 4
226 199 24 5
199 0 24 0
25 5
0 254 25 3
254 48 25 3
48 292 25 3
292 250 25 3
250 0 25 0
26 18
0 237 26 3
237 252 26 4
252 1 26 4
1 219 26 4
219 35 26 3
35 133 26 3
133 49 26 4
49 288 26 5
288 84 26 4
84 89 26 5
89 239 26 4
239 159 26 5
159 225 26 4
225 74 26 4
74 259 26 3
259 8 26 5
8 61 26 4
61 0 26 0
27 19
0 237 27 4
237 178 27 5
178 266 27 5
266 219 27 5
219 268 27 5
268 69 27 5
69 104 27 4
104 248 27 4
248 62 27 3
62 296 27 3
296 205 27 5
205 234 27 3
234 228 27 3
228 247 27 3
247 255 27 5
255 71 27 4
71 7 27 4
7 249 27 5
249 0 27 0
28 15
0 240 28 5
240 207 28 4
207 120 28 3
120 118 28 4
118 289 28 3
289 280 28 3
280 125 28 5
125 166 28 3
166 88 28 3
88 96 28 5
96 94 28 3
94 251 28 5
251 294 28 4
294 236 28 5
236 0 28 0
29 17
0 58 29 3
58 23 29 3
23 121 29 3
121 160 29 3
160 73 29 3
73 246 29 4
246 181 29 4
181 66 29 3
66 138 29 4
138 241 29 3
241 37 29 4
37 6 29 4
6 184 29 4
184 220 29 3
220 214 29 3
214 287 29 4
287 0 29 0
30 7
0 216 30 5
216 213 30 3
213 43 30 3
43 300 30 5
300 241 30 5
241 257 30 3
257 0 30 0
31 11
0 206 31 3
206 34 31 3
34 235 31 3
235 261 31 4
261 245 31 5
245 221 31 3
221 285 31 5
285 132 31 3
132 220 31 5
220 214 31 5
214 0 31 0
32 10
0 206 32 4
206 235 32 4
235 245 32 4
245 221 32 4
221 274 32 4
274 47 32 4
47 103 32 3
103 44 32 3
44 204 32 3
204 0 32 0
33 19
0 211 33 4
211 267 33 4
267 168 33 5
168 119 33 5
119 32 33 3
32 229 33 4
229 283 33 5
283 109 33 4
109 297 33 5
297 281 33 5
281 295 33 4
295 126 33 3
126 244 33 5
244 209 33 3
209 253 33 4
253 177 33 3
177 298 33 4
298 243 33 5
243 0 33 0
34 12
0 211 34 5
211 278 34 3
278 81 34 4
81 248 34 5
248 239 34 5
239 225 34 5
225 27 34 3
27 144 34 3
144 215 34 4
215 224 34 5
224 226 34 5
226 0 34 0
35 5
0 279 35 5
279 284 35 4
284 112 35 5
112 173 35 5
173 0 35 0
36 12
0 260 36 5
260 123 36 3
123 92 36 4
92 154 36 3
154 195 36 3
195 171 36 5
171 110 36 3
110 212 36 4
212 60 36 3
60 250 36 5
250 227 36 4
227 0 36 0
37 6
0 98 37 3
98 212 37 3
212 17 37 3
17 299 37 5
299 204 37 5
204 0 37 0
38 10
0 56 38 4
56 4 38 4
4 229 38 5
229 87 38 4
87 276 38 3
276 263 38 4
263 167 38 5
167 122 38 3
122 179 38 3
179 0 38 0
39 3
0 153 39 4
153 227 39 5
227 0 39 0
