# Solution for ../instances-HHCRSP/InstanzVNS_HCSRP_300_8.txt
# Cost = 1547.63 Dist = 4613.8 Tard = 23.3548 TMax = 5.7344
# <vehicle> <route length>
# <origin node> <dest node> <vehicle> <service type>
0 10
0 299 0 1
299 271 0 0
271 17 0 0
17 21 0 0
21 139 0 0
139 295 0 1
295 78 0 0
78 270 0 0
270 129 0 0
129 0 0 0
1 19
0 125 1 0
125 40 1 0
40 45 1 2
45 168 1 1
168 75 1 1
75 132 1 0
132 294 1 2
294 164 1 2
164 44 1 1
44 166 1 1
166 167 1 2
167 267 1 1
267 51 1 0
51 120 1 0
120 280 1 0
280 72 1 0
72 46 1 2
46 48 1 1
48 0 1 0
2 13
0 135 2 0
135 145 2 0
145 188 2 0
188 117 2 2
117 291 2 0
291 296 2 2
296 62 2 0
62 76 2 0
76 277 2 2
277 269 2 0
269 263 2 0
263 93 2 2
93 0 2 0
3 6
0 60 3 2
60 260 3 2
260 278 3 2
278 170 3 2
170 289 3 2
289 0 3 0
4 18
0 126 4 1
126 161 4 1
161 57 4 1
57 197 4 1
197 68 4 2
68 282 4 2
282 275 4 2
275 178 4 1
178 151 4 2
151 252 4 1
252 58 4 2
58 32 4 1
32 279 4 2
279 113 4 2
113 257 4 1
257 77 4 2
77 276 4 1
276 0 4 0
5 15
0 87 5 1
87 179 5 2
179 92 5 1
92 102 5 2
102 23 5 2
23 36 5 1
36 159 5 2
159 6 5 2
6 12 5 2
12 115 5 1
115 172 5 1
172 253 5 2
253 283 5 2
283 258 5 2
258 0 5 0
6 7
0 11 6 0
11 297 6 0
297 94 6 0
94 90 6 0
90 173 6 0
173 109 6 0
109 0 6 0
7 7
0 293 7 2
293 272 7 2
272 91 7 2
91 192 7 2
192 264 7 2
264 287 7 2
287 0 7 0
8 18
0 281 8 0
281 65 8 0
65 134 8 0
134 286 8 1
286 130 8 0
130 95 8 0
95 186 8 2
186 274 8 1
274 107 8 1
107 262 8 1
262 196 8 2
196 119 8 0
119 149 8 0
149 288 8 2
288 300 8 1
300 174 8 0
174 98 8 0
98 0 8 0
9 16
0 195 9 1
195 33 9 1
33 53 9 1
53 185 9 1
185 298 9 2
298 285 9 2
285 254 9 1
254 266 9 2
266 290 9 1
290 187 9 2
187 13 9 2
13 105 9 2
105 181 9 1
181 265 9 1
265 71 9 1
71 0 9 0
10 8
0 10 10 0
10 112 10 0
112 284 10 0
284 100 10 0
100 268 10 0
268 74 10 0
74 251 10 0
251 0 10 0
11 3
0 56 11 2
56 256 11 2
256 0 11 0
12 1
0 0 12 0
13 14
0 42 13 0
42 104 13 2
104 55 13 0
55 22 13 1
22 259 13 1
259 27 13 1
27 273 13 1
273 73 13 0
73 103 13 2
103 18 13 1
18 127 13 2
127 150 13 2
150 158 13 0
158 0 13 0
14 9
0 54 14 1
54 66 14 1
66 292 14 0
292 156 14 1
156 81 14 0
81 160 14 0
160 16 14 0
16 5 14 0
5 0 14 0
15 7
0 110 15 1
110 261 15 1
261 138 15 1
138 131 15 1
131 4 15 1
4 255 15 1
255 0 15 0
16 1
0 0 16 0
17 1
0 0 17 0
18 19
0 204 18 3
204 211 18 3
211 189 18 3
189 8 18 5
8 230 18 4
230 184 18 5
184 216 18 3
216 298 18 3
298 285 18 4
285 205 18 3
205 217 18 4
217 254 18 4
254 266 18 5
266 290 18 4
290 288 18 5
288 300 18 4
300 39 18 4
39 246 18 3
246 0 18 0
19 18
0 204 19 4
204 211 19 5
211 25 19 5
25 137 19 4
137 193 19 3
193 232 19 3
232 237 19 3
237 24 19 4
24 34 19 5
34 225 19 5
225 291 19 5
291 296 19 3
296 114 19 5
114 277 19 3
277 269 19 4
269 263 19 3
263 276 19 5
276 0 19 0
20 17
0 200 20 3
200 7 20 3
7 97 20 4
97 230 20 5
230 216 20 4
216 82 20 4
82 205 20 5
205 217 20 5
217 118 20 5
118 47 20 4
47 267 20 3
267 234 20 5
234 228 20 5
228 238 20 3
238 280 20 4
280 246 20 4
246 0 20 0
21 15
0 163 21 5
163 281 21 4
281 121 21 3
121 202 21 4
202 64 21 3
64 171 21 5
171 274 21 5
274 219 21 4
219 227 21 3
227 262 21 3
262 220 21 4
220 99 21 5
99 157 21 5
157 88 21 5
88 0 21 0
22 13
0 299 22 5
299 271 22 5
271 84 22 4
84 208 22 3
208 190 22 3
190 63 22 5
63 224 22 4
224 147 22 4
147 226 22 3
226 169 22 4
169 287 22 3
287 85 22 3
85 0 22 0
23 16
0 247 23 3
247 245 23 3
245 155 23 3
155 233 23 4
233 297 23 3
297 59 23 3
59 282 23 5
282 2 23 4
2 268 23 5
268 214 23 4
214 206 23 3
206 144 23 5
144 253 23 5
253 264 23 3
264 101 23 4
101 0 23 0
24 8
0 240 24 4
240 248 24 3
248 235 24 3
235 218 24 3
218 278 24 4
278 289 24 3
289 243 24 3
243 0 24 0
25 20
0 247 25 5
247 245 25 5
245 233 25 5
233 86 25 4
86 50 25 4
50 106 25 4
106 136 25 3
136 239 25 3
239 295 25 3
295 214 25 5
214 206 25 4
206 29 25 3
29 175 25 5
175 142 25 4
142 283 25 3
283 30 25 5
30 270 25 4
270 258 25 4
258 146 25 3
146 0 25 0
26 16
0 240 26 5
240 215 26 4
215 275 26 5
275 242 26 4
242 38 26 4
38 177 26 3
177 223 26 4
223 28 26 3
28 133 26 4
133 203 26 3
203 67 26 5
67 257 26 4
257 123 26 4
123 210 26 4
210 255 26 5
255 0 26 0
27 19
0 241 27 4
241 231 27 4
231 207 27 3
207 286 27 3
286 232 27 4
232 237 27 4
237 83 27 3
83 225 27 3
225 294 27 3
294 89 27 4
89 180 27 4
180 69 27 3
69 234 27 3
234 228 27 4
228 238 27 4
238 152 27 4
152 265 27 3
265 229 27 3
229 0 27 0
28 14
0 241 28 5
241 231 28 3
231 207 28 5
207 250 28 3
250 70 28 5
70 37 28 5
37 143 28 3
143 182 28 5
182 242 28 5
242 252 28 3
252 223 28 3
223 279 28 5
279 203 28 5
203 0 28 0
29 6
0 209 29 4
209 208 29 5
208 148 29 4
148 221 29 5
221 256 29 5
256 0 29 0
30 7
0 209 30 5
209 26 30 3
26 116 30 5
116 14 30 5
14 20 30 3
20 226 30 5
226 0 30 0
31 14
0 49 31 5
49 202 31 5
202 128 31 4
128 201 31 5
201 212 31 4
212 219 31 5
219 227 31 4
227 220 31 5
220 35 31 4
35 153 31 5
153 213 31 4
213 165 31 5
165 229 31 4
229 0 31 0
32 17
0 222 32 3
222 108 32 3
108 43 32 4
43 61 32 4
61 250 32 4
250 194 32 4
194 1 32 4
1 201 32 3
201 212 32 3
212 3 32 4
3 259 32 5
259 111 32 5
111 122 32 5
122 273 32 4
273 213 32 5
213 79 32 3
79 0 32 0
33 8
0 222 33 4
222 284 33 5
284 244 33 3
244 15 33 4
15 19 33 3
19 239 33 5
239 141 33 4
141 0 33 0
34 5
0 249 34 4
249 236 34 4
236 261 34 4
261 198 34 4
198 0 34 0
35 9
0 249 35 3
249 236 35 5
236 244 35 5
244 215 35 5
215 31 35 5
31 176 35 5
176 210 35 3
210 80 35 5
80 0 35 0
36 9
0 199 36 5
199 248 36 4
248 235 36 4
235 218 36 4
218 140 36 5
140 162 36 3
162 191 36 3
191 41 36 5
41 0 36 0
37 9
0 293 37 4
293 272 37 5
272 183 37 4
183 154 37 5
154 224 37 5
224 9 37 5
9 251 37 4
251 52 37 4
52 0 37 0
38 6
0 260 38 5
260 124 38 3
124 292 38 5
292 96 38 5
96 243 38 5
243 0 38 0
39 2
0 221 39 3
221 0 39 0
