# Solution for ../instances-HHCRSP/InstanzCPLEX_HCSRP_50_8.txt
# Cost = 475.595 Dist = 1391.18 Tard = 26.5517 TMax = 9.05526
# <vehicle> <route length>
# <origin node> <dest node> <vehicle> <service type>
0 7
0 10 0 0
10 45 0 2
45 13 0 2
13 47 0 2
47 48 0 0
48 46 0 2
46 0 0 0
1 13
0 43 1 1
43 49 1 0
49 22 1 1
22 33 1 1
33 50 1 1
50 44 1 1
44 27 1 1
27 4 1 1
4 5 1 0
5 16 1 0
16 32 1 1
32 18 1 1
18 0 1 0
2 7
0 11 2 0
11 23 2 2
23 17 2 0
17 21 2 0
21 6 2 2
6 12 2 2
12 0 2 0
3 12
0 43 3 4
43 49 3 3
49 7 3 3
7 40 3 4
40 50 3 5
50 34 3 5
34 47 3 4
47 48 3 5
48 39 3 4
39 35 3 4
35 46 3 3
46 0 3 0
4 3
0 28 4 3
28 41 4 4
41 0 4 0
5 6
0 26 5 3
26 36 5 4
36 19 5 3
19 2 5 4
2 15 5 4
15 0 5 0
6 8
0 8 6 5
8 40 6 5
40 1 6 4
1 37 6 5
37 31 6 5
31 38 6 4
38 41 6 5
41 0 6 0
7 7
0 14 7 5
14 20 7 3
20 36 7 5
36 30 7 5
30 9 7 5
9 29 7 3
29 0 7 0
8 4
0 42 8 3
42 37 8 3
37 38 8 3
38 0 8 0
9 8
0 42 9 4
42 45 9 4
45 25 9 5
25 24 9 4
24 3 9 4
3 44 9 3
44 39 9 5
39 0 9 0
