# Solution for ../instances-HHCRSP/InstanzVNS_HCSRP_200_4.txt
# Cost = 1165.45 Dist = 3449.83 Tard = 28.3952 TMax = 18.1246
# <vehicle> <route length>
# <origin node> <dest node> <vehicle> <service type>
0 13
0 179 0 2
179 174 0 0
174 105 0 0
105 1 0 2
1 128 0 2
128 88 0 2
88 62 0 0
62 192 0 2
192 200 0 2
200 56 0 2
56 41 0 0
41 11 0 2
11 0 0 0
1 12
0 92 1 1
92 39 1 0
39 16 1 0
16 113 1 2
113 188 1 2
188 102 1 0
102 100 1 0
100 140 1 1
140 18 1 0
18 65 1 1
65 120 1 0
120 0 1 0
2 12
0 177 2 1
177 20 2 0
20 139 2 1
139 40 2 1
40 181 2 0
181 54 2 0
54 108 2 0
108 184 2 0
184 24 2 1
24 172 2 1
172 109 2 1
109 0 2 0
3 15
0 122 3 2
122 15 3 2
15 186 3 2
186 69 3 0
69 50 3 0
50 77 3 1
77 187 3 1
187 180 3 2
180 44 3 0
44 84 3 2
84 86 3 2
86 182 3 0
182 63 3 0
63 137 3 1
137 0 3 0
4 15
0 51 4 2
51 94 4 1
94 33 4 0
33 7 4 1
7 130 4 0
130 14 4 2
14 98 4 2
98 185 4 2
185 127 4 0
127 10 4 1
10 132 4 1
132 112 4 2
112 9 4 0
9 95 4 1
95 0 4 0
5 12
0 106 5 2
106 13 5 2
13 196 5 2
196 198 5 2
198 194 5 2
194 197 5 2
197 123 5 2
123 125 5 2
125 89 5 2
89 12 5 2
12 34 5 2
34 0 5 0
6 10
0 190 6 0
190 183 6 2
183 191 6 2
191 171 6 0
171 72 6 2
72 85 6 0
85 121 6 0
121 64 6 0
64 178 6 0
178 0 6 0
7 7
0 55 7 1
55 71 7 1
71 90 7 1
90 99 7 1
99 135 7 1
135 81 7 1
81 0 7 0
8 10
0 47 8 2
47 173 8 1
173 76 8 2
76 176 8 2
176 87 8 2
87 25 8 1
25 36 8 1
36 17 8 1
17 111 8 1
111 0 8 0
9 6
0 189 9 2
189 175 9 2
175 199 9 2
199 195 9 2
195 193 9 2
193 0 9 0
10 10
0 158 10 5
158 177 10 5
177 134 10 3
134 147 10 3
147 165 10 5
165 70 10 5
70 26 10 3
26 167 10 3
167 136 10 3
136 0 10 0
11 13
0 158 11 4
158 190 11 4
190 198 11 5
198 194 11 4
194 119 11 3
119 35 11 3
35 68 11 3
68 73 11 3
73 156 11 4
156 150 11 3
150 110 11 5
110 159 11 4
159 0 11 0
12 12
0 163 12 3
163 179 12 4
179 174 12 3
174 66 12 3
66 197 12 5
197 60 12 4
60 61 12 4
61 3 12 3
3 169 12 3
169 57 12 4
57 167 12 5
167 0 12 0
13 14
0 163 13 5
163 23 13 4
23 143 13 3
143 83 13 5
83 191 13 3
191 114 13 5
114 171 13 4
171 117 13 3
117 156 13 5
156 150 13 4
150 118 13 3
118 142 13 3
142 78 13 3
78 0 13 0
14 8
0 144 14 3
144 186 14 5
186 166 14 3
166 38 14 5
38 187 14 4
187 180 14 4
180 141 14 3
141 0 14 0
15 8
0 144 15 5
144 131 15 4
131 58 15 3
58 149 15 3
149 162 15 4
162 148 15 3
148 182 15 3
182 0 15 0
16 14
0 170 16 3
170 97 16 4
97 52 16 5
52 157 16 4
157 126 16 4
126 116 16 3
116 181 16 5
181 173 16 5
173 176 16 4
176 124 16 5
124 199 16 4
199 151 16 4
151 22 16 5
22 0 16 0
17 8
0 170 17 5
170 157 17 5
157 155 17 5
155 46 17 4
46 153 17 5
153 19 17 4
19 185 17 5
185 0 17 0
18 10
0 168 18 4
168 155 18 3
155 80 18 5
80 5 18 3
5 153 18 3
153 43 18 5
43 21 18 5
21 188 18 3
188 53 18 5
53 0 18 0
19 8
0 168 19 5
168 133 19 3
133 189 19 3
189 175 19 3
175 151 19 5
151 91 19 5
91 67 19 3
67 0 19 0
20 14
0 160 20 4
160 42 20 4
42 30 20 5
30 82 20 3
82 48 20 5
48 59 20 4
59 149 20 5
149 162 20 5
162 148 20 5
148 29 20 5
29 146 20 3
146 172 20 3
172 138 20 4
138 0 20 0
21 5
0 160 21 5
160 166 21 4
166 27 21 3
27 146 21 5
146 0 21 0
22 10
0 6 22 3
6 183 22 3
183 143 22 4
143 96 22 3
96 192 22 5
192 200 22 4
200 104 22 4
104 129 22 5
129 142 22 4
142 0 22 0
23 4
0 115 23 4
115 75 23 3
75 141 23 4
141 0 23 0
24 11
0 32 24 3
32 74 24 5
74 45 24 3
45 49 24 4
49 196 24 5
196 31 24 4
31 147 24 4
147 165 24 4
165 169 24 4
169 178 24 5
178 0 24 0
25 5
0 161 25 5
161 103 25 4
103 93 25 4
93 159 25 5
159 0 25 0
26 3
0 161 26 3
161 195 26 3
195 0 26 0
27 8
0 145 27 4
145 164 27 5
164 152 27 4
152 101 27 4
101 154 27 4
154 8 27 4
8 2 27 4
2 0 27 0
28 11
0 145 28 3
145 28 28 3
28 164 28 3
164 152 28 3
152 184 28 3
184 107 28 3
107 4 28 4
4 154 28 3
154 37 28 4
37 79 28 4
79 0 28 0
29 2
0 193 29 5
193 0 29 0
