# Solution for ../instances-HHCRSP/InstanzCPLEX_HCSRP_75_4.txt
# Cost = 847.699 Dist = 2068.17 Tard = 367.583 TMax = 107.343
# <vehicle> <route length>
# <origin node> <dest node> <vehicle> <service type>
0 4
0 33 0 0
33 16 0 0
16 44 0 0
44 0 0 0
1 15
0 71 1 1
71 74 1 1
74 7 1 1
7 40 1 1
40 75 1 1
75 72 1 1
72 73 1 1
73 25 1 1
25 70 1 1
70 36 1 1
36 24 1 1
24 10 1 1
10 17 1 1
17 64 1 1
64 0 1 0
2 8
0 13 2 2
13 66 2 0
66 1 2 2
1 41 2 0
41 11 2 2
11 34 2 2
34 67 2 2
67 0 2 0
3 9
0 15 3 2
15 39 3 0
39 69 3 2
69 50 3 0
50 14 3 2
14 51 3 2
51 18 3 0
18 65 3 2
65 0 3 0
4 6
0 47 4 2
47 20 4 0
20 68 4 2
68 12 4 2
12 9 4 0
9 0 4 0
5 10
0 52 5 5
52 38 5 5
38 48 5 5
48 30 5 5
30 59 5 5
59 29 5 5
29 21 5 5
21 63 5 5
63 65 5 5
65 0 5 0
6 6
0 55 6 4
55 49 6 4
49 31 6 4
31 68 6 4
68 57 6 4
57 0 6 0
7 10
0 71 7 3
71 74 7 3
74 45 7 3
45 60 7 3
60 62 7 3
62 56 7 3
56 61 7 3
61 3 7 3
3 64 7 3
64 0 7 0
8 11
0 32 8 3
32 23 8 4
23 66 8 5
66 75 8 4
75 60 8 5
60 62 8 4
62 56 8 4
56 35 8 3
35 57 8 3
57 26 8 3
26 0 8 0
9 4
0 58 9 5
58 43 9 5
43 53 9 5
53 0 9 0
10 5
0 55 10 3
55 72 10 5
72 73 10 3
73 61 10 5
61 0 10 0
11 6
0 42 11 4
42 58 11 3
58 53 11 3
53 5 11 3
5 63 11 4
63 0 11 0
12 9
0 69 12 4
69 27 12 3
27 59 12 4
59 46 12 4
46 19 12 4
19 8 12 4
8 2 12 4
2 37 12 4
37 0 12 0
13 4
0 6 13 3
6 54 13 5
54 28 13 3
28 0 13 0
14 6
0 54 14 4
54 4 14 4
4 22 14 5
22 70 14 4
70 67 14 5
67 0 14 0
