# Solution for ../instances-HHCRSP/InstanzCPLEX_HCSRP_75_9.txt
# Cost = 734.693 Dist = 2204.08 Tard = 0 TMax = 0
# <vehicle> <route length>
# <origin node> <dest node> <vehicle> <service type>
0 8
0 64 0 1
64 50 0 1
50 67 0 0
67 4 0 1
4 8 0 0
8 70 0 1
70 21 0 1
21 0 0 0
1 4
0 66 1 1
66 1 1 1
1 30 1 1
30 0 1 0
2 13
0 35 2 2
35 9 2 1
9 36 2 2
36 11 2 2
11 68 2 2
68 27 2 0
27 75 2 2
75 72 2 1
72 18 2 2
18 45 2 2
45 69 2 2
69 74 2 1
74 0 2 0
3 7
0 73 3 2
73 43 3 0
43 71 3 1
71 23 3 2
23 32 3 0
32 10 3 1
10 0 3 0
4 11
0 42 4 2
42 16 4 2
16 47 4 2
47 33 4 0
33 20 4 0
20 26 4 0
26 28 4 2
28 44 4 2
44 31 4 0
31 65 4 2
65 0 4 0
5 12
0 56 5 4
56 22 5 4
22 68 5 4
68 70 5 4
70 19 5 5
19 62 5 4
62 15 5 5
15 37 5 5
37 69 5 4
69 51 5 4
51 57 5 5
57 0 5 0
6 9
0 56 6 5
56 6 6 3
6 63 6 3
63 58 6 3
58 38 6 3
38 29 6 3
29 40 6 5
40 57 6 3
57 0 6 0
7 4
0 73 7 4
73 14 7 4
14 53 7 4
53 0 7 0
8 12
0 49 8 5
49 54 8 4
54 34 8 4
34 66 8 3
66 2 8 4
2 5 8 5
5 17 8 5
17 48 8 5
48 58 8 5
58 61 8 4
61 55 8 3
55 0 8 0
9 11
0 64 9 4
64 52 9 4
52 67 9 4
67 63 9 5
63 12 9 4
12 75 9 5
75 72 9 3
72 62 9 3
62 24 9 4
24 74 9 3
74 0 9 0
10 3
0 25 10 5
25 60 10 3
60 0 10 0
11 7
0 54 11 5
54 71 11 5
71 41 11 4
41 3 11 4
3 13 11 4
13 65 11 4
65 0 11 0
12 6
0 59 12 3
59 39 12 3
39 46 12 5
46 61 12 5
61 55 12 5
55 0 12 0
13 4
0 59 13 4
59 7 13 5
7 60 13 5
60 0 13 0
14 2
0 53 14 3
53 0 14 0
