# Solution for ../instances-HHCRSP/InstanzCPLEX_HCSRP_75_5.txt
# Cost = 698.028 Dist = 2090.28 Tard = 2.11077 TMax = 1.69089
# <vehicle> <route length>
# <origin node> <dest node> <vehicle> <service type>
0 19
0 14 0 0
14 46 0 2
46 17 0 0
17 66 0 0
66 72 0 1
72 67 0 0
67 9 0 2
9 68 0 0
68 39 0 1
39 69 0 1
69 31 0 1
31 27 0 2
27 75 0 1
75 4 0 2
4 25 0 1
25 33 0 1
33 5 0 0
5 24 0 2
24 0 0 0
1 5
0 36 1 2
36 3 1 2
3 74 1 2
74 32 1 2
32 0 1 0
2 10
0 71 2 1
71 64 2 1
64 34 2 1
34 51 2 1
51 65 2 1
65 18 2 1
18 35 2 1
35 40 2 1
40 13 2 1
13 0 2 0
3 7
0 23 3 0
23 21 3 0
21 70 3 0
70 43 3 0
43 73 3 0
73 41 3 0
41 0 3 0
4 3
0 15 4 2
15 30 4 2
30 0 4 0
5 9
0 38 5 3
38 54 5 3
54 59 5 3
59 45 5 3
45 63 5 3
63 62 5 3
62 29 5 3
29 56 5 3
56 0 5 0
6 11
0 54 6 5
54 59 6 4
59 66 6 4
66 2 6 4
2 72 6 3
72 10 6 3
10 67 6 3
67 53 6 4
53 75 6 3
75 61 6 3
61 0 6 0
7 9
0 58 7 3
58 50 7 3
50 60 7 3
60 28 7 3
28 55 7 5
55 12 7 3
12 19 7 5
19 1 7 5
1 0 7 0
8 3
0 58 8 5
58 44 8 3
44 0 8 0
9 6
0 71 9 4
71 55 9 4
55 70 9 3
70 74 9 4
74 56 9 5
56 0 9 0
10 11
0 16 10 4
16 49 10 5
49 6 10 5
6 60 10 5
60 64 10 4
64 62 10 4
62 48 10 4
48 53 10 5
53 7 10 4
7 37 10 4
37 0 10 0
11 11
0 42 11 5
42 52 11 5
52 22 11 5
22 11 11 5
11 63 11 5
63 68 11 4
68 69 11 3
69 47 11 4
47 26 11 4
26 61 11 5
61 0 11 0
12 3
0 20 12 3
20 57 12 3
57 0 12 0
13 5
0 8 13 5
8 65 13 4
65 73 13 5
73 57 13 5
57 0 13 0
14 1
0 0 14 0
