# Solution for ../instances-HHCRSP/InstanzCPLEX_HCSRP_50_8.txt
# Cost = 477.466 Dist = 1396.25 Tard = 27.0958 TMax = 9.05526
# <vehicle> <route length>
# <origin node> <dest node> <vehicle> <service type>
0 7
0 11 0 0
11 23 0 2
23 17 0 0
17 21 0 0
21 6 0 2
6 12 0 2
12 0 0 0
1 14
0 10 1 0
10 43 1 1
43 49 1 0
49 22 1 1
22 33 1 1
33 50 1 1
50 44 1 1
44 27 1 1
27 4 1 1
4 5 1 0
5 16 1 0
16 32 1 1
32 18 1 1
18 0 1 0
2 6
0 45 2 2
45 13 2 2
13 47 2 2
47 48 2 0
48 46 2 2
46 0 2 0
3 7
0 15 3 4
15 19 3 3
19 2 3 4
2 36 3 4
36 9 3 5
9 29 3 3
29 0 3 0
4 6
0 26 4 3
26 14 4 5
14 20 4 3
20 36 4 5
36 30 4 5
30 0 4 0
5 10
0 43 5 4
43 49 5 3
49 40 5 4
40 7 5 3
7 1 5 4
1 37 5 3
37 38 5 4
38 41 5 4
41 28 5 3
28 0 5 0
6 10
0 42 6 4
42 8 6 5
8 40 6 5
40 50 6 5
50 34 6 5
34 47 6 4
47 48 6 5
48 39 6 4
39 35 6 4
35 0 6 0
7 7
0 42 7 3
42 37 7 5
37 38 7 3
38 31 7 5
31 46 7 3
46 39 7 5
39 0 7 0
8 1
0 0 8 0
9 7
0 45 9 4
45 25 9 5
25 44 9 3
44 24 9 4
24 3 9 4
3 41 9 5
41 0 9 0
