# Solution for ../instances-HHCRSP/InstanzVNS_HCSRP_200_3.txt
# Cost = 1286.85 Dist = 3860.56 Tard = 0 TMax = 0
# <vehicle> <route length>
# <origin node> <dest node> <vehicle> <service type>
0 20
0 176 0 1
176 40 0 1
40 33 0 0
33 197 0 1
197 90 0 1
90 80 0 1
80 177 0 0
177 194 0 1
194 190 0 1
190 173 0 1
173 178 0 1
178 121 0 0
121 128 0 0
128 17 0 0
17 67 0 1
67 60 0 0
60 137 0 0
137 5 0 0
5 126 0 0
126 0 0 0
1 12
0 114 1 0
114 35 1 2
35 50 1 2
50 174 1 2
174 122 1 0
122 191 1 2
191 45 1 2
45 112 1 2
112 31 1 2
31 139 1 0
139 76 1 2
76 0 1 0
2 9
0 181 2 1
181 107 2 1
107 10 2 1
10 184 2 2
184 89 2 2
89 185 2 1
185 193 2 2
193 199 2 2
199 0 2 0
3 12
0 2 3 2
2 91 3 0
91 124 3 2
124 172 3 0
172 29 3 2
29 69 3 2
69 138 3 2
138 186 3 0
186 135 3 0
135 38 3 0
38 140 3 2
140 0 3 0
4 7
0 61 4 2
61 88 4 2
88 1 4 2
1 79 4 2
79 187 4 2
187 136 4 2
136 0 4 0
5 7
0 117 5 0
117 22 5 0
22 171 5 0
171 6 5 0
6 34 5 0
34 189 5 0
189 0 5 0
6 17
0 198 6 1
198 195 6 1
195 9 6 1
9 59 6 0
59 182 6 2
182 108 6 1
108 175 6 2
175 125 6 1
125 43 6 2
43 183 6 2
183 47 6 2
47 123 6 1
123 87 6 2
87 130 6 2
130 86 6 2
86 54 6 1
54 0 6 0
7 3
0 68 7 0
68 3 7 0
3 0 7 0
8 13
0 20 8 1
20 111 8 1
111 62 8 1
62 26 8 1
26 192 8 2
192 4 8 1
4 196 8 1
196 41 8 1
41 118 8 2
118 64 8 2
64 72 8 2
72 103 8 2
103 0 8 0
9 11
0 179 9 1
179 23 9 1
23 63 9 1
63 188 9 1
188 21 9 1
21 65 9 1
65 180 9 1
180 133 9 1
133 97 9 0
97 200 9 1
200 0 9 0
10 6
0 165 10 4
165 127 10 4
127 196 10 4
196 189 10 4
189 150 10 4
150 0 10 0
11 11
0 28 11 5
28 156 11 3
156 181 11 4
181 162 11 3
162 142 11 4
142 184 11 3
184 186 11 5
186 154 11 3
154 148 11 3
148 39 11 3
39 0 11 0
12 12
0 176 12 5
176 146 12 3
146 145 12 3
145 143 12 3
143 168 12 3
168 192 12 4
192 160 12 3
160 13 12 5
13 19 12 4
19 58 12 4
58 159 12 4
159 0 12 0
13 9
0 146 13 5
146 145 13 5
145 197 13 5
197 151 13 5
151 177 13 5
177 32 13 5
32 167 13 5
167 120 13 5
120 0 13 0
14 6
0 156 14 5
156 162 14 4
162 142 14 5
142 46 14 4
46 48 14 5
48 0 14 0
15 11
0 132 15 4
132 44 15 4
44 143 15 4
143 168 15 4
168 151 15 4
151 194 15 3
194 18 15 3
18 190 15 4
190 94 15 4
94 167 15 3
167 0 15 0
16 9
0 27 16 5
27 165 16 5
165 172 16 3
172 83 16 4
83 163 16 3
163 105 16 5
105 154 16 5
154 148 16 5
148 0 16 0
17 19
0 36 17 3
36 158 17 4
158 198 17 5
198 7 17 3
7 74 17 3
74 109 17 3
109 8 17 4
8 149 17 3
149 75 17 4
75 119 17 3
119 173 17 5
173 131 17 4
131 178 17 5
178 52 17 3
52 155 17 3
155 134 17 4
134 170 17 3
170 141 17 4
141 0 17 0
18 15
0 96 18 5
96 158 18 5
158 195 18 5
195 71 18 5
71 98 18 5
98 102 18 4
102 182 18 4
182 175 18 5
175 84 18 3
84 183 18 3
183 66 18 3
66 57 18 3
57 11 18 3
11 141 18 5
141 0 18 0
19 12
0 113 19 4
113 110 19 5
110 55 19 3
55 174 19 3
174 149 19 5
149 191 19 4
191 82 19 5
82 51 19 3
51 155 19 4
155 170 19 5
170 78 19 5
78 0 19 0
20 6
0 15 20 3
15 166 20 3
166 106 20 5
106 144 20 5
144 37 20 3
37 0 20 0
21 11
0 152 21 3
152 161 21 3
161 153 21 3
153 164 21 3
164 160 21 4
160 171 21 5
171 12 21 4
12 104 21 5
104 157 21 3
157 99 21 3
99 0 21 0
22 9
0 152 22 4
152 161 22 5
161 153 22 4
153 164 22 4
164 85 22 4
85 157 22 5
157 101 22 5
101 159 22 5
159 0 22 0
23 8
0 147 23 3
147 70 23 5
70 129 23 5
129 169 23 3
169 92 23 4
92 16 23 4
16 180 23 3
180 0 23 0
24 5
0 163 24 5
163 187 24 5
187 81 24 5
81 77 24 5
77 0 24 0
25 11
0 147 25 4
147 115 25 3
115 100 25 4
100 42 25 5
42 169 25 4
169 185 25 3
185 30 25 5
30 193 25 4
193 199 25 5
199 150 25 3
150 0 25 0
26 1
0 0 26 0
27 9
0 49 27 4
49 24 27 5
24 179 27 3
179 116 27 3
116 73 27 4
73 95 27 5
95 53 27 3
53 200 27 4
200 0 27 0
28 7
0 56 28 4
56 188 28 3
188 93 28 5
93 14 28 4
14 25 28 4
25 144 28 4
144 0 28 0
29 2
0 166 29 5
166 0 29 0
