# Solution for ../instances-HHCRSP/InstanzVNS_HCSRP_300_1.txt
# Cost = 1844.94 Dist = 5481.72 Tard = 46.0847 TMax = 7.02314
# <vehicle> <route length>
# <origin node> <dest node> <vehicle> <service type>
0 13
0 279 0 0
279 280 0 1
280 289 0 0
289 104 0 1
104 160 0 1
160 15 0 0
15 265 0 0
265 270 0 1
270 171 0 1
171 276 0 1
276 103 0 0
103 147 0 1
147 0 0 0
1 9
0 264 1 2
264 260 1 2
260 169 1 2
169 277 1 2
277 93 1 2
93 295 1 2
295 59 1 2
59 25 1 2
25 0 1 0
2 7
0 151 2 2
151 42 2 2
42 252 2 2
252 267 2 2
267 22 2 2
22 129 2 2
129 0 2 0
3 14
0 148 3 1
148 294 3 1
294 273 3 1
273 253 3 1
253 142 3 2
142 268 3 2
268 60 3 2
60 97 3 1
97 99 3 2
99 254 3 2
254 30 3 2
30 53 3 2
53 158 3 2
158 0 3 0
4 7
0 182 4 2
182 176 4 2
176 5 4 2
5 259 4 2
259 57 4 2
57 269 4 2
269 0 4 0
5 5
0 292 5 2
292 70 5 2
70 67 5 2
67 133 5 2
133 0 5 0
6 2
0 40 6 2
40 0 6 0
7 13
0 139 7 0
139 189 7 0
189 262 7 0
262 101 7 0
101 19 7 0
19 82 7 0
82 18 7 0
18 61 7 0
61 75 7 0
75 100 7 0
100 38 7 0
38 92 7 0
92 0 7 0
8 14
0 288 8 0
288 263 8 1
263 166 8 0
166 47 8 0
47 193 8 0
193 272 8 0
272 56 8 1
56 275 8 1
275 78 8 1
78 278 8 0
278 41 8 1
41 66 8 0
66 110 8 1
110 0 8 0
9 15
0 300 9 1
300 33 9 0
33 291 9 2
291 299 9 0
299 62 9 1
62 175 9 0
175 77 9 0
77 48 9 0
48 71 9 1
71 283 9 0
283 261 9 2
261 184 9 0
184 11 9 1
11 274 9 2
274 0 9 0
10 2
0 266 10 2
266 0 10 0
11 12
0 134 11 1
134 31 11 1
31 98 11 1
98 43 11 1
43 12 11 1
12 256 11 1
256 13 11 1
13 150 11 1
150 290 11 1
290 284 11 1
284 89 11 1
89 0 11 0
12 17
0 180 12 0
180 81 12 2
81 287 12 2
287 296 12 0
296 137 12 2
137 297 12 1
297 128 12 1
128 174 12 1
174 293 12 0
293 131 12 2
131 257 12 1
257 107 12 0
107 192 12 2
192 21 12 2
21 46 12 0
46 58 12 1
58 0 12 0
13 8
0 282 13 1
282 17 13 2
17 123 13 2
123 191 13 1
191 164 13 1
164 7 13 2
7 157 13 1
157 0 13 0
14 13
0 181 14 0
181 255 14 0
255 120 14 1
120 251 14 0
251 125 14 0
125 281 14 0
281 258 14 1
258 90 14 0
90 3 14 1
3 196 14 0
196 106 14 0
106 298 14 1
298 0 14 0
15 4
0 84 15 0
84 286 15 0
286 105 15 0
105 0 15 0
16 1
0 0 16 0
17 8
0 73 17 1
73 111 17 1
111 168 17 0
168 271 17 0
271 55 17 0
55 197 17 1
197 285 17 1
285 0 17 0
18 18
0 279 18 3
279 234 18 3
234 280 18 5
280 289 18 3
289 6 18 4
6 23 18 4
23 227 18 3
227 207 18 3
207 63 18 4
63 188 18 3
188 209 18 4
209 204 18 4
204 283 18 3
283 261 18 4
261 126 18 4
126 254 18 5
254 224 18 3
224 0 18 0
19 14
0 215 19 4
215 45 19 3
45 291 19 3
291 217 19 3
217 136 19 4
136 201 19 3
201 76 19 3
76 223 19 3
223 242 19 3
242 277 19 4
277 187 19 4
187 228 19 3
228 245 19 3
245 0 19 0
20 14
0 219 20 4
219 239 20 3
239 222 20 4
222 10 20 4
10 262 20 4
262 216 20 4
216 206 20 3
206 237 20 4
237 290 20 4
290 155 20 3
155 284 20 3
284 212 20 3
212 250 20 3
250 0 20 0
21 8
0 108 21 3
108 8 21 4
8 292 21 4
292 236 21 3
236 9 21 4
9 243 21 3
243 51 21 4
51 0 21 0
22 10
0 234 22 5
234 14 22 3
14 118 22 5
118 86 22 5
86 272 22 3
272 1 22 3
1 2 22 4
2 214 22 4
214 271 22 3
271 0 22 0
23 21
0 215 23 5
215 24 23 5
24 300 23 3
300 54 23 3
54 172 23 4
172 217 23 4
217 159 23 5
159 37 23 3
37 114 23 5
114 281 23 3
281 144 23 4
144 258 23 4
258 230 23 3
230 64 23 3
64 226 23 3
226 96 23 5
96 269 23 5
269 213 23 3
213 210 23 4
210 225 23 3
225 0 23 0
24 17
0 219 24 5
219 239 24 5
239 222 24 5
222 50 24 5
50 178 24 3
178 297 24 3
297 88 24 5
88 26 24 5
26 141 24 4
141 163 24 3
163 130 24 5
130 35 24 5
35 293 24 4
293 257 24 5
257 121 24 4
121 240 24 4
240 0 24 0
25 12
0 115 25 3
115 288 25 4
288 263 25 3
263 249 25 3
249 49 25 4
49 27 25 4
27 244 25 3
244 218 25 3
218 241 25 3
241 220 25 3
220 231 25 3
231 0 25 0
26 16
0 294 26 5
294 117 26 5
117 249 26 5
249 186 26 5
186 287 26 3
287 244 26 5
244 296 26 5
296 194 26 5
194 218 26 4
218 113 26 5
113 199 26 5
199 116 26 4
116 132 26 3
132 214 26 5
214 44 26 3
44 0 26 0
27 12
0 122 27 5
122 177 27 4
177 52 27 3
52 95 27 5
95 256 27 4
256 237 27 5
237 161 27 5
161 236 27 5
236 87 27 5
87 32 27 4
32 212 27 5
212 0 27 0
28 14
0 264 28 5
264 273 28 4
273 65 28 4
65 253 28 5
253 119 28 4
119 227 28 5
227 207 28 5
207 230 28 5
230 226 28 4
226 295 28 5
295 213 28 4
213 210 28 5
210 225 28 5
225 0 28 0
29 14
0 202 29 3
202 190 29 3
190 247 29 4
247 138 29 3
138 198 29 5
198 268 29 5
268 235 29 3
235 221 29 3
221 79 29 3
79 16 29 4
16 29 29 3
29 167 29 3
167 224 29 4
224 0 29 0
30 16
0 202 30 4
202 247 30 5
247 20 30 5
20 299 30 5
299 170 30 5
170 205 30 4
205 211 30 4
211 179 30 5
179 223 30 5
223 242 30 4
242 69 30 5
69 153 30 5
153 233 30 4
233 298 30 5
298 231 30 5
231 0 30 0
31 7
0 238 31 3
238 216 31 5
216 206 31 5
206 252 31 5
252 267 31 5
267 285 31 3
285 0 31 0
32 10
0 238 32 4
238 246 32 3
246 162 32 4
162 275 32 3
275 278 32 4
278 229 32 3
229 259 32 3
259 34 32 4
34 185 32 4
185 0 32 0
33 6
0 208 33 3
208 109 33 3
109 85 33 3
85 246 33 4
246 229 33 4
229 0 33 0
34 17
0 208 34 4
208 154 34 5
154 232 34 3
232 205 34 3
205 211 34 5
211 135 34 3
135 94 34 4
94 39 34 3
39 165 34 5
165 209 34 5
209 204 34 5
204 200 34 4
200 36 34 3
36 274 34 4
274 228 34 5
228 245 34 4
245 0 34 0
35 16
0 203 35 3
203 127 35 3
127 255 35 5
255 260 35 3
260 91 35 3
91 201 35 4
201 112 35 4
112 145 35 5
145 195 35 5
195 241 35 5
241 220 35 4
220 80 35 5
80 28 35 5
28 72 35 4
72 240 35 5
240 0 35 0
36 13
0 203 36 4
203 251 36 4
251 232 36 5
232 140 36 4
140 102 36 4
102 235 36 5
235 221 36 5
221 265 36 4
265 270 36 5
270 156 36 3
156 276 36 4
276 233 36 5
233 0 36 0
37 7
0 286 37 5
286 83 37 5
83 74 37 4
74 243 37 4
243 173 37 4
173 250 37 5
250 0 37 0
38 11
0 149 38 4
149 146 38 4
146 68 38 4
68 282 38 5
282 152 38 4
152 183 38 5
183 124 38 4
124 4 38 3
4 248 38 5
248 143 38 3
143 0 38 0
39 3
0 266 39 3
266 248 39 3
248 0 39 0
