# Solution for ../instances-HHCRSP/InstanzVNS_HCSRP_300_2.txt
# Cost = 1927.15 Dist = 5715.99 Tard = 52.9464 TMax = 12.53
# <vehicle> <route length>
# <origin node> <dest node> <vehicle> <service type>
0 7
0 120 0 1
120 293 0 0
293 57 0 0
57 279 0 1
279 7 0 0
7 128 0 1
128 0 0 0
1 12
0 251 1 2
251 147 1 1
147 259 1 2
259 133 1 1
133 41 1 2
41 103 1 2
103 72 1 2
72 113 1 1
113 267 1 1
267 268 1 2
268 4 1 1
4 0 1 0
2 11
0 283 2 0
283 272 2 0
272 26 2 0
26 91 2 0
91 289 2 0
289 269 2 0
269 284 2 0
284 265 2 0
265 253 2 0
253 21 2 0
21 0 2 0
3 7
0 154 3 2
154 254 3 2
254 162 3 2
162 36 3 2
36 40 3 2
40 296 3 2
296 0 3 0
4 16
0 287 4 1
287 276 4 2
276 108 4 1
108 61 4 2
61 266 4 2
266 173 4 2
173 274 4 2
274 80 4 1
80 140 4 1
140 158 4 1
158 19 4 2
19 159 4 2
159 285 4 1
285 281 4 2
281 280 4 2
280 0 4 0
5 12
0 193 5 1
193 54 5 1
54 14 5 0
14 131 5 1
131 67 5 0
67 191 5 1
191 44 5 1
44 277 5 1
277 288 5 0
288 82 5 1
82 256 5 1
256 0 5 0
6 17
0 46 6 0
46 177 6 1
177 275 6 2
275 290 6 0
290 83 6 0
83 123 6 1
123 3 6 2
3 38 6 1
38 92 6 1
92 43 6 2
43 260 6 2
260 116 6 0
116 300 6 2
300 273 6 1
273 264 6 2
264 185 6 0
185 0 6 0
7 4
0 121 7 2
121 100 7 2
100 90 7 2
90 0 7 0
8 2
0 175 8 0
175 0 8 0
9 2
0 115 9 0
115 0 9 0
10 1
0 0 10 0
11 14
0 71 11 1
71 198 11 2
198 297 11 1
297 168 11 2
168 132 11 1
132 263 11 2
263 182 11 1
182 255 11 1
255 138 11 1
138 282 11 1
282 160 11 1
160 12 11 2
12 42 11 1
42 0 11 0
12 2
0 16 12 2
16 0 12 0
13 16
0 258 13 1
258 11 13 2
11 172 13 2
172 136 13 2
136 257 13 1
257 261 13 0
261 2 13 0
2 114 13 0
114 196 13 1
196 66 13 2
66 34 13 2
34 31 13 1
31 286 13 2
286 270 13 1
270 149 13 1
149 0 13 0
14 5
0 39 14 1
39 278 14 1
278 298 14 1
298 166 14 1
166 0 14 0
15 18
0 299 15 1
299 199 15 0
199 189 15 2
189 96 15 1
96 59 15 2
59 295 15 1
295 117 15 1
117 17 15 1
17 271 15 0
271 180 15 0
180 197 15 2
197 33 15 1
33 56 15 1
56 97 15 2
97 291 15 1
291 6 15 0
6 32 15 0
32 0 15 0
16 19
0 9 16 1
9 161 16 0
161 294 16 2
294 146 16 1
146 252 16 0
252 145 16 1
145 167 16 2
167 45 16 0
45 129 16 1
129 262 16 0
262 65 16 2
65 105 16 0
105 10 16 0
10 292 16 1
292 15 16 2
15 106 16 0
106 179 16 0
179 165 16 1
165 0 16 0
17 2
0 157 17 2
157 0 17 0
18 18
0 283 18 3
283 231 18 3
231 203 18 3
203 135 18 5
135 240 18 3
240 81 18 3
81 222 18 3
222 234 18 3
234 75 18 5
75 29 18 3
29 216 18 4
216 58 18 4
58 237 18 4
237 148 18 3
148 253 18 3
253 226 18 4
226 217 18 4
217 0 18 0
19 16
0 227 19 3
227 287 19 5
287 174 19 3
174 221 19 4
221 28 19 5
28 22 19 3
22 294 19 5
294 99 19 4
99 85 19 4
85 271 19 4
271 95 19 3
95 98 19 4
98 178 19 5
178 24 19 4
24 223 19 3
223 0 19 0
20 17
0 227 20 4
227 231 20 4
231 214 20 3
214 242 20 3
242 255 20 4
255 73 20 3
73 239 20 3
239 204 20 3
204 229 20 3
229 188 20 3
188 134 20 4
134 250 20 3
250 18 20 3
18 153 20 3
153 270 20 3
270 35 20 4
35 0 20 0
21 14
0 251 21 5
251 293 21 4
293 190 21 4
190 141 21 4
141 127 21 5
127 163 21 5
163 119 21 5
119 194 21 5
194 295 21 4
295 51 21 5
51 279 21 5
279 70 21 5
70 223 21 5
223 0 21 0
22 12
0 210 22 4
210 60 22 5
60 241 22 4
241 93 22 3
93 126 22 5
126 248 22 3
248 152 22 3
152 30 22 4
30 220 22 4
220 63 22 4
63 143 22 4
143 0 22 0
23 8
0 210 23 5
210 241 23 5
241 50 23 5
50 220 23 5
220 219 23 5
219 264 23 5
264 20 23 5
20 0 23 0
24 18
0 104 24 3
104 8 24 3
8 203 24 4
203 259 24 3
259 94 24 5
94 181 24 5
181 171 24 4
171 222 24 4
222 234 24 5
234 216 24 5
216 25 24 4
25 232 24 3
232 55 24 5
55 79 24 3
79 235 24 4
235 226 24 5
226 217 24 5
217 0 24 0
25 18
0 225 25 3
225 276 25 5
276 1 25 4
1 200 25 5
200 118 25 4
118 240 25 5
240 289 25 4
289 269 25 4
269 125 25 4
125 76 25 3
76 267 25 5
267 101 25 3
101 238 25 4
238 296 25 3
296 224 25 3
224 201 25 3
201 256 25 5
256 0 25 0
26 15
0 225 26 5
225 236 26 3
236 211 26 4
211 228 26 3
228 62 26 4
62 186 26 4
186 107 26 4
107 37 26 3
37 23 26 5
23 195 26 3
195 238 26 5
238 237 26 5
237 268 26 3
268 235 26 5
235 0 26 0
27 11
0 254 27 5
254 236 27 4
236 211 27 5
211 228 27 4
228 248 27 4
248 52 27 4
52 249 27 4
249 245 27 4
245 164 27 5
164 215 27 5
215 0 27 0
28 16
0 206 28 4
206 208 28 3
208 212 28 4
212 243 28 3
243 151 28 3
151 263 28 5
263 244 28 3
244 144 28 5
144 156 28 5
156 257 28 3
257 261 28 5
261 250 28 4
250 286 28 3
286 187 28 5
187 202 28 5
202 0 28 0
29 18
0 206 29 5
206 208 29 4
208 212 29 5
212 243 29 4
243 244 29 5
244 218 29 3
218 13 29 4
13 274 29 3
274 122 29 3
122 252 29 5
252 111 29 4
111 150 29 4
150 232 29 5
232 139 29 3
139 47 29 4
47 291 29 3
291 233 29 3
233 0 29 0
30 14
0 275 30 4
275 110 30 5
110 290 30 3
290 137 30 3
137 260 30 4
260 169 30 5
169 112 30 5
112 300 30 5
300 142 30 4
142 87 30 4
87 273 30 4
273 219 30 4
219 233 30 4
233 0 30 0
31 16
0 297 31 4
297 77 31 4
77 221 31 5
221 266 31 4
266 218 31 5
218 48 31 3
48 239 31 4
239 204 31 5
204 229 31 4
229 88 31 3
88 176 31 4
176 285 31 5
285 281 31 5
281 155 31 4
155 280 31 4
280 0 31 0
32 7
0 230 32 3
230 299 32 4
299 102 32 3
102 249 32 3
249 278 32 3
278 245 32 3
245 0 32 0
33 18
0 207 33 4
207 258 33 3
258 49 33 4
49 27 33 4
27 124 33 4
124 68 33 4
68 170 33 3
170 246 33 3
246 84 33 4
84 282 33 3
282 78 33 3
78 213 33 3
213 292 33 4
292 209 33 3
209 205 33 3
205 74 33 4
74 202 33 4
202 0 33 0
34 3
0 53 34 4
53 247 34 3
247 0 34 0
35 6
0 230 35 5
230 86 35 3
86 69 35 4
69 192 35 4
192 64 35 3
64 0 35 0
36 14
0 207 36 5
207 272 36 5
272 214 36 5
214 242 36 4
242 246 36 4
246 5 36 3
5 262 36 5
262 213 36 4
213 109 36 5
109 209 36 4
209 205 36 4
205 130 36 3
130 184 36 5
184 0 36 0
37 10
0 89 37 5
89 284 37 4
284 183 37 3
183 265 37 4
265 277 37 5
277 247 37 5
247 288 37 5
288 224 37 5
224 201 37 4
201 0 37 0
38 2
0 298 38 4
298 0 38 0
39 2
0 215 39 3
215 0 39 0
