# Solution for ../instances-HHCRSP/InstanzCPLEX_HCSRP_75_7.txt
# Cost = 608.339 Dist = 1825.02 Tard = 0 TMax = 0
# <vehicle> <route length>
# <origin node> <dest node> <vehicle> <service type>
0 7
0 50 0 0
50 10 0 0
10 74 0 0
74 29 0 0
29 9 0 0
9 12 0 0
12 0 0 0
1 13
0 2 1 2
2 42 1 2
42 11 1 0
11 38 1 0
38 64 1 0
64 40 1 2
40 51 1 0
51 68 1 1
68 70 1 1
70 46 1 1
46 26 1 2
26 71 1 0
71 0 1 0
2 8
0 18 2 0
18 73 2 0
73 75 2 1
75 33 2 1
33 39 2 0
39 15 2 1
15 13 2 0
13 0 2 0
3 5
0 65 3 1
65 24 3 1
24 14 3 1
14 69 3 1
69 0 3 0
4 8
0 72 4 1
72 25 4 2
25 45 4 1
45 67 4 2
67 66 4 1
66 22 4 2
22 36 4 2
36 0 4 0
5 11
0 23 5 3
23 53 5 3
53 58 5 3
58 73 5 3
73 43 5 3
43 5 5 4
5 67 5 5
67 66 5 3
66 6 5 4
6 28 5 4
28 0 5 0
6 5
0 53 6 5
53 58 6 4
58 75 6 4
75 37 6 4
37 0 6 0
7 12
0 21 7 4
21 65 7 5
65 31 7 3
31 52 7 3
52 68 7 4
68 55 7 3
55 16 7 4
16 57 7 4
57 30 7 5
30 61 7 3
61 63 7 3
63 0 7 0
8 5
0 20 8 3
20 34 8 3
34 54 8 3
54 60 8 5
60 0 8 0
9 9
0 3 9 3
3 32 9 3
32 1 9 4
1 41 9 5
41 62 9 4
62 69 9 3
69 74 9 4
74 27 9 3
27 0 9 0
10 10
0 72 10 4
72 56 10 3
56 35 10 3
35 4 10 4
4 49 10 4
49 19 10 3
19 8 10 5
8 61 10 4
61 63 10 4
63 0 10 0
11 9
0 56 11 5
56 64 11 4
64 62 11 5
62 70 11 5
70 55 11 4
55 57 11 5
57 7 11 4
7 71 11 3
71 0 11 0
12 5
0 59 12 3
59 47 12 4
47 54 12 4
54 60 12 3
60 0 12 0
13 3
0 59 13 4
59 44 13 3
44 0 13 0
14 3
0 48 14 3
48 17 14 3
17 0 14 0
