# Solution for ../instances-HHCRSP/InstanzVNS_HCSRP_100_8.txt
# Cost = 752.945 Dist = 2255.98 Tard = 1.46821 TMax = 1.38516
# <vehicle> <route length>
# <origin node> <dest node> <vehicle> <service type>
0 10
0 21 0 0
21 17 0 0
17 86 0 2
86 23 0 2
23 94 0 0
94 56 0 2
56 58 0 2
58 98 0 2
98 99 0 0
99 0 0 0
1 17
0 10 1 0
10 42 1 0
42 65 1 0
65 33 1 1
33 22 1 1
22 45 1 2
45 55 1 0
55 97 1 0
97 53 1 1
53 100 1 1
100 89 1 0
89 44 1 1
44 13 1 2
13 48 1 1
48 51 1 0
51 46 1 2
46 0 1 0
2 5
0 40 2 0
40 95 2 0
95 62 2 0
62 5 2 0
5 0 2 0
3 7
0 92 3 1
92 54 3 1
54 66 3 1
66 32 3 1
32 4 3 1
4 88 3 1
88 0 3 0
4 4
0 87 4 2
87 60 4 2
60 93 4 2
93 0 4 0
5 6
0 91 5 2
91 68 5 2
68 12 5 2
12 6 5 2
6 90 5 2
90 0 5 0
6 8
0 11 6 0
11 57 6 1
57 36 6 1
36 96 6 1
96 16 6 0
16 27 6 1
27 18 6 1
18 0 6 0
7 12
0 70 7 5
70 1 7 4
1 82 7 3
82 75 7 3
75 83 7 3
83 24 7 4
24 34 7 5
34 47 7 4
47 39 7 4
39 99 7 3
99 88 7 3
88 0 7 0
8 12
0 49 8 5
49 25 8 5
25 8 8 5
8 82 8 5
82 75 8 4
75 83 8 4
83 100 8 3
100 89 8 4
89 72 8 3
72 3 8 4
3 79 8 3
79 0 8 0
9 6
0 86 9 5
86 14 9 5
14 20 9 3
20 90 9 3
90 30 9 5
30 0 9 0
10 7
0 50 10 4
50 26 10 3
26 94 10 3
94 78 10 4
78 15 10 4
15 52 10 4
52 0 10 0
11 3
0 87 11 4
87 77 11 4
77 0 11 0
12 6
0 59 12 3
59 84 12 3
84 74 12 3
74 85 12 4
85 9 12 5
9 0 12 0
13 9
0 91 13 5
91 92 13 5
92 78 13 5
78 63 13 5
63 19 13 3
19 29 13 3
29 2 13 4
2 67 13 5
67 0 13 0
14 7
0 43 14 4
43 61 14 4
61 76 14 4
76 98 14 4
98 80 14 4
80 71 14 4
71 0 14 0
15 4
0 84 15 5
84 74 15 5
74 85 15 5
85 0 15 0
16 12
0 7 16 3
7 97 16 4
97 64 16 3
64 95 16 5
95 81 16 3
81 31 16 5
31 73 16 3
73 76 16 3
76 80 16 5
80 71 16 3
71 28 16 3
28 0 16 0
17 8
0 81 17 5
81 37 17 5
37 73 17 5
73 69 17 3
69 72 17 4
72 35 17 4
35 79 17 4
79 0 17 0
18 6
0 77 18 3
77 96 18 3
96 41 18 5
41 38 18 4
38 93 18 5
93 0 18 0
19 1
0 0 19 0
