# Solution for ../instances-HHCRSP/InstanzCPLEX_HCSRP_75_6.txt
# Cost = 753.781 Dist = 2253.98 Tard = 3.68169 TMax = 3.68169
# <vehicle> <route length>
# <origin node> <dest node> <vehicle> <service type>
0 13
0 67 0 1
67 65 0 1
65 4 0 0
4 13 0 0
13 74 0 0
74 19 0 1
19 40 0 2
40 15 0 1
15 23 0 1
23 24 0 1
24 73 0 1
73 1 0 1
1 0 0 0
1 3
0 22 1 2
22 30 1 2
30 0 1 0
2 11
0 16 2 0
16 66 2 2
66 20 2 2
20 33 2 0
33 18 2 0
18 2 2 0
2 44 2 0
44 41 2 0
41 68 2 2
68 70 2 0
70 0 2 0
3 6
0 25 3 2
25 51 3 2
51 3 3 2
3 47 3 2
47 12 3 2
12 0 3 0
4 11
0 5 4 1
5 36 4 1
36 43 4 1
43 31 4 2
31 64 4 1
64 26 4 0
26 72 4 2
72 71 4 0
71 69 4 2
69 75 4 1
75 0 4 0
5 7
0 35 5 5
35 67 5 3
67 66 5 3
66 62 5 5
62 17 5 5
17 58 5 3
58 0 5 0
6 9
0 60 6 4
60 65 6 5
65 27 6 4
27 55 6 3
55 9 6 4
9 21 6 3
21 28 6 5
28 32 6 4
32 0 6 0
7 10
0 60 7 5
60 48 7 4
48 11 7 4
11 74 7 3
74 53 7 3
53 61 7 4
61 73 7 4
73 38 7 5
38 29 7 3
29 0 7 0
8 7
0 56 8 4
56 45 8 5
45 50 8 3
50 6 8 5
6 64 8 3
64 10 8 5
10 0 8 0
9 3
0 56 9 5
56 75 9 4
75 0 9 0
10 7
0 62 10 4
62 8 10 4
8 72 10 4
72 71 10 4
71 69 10 4
69 14 10 3
14 0 10 0
11 6
0 54 11 4
54 63 11 4
63 59 11 4
59 57 11 3
57 42 11 4
42 0 11 0
12 8
0 7 12 5
7 55 12 4
55 52 12 3
52 46 12 4
46 53 12 4
53 61 12 5
61 58 12 5
58 0 12 0
13 6
0 54 13 5
54 39 13 5
39 63 13 5
63 59 13 5
59 68 13 5
68 0 13 0
14 6
0 49 14 4
49 37 14 4
37 34 14 5
34 57 14 5
57 70 14 5
70 0 14 0
