# Solution for ../instances-HHCRSP/InstanzVNS_HCSRP_200_5.txt
# Cost = 1342.73 Dist = 4007.3 Tard = 15.2143 TMax = 5.67411
# <vehicle> <route length>
# <origin node> <dest node> <vehicle> <service type>
0 17
0 199 0 0
199 184 0 1
184 46 0 2
46 9 0 2
9 17 0 0
17 186 0 2
186 200 0 2
200 69 0 2
69 39 0 1
39 27 0 2
27 97 0 1
97 4 0 2
4 5 0 0
5 189 0 2
189 35 0 1
35 24 0 2
24 0 0 0
1 9
0 71 1 1
71 174 1 1
174 192 1 1
192 194 1 1
194 76 1 1
76 40 1 1
40 13 1 1
13 96 1 1
96 0 1 0
2 10
0 135 2 2
135 195 2 2
195 124 2 2
124 117 2 2
117 171 2 2
171 187 2 2
187 173 2 2
173 140 2 2
140 108 2 2
108 0 2 0
3 12
0 126 3 0
126 115 3 0
115 182 3 0
182 70 3 0
70 23 3 0
23 85 3 0
85 74 3 0
74 41 3 0
41 114 3 0
114 193 3 0
193 137 3 0
137 0 3 0
4 16
0 188 4 2
188 34 4 1
34 198 4 2
198 180 4 2
180 121 4 1
121 3 4 2
3 102 4 1
102 64 4 2
64 18 4 1
18 51 4 1
51 86 4 1
86 33 4 1
33 197 4 1
197 176 4 1
176 75 4 1
75 0 4 0
5 21
0 93 5 0
93 77 5 1
77 172 5 1
172 14 5 0
14 99 5 0
99 118 5 1
118 131 5 0
131 183 5 1
183 91 5 1
91 185 5 1
185 31 5 1
31 87 5 0
87 119 5 1
119 177 5 0
177 178 5 0
178 25 5 1
25 106 5 1
106 88 5 0
88 116 5 0
116 82 5 1
82 0 5 0
6 4
0 196 6 2
196 36 6 2
36 100 6 2
100 0 6 0
7 9
0 179 7 0
179 181 7 0
181 43 7 0
43 191 7 0
191 190 7 0
190 21 7 0
21 56 7 0
56 104 7 0
104 0 7 0
8 2
0 81 8 1
81 0 8 0
9 7
0 15 9 2
15 175 9 1
175 84 9 1
84 90 9 1
90 30 9 2
30 32 9 2
32 0 9 0
10 10
0 166 10 3
166 49 10 5
49 60 10 5
60 161 10 3
161 12 10 3
12 19 10 5
19 187 10 3
187 136 10 5
136 145 10 3
145 0 10 0
11 13
0 166 11 5
166 42 11 5
42 192 11 4
192 194 11 3
194 161 11 4
161 151 11 4
151 170 11 3
170 156 11 4
156 105 11 4
105 197 11 4
197 148 11 3
148 176 11 3
176 0 11 0
12 13
0 152 12 4
152 54 12 5
54 199 12 3
199 180 12 3
180 147 12 4
147 144 12 4
144 7 12 4
7 168 12 4
168 113 12 3
113 48 12 4
48 159 12 4
159 189 12 4
189 0 12 0
13 10
0 152 13 5
152 98 13 3
98 111 13 4
111 38 13 3
38 55 13 5
55 129 13 3
129 94 13 3
94 109 13 4
109 1 13 5
1 0 13 0
14 14
0 78 14 4
78 122 14 4
122 184 14 4
184 11 14 5
11 142 14 4
142 183 14 5
183 53 14 4
53 125 14 4
125 157 14 5
157 162 14 5
162 149 14 5
149 178 14 4
178 107 14 5
107 0 14 0
15 16
0 160 15 3
160 154 15 3
154 28 15 3
28 188 15 5
188 29 15 3
29 198 15 4
198 52 15 5
52 147 15 5
147 144 15 5
144 130 15 4
130 83 15 4
83 134 15 3
134 170 15 5
170 156 15 5
156 148 15 5
148 0 15 0
16 20
0 160 16 5
160 154 16 5
154 45 16 3
45 59 16 3
59 6 16 5
6 22 16 5
22 133 16 3
133 172 16 5
172 142 16 3
142 127 16 5
127 186 16 5
186 200 16 3
200 67 16 3
67 168 16 5
168 68 16 5
68 146 16 3
146 61 16 5
61 89 16 3
89 159 16 5
159 0 16 0
17 9
0 167 17 3
167 143 17 3
143 195 17 3
195 20 17 3
20 58 17 4
58 128 17 3
128 141 17 4
141 193 17 4
193 0 17 0
18 11
0 167 18 4
167 143 18 5
143 50 18 3
50 182 18 4
182 8 18 5
8 120 18 4
120 171 18 5
171 95 18 4
95 132 18 4
132 145 18 5
145 0 18 0
19 14
0 153 19 3
153 164 19 3
164 165 19 3
165 163 19 3
163 72 19 4
72 155 19 3
155 185 19 3
185 47 19 4
47 150 19 3
150 26 19 4
26 158 19 4
158 92 19 3
92 123 19 4
123 0 19 0
20 4
0 138 20 5
138 169 20 3
169 179 20 5
179 0 20 0
21 14
0 153 21 5
153 164 21 4
164 165 21 4
165 155 21 4
155 66 21 3
66 2 21 4
2 10 21 3
10 162 21 3
162 149 21 3
149 177 21 3
177 146 21 4
146 150 21 4
150 158 21 5
158 0 21 0
22 7
0 196 22 4
196 174 22 4
174 65 22 4
65 79 22 3
79 141 22 5
141 73 22 4
73 0 22 0
23 2
0 169 23 5
169 0 23 0
24 13
0 16 24 4
16 139 24 3
139 80 24 5
80 163 24 5
163 63 24 3
63 157 24 3
157 103 24 4
103 112 24 5
112 62 24 3
62 151 24 5
151 37 24 4
37 173 24 4
173 0 24 0
25 5
0 175 25 4
175 181 25 5
181 110 25 5
110 57 25 5
57 0 25 0
26 4
0 101 26 5
101 191 26 3
191 190 26 3
190 0 26 0
27 2
0 44 27 3
44 0 27 0
28 1
0 0 28 0
29 1
0 0 29 0
