# Solution for ../instances-HHCRSP/InstanzVNS_HCSRP_100_8.txt
# Cost = 756.769 Dist = 2253.48 Tard = 10.5649 TMax = 6.25941
# <vehicle> <route length>
# <origin node> <dest node> <vehicle> <service type>
0 11
0 10 0 0
10 42 0 0
42 65 0 0
65 45 0 2
45 97 0 0
97 55 0 0
55 13 0 2
13 89 0 0
89 51 0 0
51 46 0 2
46 0 0 0
1 18
0 91 1 2
91 86 1 2
86 92 1 1
92 21 1 0
21 17 1 0
17 68 1 2
68 54 1 1
54 58 1 2
58 66 1 1
66 56 1 2
56 6 1 2
6 12 1 2
12 32 1 1
32 4 1 1
4 98 1 2
98 99 1 0
99 88 1 1
88 0 1 0
2 6
0 40 2 0
40 95 2 0
95 62 2 0
62 16 2 0
16 5 2 0
5 0 2 0
3 9
0 22 3 1
22 33 3 1
33 53 3 1
53 44 3 1
44 100 3 1
100 48 3 1
48 27 3 1
27 18 3 1
18 0 3 0
4 4
0 87 4 2
87 60 4 2
60 93 4 2
93 0 4 0
5 3
0 23 5 2
23 90 5 2
90 0 5 0
6 6
0 11 6 0
11 57 6 1
57 94 6 0
94 36 6 1
36 96 6 1
96 0 6 0
7 11
0 7 7 3
7 8 7 5
8 82 7 3
82 75 7 3
75 83 7 3
83 100 7 3
100 89 7 4
89 72 7 3
72 35 7 4
35 79 7 3
79 0 7 0
8 11
0 50 8 4
50 26 8 3
26 14 8 5
14 20 8 3
20 78 8 4
78 63 8 5
63 15 8 4
15 52 8 4
52 2 8 4
2 67 8 5
67 0 8 0
9 10
0 91 9 5
91 86 9 5
86 92 9 5
92 78 9 5
78 94 9 3
94 19 9 3
19 90 9 3
90 30 9 5
30 29 9 3
29 0 9 0
10 5
0 59 10 3
59 84 10 3
84 74 10 3
74 85 10 4
85 0 10 0
11 7
0 43 11 4
43 61 11 4
61 76 11 4
76 80 11 4
80 98 11 4
98 71 11 4
71 0 11 0
12 9
0 82 12 5
82 75 12 4
75 83 12 4
83 34 12 5
34 47 12 4
47 39 12 4
39 99 12 3
99 88 12 3
88 0 12 0
13 5
0 84 13 5
84 74 13 5
74 85 13 5
85 9 13 5
9 0 13 0
14 3
0 87 14 4
87 77 14 4
77 0 14 0
15 6
0 37 15 5
37 81 15 5
81 73 15 5
73 31 15 5
31 93 15 5
93 0 15 0
16 9
0 49 16 5
49 97 16 4
97 1 16 4
1 70 16 5
70 76 16 3
76 80 16 5
80 71 16 3
71 28 16 3
28 0 16 0
17 10
0 25 17 5
25 24 17 4
24 64 17 3
64 95 17 5
95 81 17 3
81 73 17 3
73 3 17 4
3 69 17 3
69 72 17 4
72 0 17 0
18 6
0 77 18 3
77 96 18 3
96 41 18 5
41 38 18 4
38 79 18 4
79 0 18 0
19 1
0 0 19 0
