# Solution for ../instances-HHCRSP/InstanzVNS_HCSRP_100_8.txt
# Cost = 759.669 Dist = 2271.09 Tard = 5.69069 TMax = 2.22248
# <vehicle> <route length>
# <origin node> <dest node> <vehicle> <service type>
0 10
0 21 0 0
21 17 0 0
17 86 0 2
86 23 0 2
23 94 0 0
94 56 0 2
56 58 0 2
58 98 0 2
98 99 0 0
99 0 0 0
1 16
0 42 1 0
42 65 1 0
65 33 1 1
33 22 1 1
22 45 1 2
45 97 1 0
97 55 1 0
55 53 1 1
53 100 1 1
100 89 1 0
89 44 1 1
44 13 1 2
13 48 1 1
48 51 1 0
51 46 1 2
46 0 1 0
2 6
0 10 2 0
10 40 2 0
40 95 2 0
95 62 2 0
62 5 2 0
5 0 2 0
3 7
0 92 3 1
92 54 3 1
54 66 3 1
66 32 3 1
32 4 3 1
4 88 3 1
88 0 3 0
4 6
0 91 4 2
91 68 4 2
68 12 4 2
12 6 4 2
6 90 4 2
90 0 4 0
5 4
0 87 5 2
87 60 5 2
60 93 5 2
93 0 5 0
6 8
0 11 6 0
11 57 6 1
57 36 6 1
36 96 6 1
96 16 6 0
16 27 6 1
27 18 6 1
18 0 6 0
7 11
0 25 7 5
25 8 7 5
8 82 7 3
82 75 7 3
75 100 7 3
100 89 7 4
89 83 7 3
83 72 7 3
72 3 7 4
3 79 7 3
79 0 7 0
8 12
0 50 8 4
50 26 8 3
26 86 8 5
86 14 8 5
14 20 8 3
20 78 8 4
78 63 8 5
63 15 8 4
15 52 8 4
52 2 8 4
2 67 8 5
67 0 8 0
9 9
0 91 9 5
91 92 9 5
92 78 9 5
78 94 9 3
94 19 9 3
19 90 9 3
90 30 9 5
30 29 9 3
29 0 9 0
10 5
0 59 10 3
59 84 10 3
84 74 10 3
74 85 10 4
85 0 10 0
11 8
0 43 11 4
43 61 11 4
61 1 11 4
1 98 11 4
98 76 11 4
76 80 11 4
80 71 11 4
71 0 11 0
12 8
0 82 12 5
82 75 12 4
75 83 12 4
83 72 12 4
72 69 12 3
69 35 12 4
35 79 12 4
79 0 12 0
13 12
0 49 13 5
49 7 13 3
7 97 13 4
97 95 13 5
95 64 13 3
64 24 13 4
24 34 13 5
34 47 13 4
47 39 13 4
39 99 13 3
99 88 13 3
88 0 13 0
14 3
0 87 14 4
87 77 14 4
77 0 14 0
15 5
0 70 15 5
70 73 15 5
73 31 15 5
31 93 15 5
93 0 15 0
16 6
0 81 16 3
81 38 16 4
38 41 16 5
41 96 16 3
96 77 16 3
77 0 16 0
17 8
0 81 17 5
81 37 17 5
37 73 17 3
73 76 17 3
76 80 17 5
80 71 17 3
71 28 17 3
28 0 17 0
18 5
0 84 18 5
84 74 18 5
74 85 18 5
85 9 18 5
9 0 18 0
19 1
0 0 19 0
