# Solution for ../instances-HHCRSP/InstanzCPLEX_HCSRP_75_3.txt
# Cost = 657.877 Dist = 1911.49 Tard = 43.5271 TMax = 18.6141
# <vehicle> <route length>
# <origin node> <dest node> <vehicle> <service type>
0 14
0 35 0 2
35 9 0 1
9 50 0 2
50 74 0 2
74 40 0 1
40 47 0 2
47 45 0 2
45 17 0 0
17 67 0 0
67 43 0 2
43 66 0 2
66 5 0 0
5 31 0 2
31 0 0 0
1 4
0 10 1 1
10 75 1 1
75 38 1 0
38 0 1 0
2 10
0 23 2 1
23 1 2 2
1 2 2 2
2 29 2 2
29 68 2 2
68 69 2 2
69 73 2 2
73 65 2 2
65 72 2 2
72 0 2 0
3 8
0 70 3 0
70 33 3 0
33 71 3 0
71 6 3 0
6 22 3 0
22 34 3 0
34 3 3 0
3 0 3 0
4 7
0 20 4 1
20 26 4 1
26 4 4 1
4 41 4 1
41 64 4 1
64 21 4 1
21 0 4 0
5 13
0 7 5 3
7 44 5 4
44 55 5 3
55 74 5 5
74 71 5 4
71 59 5 3
59 32 5 5
32 8 5 4
8 12 5 4
12 60 5 3
60 57 5 4
57 54 5 3
54 0 5 0
6 8
0 70 6 5
70 55 6 4
55 51 6 3
51 52 6 3
52 60 6 4
60 57 6 5
57 54 6 4
54 0 6 0
7 7
0 15 7 3
15 27 7 5
27 28 7 5
28 75 7 4
75 53 7 3
53 48 7 5
48 0 7 0
8 6
0 36 8 3
36 59 8 4
59 67 8 4
67 66 8 4
66 11 8 3
11 0 8 0
9 7
0 63 9 3
63 56 9 4
56 62 9 4
62 18 9 3
18 14 9 4
14 25 9 4
25 0 9 0
10 8
0 63 10 4
63 56 10 5
56 62 10 5
62 19 10 4
19 13 10 5
13 64 10 5
64 58 10 4
58 0 10 0
11 8
0 49 11 4
49 42 11 5
42 61 11 4
61 24 11 5
24 46 11 4
46 73 11 5
73 53 11 4
53 0 11 0
12 6
0 16 12 4
16 69 12 5
69 30 12 5
30 37 12 3
37 72 12 4
72 0 12 0
13 4
0 61 13 5
61 39 13 3
39 65 13 5
65 0 13 0
14 3
0 68 14 4
68 58 14 3
58 0 14 0
