# Solution for ../instances-HHCRSP/InstanzCPLEX_HCSRP_50_7.txt
# Cost = 534.942 Dist = 1604.83 Tard = 0 TMax = 0
# <vehicle> <route length>
# <origin node> <dest node> <vehicle> <service type>
0 13
0 18 0 0
18 50 0 0
50 45 0 0
45 25 0 2
25 43 0 0
43 10 0 0
10 29 0 0
29 48 0 0
48 13 0 0
13 22 0 2
22 12 0 0
12 9 0 0
9 0 0 0
1 9
0 49 1 1
49 24 1 1
24 14 1 1
14 47 1 2
47 44 1 1
44 15 1 1
15 33 1 1
33 46 1 1
46 0 1 0
2 4
0 2 2 2
2 11 2 0
11 26 2 2
26 0 2 0
3 6
0 23 3 3
23 5 3 4
5 43 3 3
43 37 3 3
37 39 3 3
39 0 3 0
4 9
0 20 4 3
20 34 4 3
34 50 4 3
50 45 4 5
45 6 4 4
6 28 4 4
28 37 4 5
37 36 4 4
36 0 4 0
5 12
0 3 5 3
3 21 5 4
21 42 5 3
42 1 5 4
1 38 5 3
38 32 5 3
32 31 5 3
31 41 5 3
41 40 5 4
40 30 5 5
30 8 5 5
8 0 5 0
6 6
0 49 6 5
49 27 6 3
27 19 6 3
19 48 6 3
48 17 6 3
17 0 6 0
7 8
0 42 7 4
42 38 7 4
38 41 7 4
41 40 7 5
40 7 7 4
7 16 7 4
16 46 7 5
46 0 7 0
8 4
0 4 8 4
4 35 8 3
35 36 8 5
36 0 8 0
9 4
0 47 9 4
47 44 9 5
44 39 9 4
39 0 9 0
