# Solution for ../instances-HHCRSP/InstanzCPLEX_HCSRP_75_9.txt
# Cost = 714.414 Dist = 2110.83 Tard = 16.2058 TMax = 16.2058
# <vehicle> <route length>
# <origin node> <dest node> <vehicle> <service type>
0 11
0 64 0 1
64 66 0 1
66 50 0 1
50 67 0 0
67 4 0 1
4 8 0 0
8 70 0 1
70 72 0 1
72 21 0 1
21 74 0 1
74 0 0 0
1 1
0 0 1 0
2 14
0 16 2 2
16 47 2 2
47 35 2 2
35 9 2 1
9 1 2 1
1 30 2 1
30 33 2 0
33 20 2 0
20 26 2 0
26 28 2 2
28 31 2 0
31 65 2 2
65 44 2 2
44 0 2 0
3 7
0 73 3 2
73 43 3 0
43 71 3 1
71 23 3 2
23 32 3 0
32 10 3 1
10 0 3 0
4 10
0 42 4 2
42 36 4 2
36 11 4 2
11 27 4 0
27 68 4 2
68 75 4 2
75 18 4 2
18 45 4 2
45 69 4 2
69 0 4 0
5 11
0 56 5 4
56 22 5 4
22 68 5 4
68 70 5 4
70 62 5 4
62 15 5 5
15 37 5 5
37 69 5 4
69 51 5 4
51 57 5 5
57 0 5 0
6 6
0 56 6 5
56 63 6 3
63 58 6 3
58 61 6 5
61 55 6 3
55 0 6 0
7 4
0 73 7 4
73 14 7 4
14 53 7 4
53 0 7 0
8 12
0 64 8 4
64 52 8 4
52 63 8 5
63 67 8 4
67 19 8 5
19 12 8 4
12 75 8 5
75 72 8 3
72 62 8 3
62 24 8 4
24 74 8 3
74 0 8 0
9 16
0 34 9 4
34 54 9 4
54 49 9 5
49 2 9 4
2 66 9 3
66 5 9 5
5 6 9 3
6 17 9 5
17 48 9 5
48 61 9 4
61 3 9 4
3 41 9 4
41 13 9 4
13 65 9 4
65 55 9 5
55 0 9 0
10 4
0 54 10 5
54 71 10 5
71 25 10 5
25 0 10 0
11 9
0 59 11 3
59 39 11 3
39 46 11 5
46 58 11 5
58 38 11 3
38 29 11 3
29 40 11 5
40 57 11 3
57 0 11 0
12 3
0 7 12 5
7 60 12 3
60 0 12 0
13 3
0 59 13 4
59 60 13 5
60 0 13 0
14 2
0 53 14 3
53 0 14 0
