# Solution for ../instances-HHCRSP/InstanzVNS_HCSRP_100_7.txt
# Cost = 731.986 Dist = 2195.26 Tard = 0.37345 TMax = 0.32456
# <vehicle> <route length>
# <origin node> <dest node> <vehicle> <service type>
0 15
0 50 0 0
50 24 0 1
24 11 0 0
11 38 0 0
38 90 0 0
90 64 0 1
64 51 0 0
51 91 0 0
91 68 0 1
68 26 0 2
26 96 0 0
96 94 0 1
94 46 0 1
46 57 0 0
57 0 0 0
1 7
0 18 1 0
18 99 1 2
99 100 1 1
100 25 1 2
25 53 1 0
53 92 1 2
92 0 1 0
2 11
0 98 2 1
98 45 2 1
45 93 2 0
93 59 2 0
59 29 2 0
29 15 2 1
15 33 2 1
33 12 2 0
12 9 2 0
9 86 2 1
86 0 2 0
3 3
0 97 3 2
97 67 3 2
67 0 3 0
4 9
0 65 4 2
65 95 4 2
95 42 4 2
42 2 4 2
2 40 4 2
40 88 4 2
88 14 4 1
14 87 4 2
87 0 4 0
5 2
0 22 5 2
22 0 5 0
6 8
0 10 6 0
10 89 6 2
89 54 6 2
54 39 6 0
39 36 6 2
36 13 6 0
13 63 6 0
63 0 6 0
7 10
0 99 7 3
99 100 7 4
100 43 7 3
43 73 7 3
73 5 7 4
5 66 7 3
66 83 7 3
83 37 7 4
37 86 7 3
86 0 7 0
8 8
0 97 8 5
97 82 8 3
82 20 8 3
20 89 8 3
89 61 8 4
61 87 8 5
87 76 8 3
76 0 8 0
9 13
0 3 9 3
3 21 9 4
21 95 9 3
95 31 9 3
31 91 9 4
91 80 9 3
80 16 9 4
16 62 9 3
62 85 9 4
85 55 9 4
55 7 9 4
7 71 9 3
71 0 9 0
10 11
0 81 10 4
81 75 10 4
75 1 10 4
1 79 10 3
79 77 10 3
77 78 10 4
78 41 10 5
41 88 10 4
88 52 10 3
52 71 10 4
71 0 10 0
11 8
0 72 11 3
72 34 11 3
34 82 11 4
82 28 11 4
28 93 11 3
93 6 11 4
6 47 11 4
47 0 11 0
12 7
0 72 12 4
72 98 12 4
98 17 12 3
17 48 12 3
48 19 12 3
19 76 12 4
76 0 12 0
13 6
0 81 13 5
81 75 13 5
75 69 13 5
69 8 13 5
8 74 13 3
74 0 13 0
14 16
0 49 14 4
49 4 14 4
4 35 14 3
35 56 14 4
56 90 14 3
90 32 14 3
32 79 14 4
79 77 14 4
77 78 14 5
78 70 14 5
70 80 14 4
80 85 14 5
85 96 14 5
96 94 14 5
94 30 14 5
30 0 14 0
15 5
0 23 15 3
23 58 15 3
58 73 15 5
73 83 15 5
83 0 15 0
16 5
0 84 16 3
84 92 16 3
92 60 16 3
60 44 16 3
44 0 16 0
17 2
0 84 17 4
84 0 17 0
18 3
0 27 18 3
27 74 18 4
74 0 18 0
19 1
0 0 19 0
