# Solution for ../instances-HHCRSP/InstanzVNS_HCSRP_100_9.txt
# Cost = 972.949 Dist = 2909.42 Tard = 6.91443 TMax = 2.5113
# <vehicle> <route length>
# <origin node> <dest node> <vehicle> <service type>
0 14
0 59 0 2
59 64 0 2
64 47 0 2
47 35 0 2
35 9 0 1
9 1 0 1
1 90 0 0
90 26 0 0
26 61 0 0
61 44 0 2
44 53 0 0
53 60 0 2
60 93 0 1
93 0 0 0
1 3
0 91 1 1
91 10 1 1
10 0 1 0
2 6
0 89 2 0
89 87 2 0
87 33 2 0
33 55 2 0
55 31 2 0
31 0 2 0
3 3
0 99 3 0
99 32 3 0
32 0 3 0
4 11
0 97 4 2
97 16 4 2
16 98 4 2
98 23 4 2
23 43 4 0
43 96 4 2
96 58 4 2
58 20 4 0
20 28 4 2
28 94 4 0
94 0 4 0
5 13
0 42 5 2
42 54 5 1
54 36 5 2
36 11 5 2
11 100 5 1
100 88 5 2
88 86 5 2
86 18 5 2
18 92 5 0
92 21 5 1
21 45 5 2
45 57 5 2
57 0 5 0
6 9
0 4 6 1
4 27 6 0
27 50 6 1
50 56 6 0
56 95 6 1
95 8 6 0
8 30 6 1
30 69 6 0
69 0 6 0
7 16
0 73 7 3
73 49 7 5
49 39 7 3
39 66 7 3
66 87 7 3
87 76 7 3
76 48 7 5
48 17 7 5
17 90 7 5
90 85 7 3
85 38 7 3
38 80 7 5
80 37 7 5
37 29 7 3
29 40 7 5
40 0 7 0
8 14
0 2 8 4
2 68 8 4
68 22 8 4
22 75 8 4
75 79 8 4
79 12 8 4
12 83 8 4
83 77 8 4
77 88 8 5
88 15 8 5
15 78 8 4
78 51 8 4
51 74 8 4
74 0 8 0
9 4
0 73 9 5
73 71 9 3
71 7 9 5
7 0 9 0
10 10
0 34 10 4
34 89 10 4
89 63 10 4
63 75 10 3
75 79 10 3
79 83 10 3
83 100 10 3
100 77 10 5
77 92 10 4
92 0 10 0
11 1
0 0 11 0
12 10
0 52 12 4
52 81 12 4
81 5 12 5
5 76 12 5
76 84 12 4
84 19 12 5
19 72 12 4
72 86 12 5
86 24 12 4
24 0 12 0
13 11
0 81 13 5
81 6 13 3
6 67 13 5
67 95 13 5
95 84 13 5
84 72 13 3
72 70 13 5
70 62 13 3
62 78 13 3
78 74 13 5
74 0 13 0
14 7
0 97 14 4
97 46 14 5
46 96 14 5
96 41 14 4
41 94 14 5
94 65 14 5
65 0 14 0
15 9
0 82 15 4
82 98 15 3
98 91 15 3
91 3 15 4
3 85 15 4
85 80 15 4
80 13 15 4
13 14 15 4
14 0 15 0
16 4
0 82 16 5
82 71 16 5
71 93 16 4
93 0 16 0
17 1
0 0 17 0
18 3
0 25 18 5
25 99 18 4
99 0 18 0
19 1
0 0 19 0
