# Solution for ../instances-HHCRSP/InstanzCPLEX_HCSRP_75_6.txt
# Cost = 733.666 Dist = 2186.52 Tard = 10.8013 TMax = 3.68169
# <vehicle> <route length>
# <origin node> <dest node> <vehicle> <service type>
0 14
0 67 0 1
67 65 0 1
65 4 0 0
4 13 0 0
13 74 0 0
74 33 0 0
33 19 0 1
19 40 0 2
40 15 0 1
15 23 0 1
23 24 0 1
24 73 0 1
73 1 0 1
1 0 0 0
1 7
0 30 1 2
30 66 1 2
66 20 1 2
20 3 1 2
3 47 1 2
47 12 1 2
12 0 1 0
2 10
0 16 2 0
16 25 2 2
25 51 2 2
51 18 2 0
18 2 2 0
2 44 2 0
44 41 2 0
41 68 2 2
68 70 2 0
70 0 2 0
3 2
0 22 3 2
22 0 3 0
4 11
0 5 4 1
5 36 4 1
36 43 4 1
43 31 4 2
31 64 4 1
64 26 4 0
26 72 4 2
72 71 4 0
71 69 4 2
69 75 4 1
75 0 4 0
5 9
0 67 5 3
67 62 5 5
62 66 5 3
66 17 5 5
17 74 5 3
74 53 5 3
53 61 5 5
61 58 5 3
58 0 5 0
6 11
0 27 6 4
27 60 6 4
60 11 6 4
11 48 6 4
48 46 6 4
46 53 6 4
53 61 6 4
61 73 6 4
73 38 6 5
38 29 6 3
29 0 6 0
7 11
0 60 7 5
60 65 7 5
65 52 7 3
52 55 7 3
55 9 7 4
9 21 7 3
21 72 7 4
72 71 7 4
71 69 7 4
69 14 7 3
14 0 7 0
8 7
0 45 8 5
45 50 8 3
50 6 8 5
6 64 8 3
64 32 8 4
32 10 8 5
10 0 8 0
9 8
0 54 9 4
54 35 9 5
35 62 9 4
62 8 9 4
8 55 9 4
55 28 9 5
28 58 9 5
58 0 9 0
10 3
0 49 10 4
49 37 10 4
37 0 10 0
11 6
0 56 11 4
56 63 11 4
63 59 11 4
59 57 11 3
57 42 11 4
42 0 11 0
12 10
0 54 12 5
54 39 12 5
39 7 12 5
7 34 12 5
34 63 12 5
63 59 12 5
59 68 12 5
68 57 12 5
57 70 12 5
70 0 12 0
13 3
0 56 13 5
56 75 13 4
75 0 13 0
14 1
0 0 14 0
