# Solution for ../instances-HHCRSP/InstanzVNS_HCSRP_100_5.txt
# Cost = 783.863 Dist = 2310.59 Tard = 27.1717 TMax = 13.823
# <vehicle> <route length>
# <origin node> <dest node> <vehicle> <service type>
0 19
0 93 0 0
93 14 0 0
14 46 0 2
46 99 0 0
99 17 0 0
17 91 0 0
91 9 0 2
9 87 0 0
87 100 0 2
100 39 0 1
39 25 0 1
25 31 0 1
31 97 0 0
97 27 0 2
27 92 0 1
92 4 0 2
4 33 0 1
33 5 0 0
5 0 0 0
1 9
0 15 1 2
15 3 1 2
3 36 1 2
36 64 1 2
64 94 1 2
94 69 1 2
69 89 1 2
89 24 1 2
24 0 1 0
2 1
0 0 2 0
3 10
0 21 3 0
21 23 3 0
23 34 3 1
34 18 3 1
18 51 3 1
51 86 3 0
86 88 3 0
88 35 3 1
35 95 3 1
95 0 3 0
4 5
0 98 4 1
98 13 4 1
13 96 4 1
96 40 4 1
40 0 4 0
5 8
0 70 5 0
70 56 5 0
56 41 5 0
41 43 5 0
43 32 5 2
32 90 5 0
90 30 5 2
30 0 5 0
6 1
0 0 6 0
7 7
0 50 7 3
50 55 7 5
55 38 7 3
38 1 7 5
1 96 7 5
96 44 7 3
44 0 7 0
8 16
0 93 8 4
93 77 8 5
77 78 8 4
78 99 8 4
99 72 8 5
72 80 8 4
80 87 8 4
87 7 8 4
7 83 8 4
83 48 8 4
48 61 8 5
61 97 8 5
97 89 8 5
89 26 8 4
26 92 8 5
92 0 8 0
9 6
0 58 9 4
58 84 9 4
84 79 9 4
79 65 9 4
65 75 9 4
75 0 9 0
10 10
0 45 10 3
45 77 10 3
77 78 10 5
78 80 10 5
80 67 10 3
67 100 10 5
100 10 10 3
10 53 10 4
53 85 10 3
85 0 10 0
11 14
0 16 11 4
16 28 11 3
28 49 11 5
49 63 11 3
63 11 11 5
11 72 11 3
72 91 11 5
91 2 11 4
2 66 11 3
66 47 11 4
47 68 11 5
68 83 11 5
83 85 11 5
85 0 11 0
12 13
0 81 12 4
81 20 12 3
20 8 12 5
8 19 12 5
19 71 12 3
71 12 12 3
12 74 12 3
74 94 12 3
94 82 12 4
82 76 12 3
76 37 12 4
37 88 12 3
88 0 12 0
13 4
0 98 13 4
98 71 13 4
71 74 13 4
74 0 13 0
14 4
0 81 14 5
81 90 14 5
90 57 14 5
57 0 14 0
15 4
0 84 15 3
84 79 15 3
79 75 15 3
75 0 15 0
16 2
0 73 16 3
73 0 16 0
17 14
0 42 17 5
42 54 17 5
54 6 17 5
6 59 17 3
59 52 17 5
52 60 17 5
60 29 17 3
29 22 17 5
22 62 17 3
62 86 17 4
86 82 17 5
82 76 17 4
76 95 17 4
95 0 17 0
18 2
0 73 18 4
73 0 18 0
19 1
0 0 19 0
