# Solution for ../instances-HHCRSP/InstanzVNS_HCSRP_100_10.txt
# Cost = 876.565 Dist = 2609.54 Tard = 12.8399 TMax = 7.31782
# <vehicle> <route length>
# <origin node> <dest node> <vehicle> <service type>
0 9
0 89 0 0
89 2 0 0
2 34 0 2
34 16 0 0
16 62 0 0
62 43 0 2
43 30 0 2
30 47 0 0
47 0 0 0
1 8
0 22 1 1
22 7 1 1
7 11 1 1
11 88 1 1
88 90 1 1
90 36 1 1
36 42 1 1
42 0 1 0
2 10
0 70 2 2
70 57 2 2
57 63 2 2
63 61 2 2
61 27 2 2
27 91 2 2
91 96 2 2
96 59 2 2
59 99 2 2
99 0 2 0
3 2
0 28 3 2
28 0 3 0
4 11
0 50 4 1
50 94 4 2
94 29 4 2
29 35 4 1
35 32 4 2
32 24 4 2
24 31 4 2
31 98 4 1
98 40 4 1
40 92 4 2
92 0 4 0
5 15
0 33 5 0
33 64 5 1
64 4 5 0
4 93 5 1
93 26 5 1
26 86 5 0
86 44 5 0
44 58 5 0
58 19 5 1
19 95 5 0
95 60 5 0
60 48 5 0
48 14 5 0
14 66 5 0
66 0 5 0
6 5
0 100 6 1
100 87 6 1
87 18 6 1
18 97 6 1
97 0 6 0
7 6
0 76 7 4
76 71 7 4
71 84 7 4
84 65 7 4
65 17 7 4
17 0 7 0
8 7
0 89 8 5
89 76 8 3
76 71 8 5
71 84 8 3
84 98 8 5
98 82 8 3
82 0 8 0
9 11
0 5 9 4
5 20 9 4
20 37 9 4
37 86 9 3
86 38 9 4
38 74 9 3
74 69 9 5
69 13 9 3
13 75 9 4
75 77 9 4
77 0 9 0
10 16
0 78 10 3
78 39 10 3
39 3 10 3
3 6 10 4
6 8 10 4
8 88 10 3
88 52 10 5
52 51 10 5
51 56 10 5
56 23 10 3
23 10 10 4
10 21 10 5
21 1 10 3
1 75 10 5
75 77 10 5
77 0 10 0
11 8
0 78 11 4
78 93 11 4
93 9 11 3
9 74 11 4
74 96 11 3
96 79 11 3
79 81 11 3
81 0 11 0
12 4
0 100 12 4
100 53 12 3
53 87 12 4
87 0 12 0
13 1
0 0 13 0
14 12
0 85 14 3
85 49 14 5
49 45 14 4
45 83 14 3
83 15 14 3
15 68 14 5
68 90 14 5
90 91 14 4
91 67 14 4
67 72 14 3
72 54 14 5
54 0 14 0
15 7
0 73 15 3
73 80 15 3
80 25 15 5
25 46 15 5
46 41 15 5
41 55 15 5
55 0 15 0
16 6
0 85 16 4
85 12 16 5
12 95 16 5
95 79 16 4
79 81 16 5
81 0 16 0
17 7
0 73 17 4
73 94 17 4
94 80 17 5
80 83 17 4
83 72 17 5
72 99 17 5
99 0 17 0
18 4
0 97 18 3
97 92 18 3
92 82 18 4
82 0 18 0
19 1
0 0 19 0
