# Solution for ../instances-HHCRSP/InstanzVNS_HCSRP_100_9.txt
# Cost = 955.628 Dist = 2838.73 Tard = 16.522 TMax = 11.6345
# <vehicle> <route length>
# <origin node> <dest node> <vehicle> <service type>
0 15
0 47 0 2
47 35 0 2
35 36 0 2
36 11 0 2
11 4 0 1
4 95 0 1
95 8 0 0
8 88 0 2
88 18 0 2
18 86 0 2
86 21 0 1
21 92 0 0
92 45 0 2
45 57 0 2
57 0 0 0
1 3
0 54 1 1
54 91 1 1
91 0 1 0
2 3
0 99 2 0
99 32 2 0
32 0 2 0
3 7
0 89 3 0
89 90 3 0
90 26 3 0
26 61 3 0
61 55 3 0
55 31 3 0
31 0 3 0
4 9
0 97 4 2
97 16 4 2
16 33 4 0
33 58 4 2
58 87 4 0
87 96 4 2
96 28 4 2
28 94 4 0
94 0 4 0
5 12
0 42 5 2
42 64 5 2
64 23 5 2
23 59 5 2
59 98 5 2
98 43 5 0
43 10 5 1
10 44 5 2
44 53 5 0
53 60 5 2
60 93 5 1
93 0 5 0
6 10
0 50 6 1
50 9 6 1
9 27 6 0
27 100 6 1
100 56 6 0
56 1 6 1
1 30 6 1
30 69 6 0
69 20 6 0
20 0 6 0
7 15
0 81 7 5
81 67 7 5
67 79 7 3
79 75 7 3
75 83 7 3
83 95 7 5
95 62 7 3
62 77 7 5
77 88 7 5
88 15 7 5
15 78 7 3
78 74 7 5
74 29 7 3
29 40 7 5
40 0 7 0
8 10
0 81 8 4
81 22 8 4
22 79 8 4
79 75 8 4
75 68 8 4
68 84 8 4
84 37 8 5
37 80 8 4
80 51 8 4
51 0 8 0
9 2
0 25 9 5
25 0 9 0
10 9
0 97 10 4
97 48 10 5
48 76 10 3
76 87 10 3
87 90 10 5
90 85 10 4
85 3 10 4
3 13 10 4
13 0 10 0
11 1
0 0 11 0
12 4
0 99 12 4
99 7 12 5
7 93 12 4
93 0 12 0
13 10
0 82 13 5
82 71 13 3
71 73 13 3
73 91 13 3
91 98 13 3
98 39 13 3
39 85 13 3
85 38 13 3
38 80 13 5
80 0 13 0
14 12
0 82 14 4
82 2 14 4
2 5 14 5
5 76 14 5
76 17 14 5
17 84 14 5
84 19 14 5
19 72 14 3
72 86 14 5
86 24 14 4
24 92 14 4
92 0 14 0
15 14
0 52 15 4
52 66 15 3
66 89 15 4
89 63 15 4
63 6 15 3
6 83 15 4
83 12 15 4
12 100 15 3
100 77 15 4
77 70 15 5
70 72 15 4
72 78 15 4
78 74 15 4
74 0 15 0
16 6
0 34 16 4
34 49 16 5
49 71 16 5
71 73 16 5
73 14 16 4
14 0 16 0
17 1
0 0 17 0
18 6
0 46 18 5
46 96 18 5
96 41 18 4
41 94 18 5
94 65 18 5
65 0 18 0
19 1
0 0 19 0
