# Solution for ../instances-HHCRSP/InstanzCPLEX_HCSRP_50_9.txt
# Cost = 572.52 Dist = 1713.29 Tard = 2.35646 TMax = 1.91556
# <vehicle> <route length>
# <origin node> <dest node> <vehicle> <service type>
0 11
0 50 0 1
50 11 0 2
11 4 0 1
4 27 0 0
27 8 0 0
8 26 0 0
26 20 0 0
20 21 0 1
21 18 0 2
18 45 0 1
45 0 0 0
1 8
0 47 1 2
47 16 1 2
16 46 1 2
46 48 1 1
48 30 1 1
30 1 1 1
1 28 1 2
28 0 1 0
2 11
0 49 2 0
49 9 2 1
9 35 2 2
35 33 2 0
33 23 2 2
23 43 2 2
43 32 2 0
32 10 2 1
10 44 2 0
44 31 2 0
31 0 2 0
3 10
0 50 3 3
50 36 3 5
36 19 3 5
19 6 3 3
6 15 3 5
15 38 3 3
38 37 3 3
37 29 3 3
29 40 3 3
40 0 3 0
4 7
0 42 4 3
42 22 4 4
22 36 4 4
36 12 4 4
12 24 4 4
24 45 4 3
45 0 4 0
5 10
0 42 5 4
42 2 5 4
2 47 5 3
47 5 5 5
5 17 5 5
17 48 5 5
48 38 5 4
38 37 5 5
37 40 5 5
40 0 5 0
6 7
0 49 6 5
49 39 6 3
39 34 6 4
34 13 6 4
13 3 6 4
3 41 6 3
41 0 6 0
7 3
0 39 7 4
39 44 7 5
44 0 7 0
8 5
0 25 8 5
25 7 8 5
7 46 8 3
46 14 8 4
14 0 8 0
9 3
0 43 9 5
43 41 9 5
41 0 9 0
