# Solution for ../instances-HHCRSP/InstanzVNS_HCSRP_200_1.txt
# Cost = 1429.73 Dist = 4242.48 Tard = 34.4025 TMax = 12.2982
# <vehicle> <route length>
# <origin node> <dest node> <vehicle> <service type>
0 12
0 189 0 0
189 139 0 0
139 84 0 0
84 101 0 0
101 82 0 0
82 19 0 0
19 183 0 0
183 185 0 0
185 197 0 0
197 107 0 0
107 46 0 0
46 0 0 0
1 7
0 42 1 2
42 70 1 2
70 67 1 2
67 173 1 2
173 21 1 2
21 22 1 2
22 0 1 0
2 5
0 31 2 1
31 134 2 1
134 13 2 1
13 89 2 1
89 0 2 0
3 15
0 81 3 2
81 182 3 2
182 17 3 2
17 186 3 2
186 178 3 2
178 123 3 2
123 193 3 2
193 194 3 2
194 137 3 2
137 5 3 2
5 131 3 2
131 57 3 2
57 59 3 2
59 7 3 2
7 0 3 0
4 9
0 177 4 1
177 98 4 1
98 12 4 1
12 111 4 1
111 128 4 1
128 78 4 1
78 176 4 1
176 58 4 1
58 0 4 0
5 4
0 180 5 1
180 192 5 1
192 73 5 1
73 0 5 0
6 14
0 181 6 2
181 190 6 1
190 172 6 1
172 104 6 1
104 60 6 2
60 188 6 2
188 93 6 2
93 184 6 2
184 11 6 1
11 53 6 2
53 200 6 2
200 99 6 2
99 171 6 1
171 0 6 0
7 18
0 125 7 0
125 33 7 0
33 175 7 0
175 198 7 2
198 62 7 1
62 71 7 1
71 15 7 0
15 179 7 0
179 97 7 1
97 77 7 0
77 48 7 0
48 30 7 2
30 196 7 0
196 66 7 0
66 191 7 2
191 25 7 2
25 55 7 0
55 0 7 0
8 14
0 43 8 1
43 47 8 0
47 56 8 1
56 120 8 1
120 41 8 1
41 187 8 0
187 3 8 1
3 90 8 0
90 106 8 0
106 103 8 0
103 195 8 0
195 199 8 0
199 110 8 1
110 0 8 0
9 12
0 174 9 0
174 18 9 0
18 61 9 0
61 92 9 0
92 129 9 2
129 100 9 0
100 40 9 2
40 105 9 0
105 133 9 2
133 38 9 0
38 75 9 0
75 0 9 0
10 14
0 159 10 3
159 170 10 4
170 175 10 5
175 140 10 4
140 54 10 3
54 142 10 3
142 126 10 4
126 165 10 4
165 184 10 5
184 158 10 3
158 153 10 3
153 156 10 3
156 171 10 5
171 0 10 0
11 8
0 115 11 3
115 149 11 3
149 162 11 3
162 152 11 3
152 168 11 3
168 163 11 3
163 4 11 3
4 0 11 0
12 11
0 159 12 5
159 170 12 5
170 138 12 3
138 169 12 3
169 45 12 3
45 179 12 3
179 188 12 3
188 167 12 3
167 158 12 5
158 153 12 5
153 0 12 0
13 17
0 177 13 5
177 189 13 3
189 149 13 5
149 146 13 5
146 166 13 3
166 178 13 5
178 2 13 4
2 193 13 5
193 194 13 3
194 132 13 3
132 116 13 4
116 80 13 5
80 1 13 3
1 195 13 4
195 199 13 4
199 72 13 4
72 0 13 0
14 12
0 180 14 4
180 146 14 4
146 68 14 4
68 162 14 4
162 34 14 4
34 183 14 4
183 163 14 4
163 124 14 4
124 143 14 4
143 74 14 4
74 32 14 4
32 0 14 0
15 4
0 9 15 4
9 150 15 3
150 173 15 4
173 0 15 0
16 11
0 148 16 4
148 154 16 5
154 49 16 4
49 169 16 4
169 23 16 4
23 86 16 5
86 144 16 4
144 112 16 4
112 147 16 4
147 96 16 5
96 0 16 0
17 15
0 108 17 3
108 148 17 3
148 127 17 3
127 65 17 4
65 37 17 3
37 6 17 4
6 160 17 4
160 136 17 4
136 63 17 4
63 119 17 4
119 76 17 3
76 187 17 4
187 144 17 5
144 147 17 5
147 0 17 0
18 8
0 154 18 3
154 91 18 3
91 14 18 3
14 118 18 5
118 145 18 5
145 113 18 5
113 191 18 3
191 0 18 0
19 8
0 50 19 5
50 174 19 3
174 88 19 5
88 141 19 5
141 157 19 5
157 28 19 5
28 164 19 3
164 0 19 0
20 9
0 182 20 4
182 186 20 4
186 166 20 4
166 35 20 5
35 185 20 4
185 197 20 5
197 155 20 4
155 143 20 5
143 0 20 0
21 13
0 151 21 3
151 83 21 5
83 52 21 3
52 161 21 5
161 85 21 3
85 26 21 5
26 109 21 3
109 152 21 5
152 168 21 5
168 130 21 5
130 176 21 3
176 44 21 3
44 0 21 0
22 12
0 181 22 4
181 190 22 5
190 20 22 5
20 172 22 4
172 160 22 5
160 142 22 4
142 16 22 4
16 39 22 3
39 94 22 4
94 165 22 5
165 200 22 3
200 0 22 0
23 6
0 8 23 4
8 151 23 4
151 161 23 4
161 155 23 5
155 51 23 4
51 0 23 0
24 10
0 198 24 5
198 24 24 5
24 102 24 4
102 135 24 3
135 79 24 3
79 167 24 5
167 29 24 3
29 36 24 3
36 69 24 5
69 0 24 0
25 8
0 117 25 5
117 145 25 4
145 27 25 4
27 114 25 5
114 64 25 3
64 196 25 5
196 156 25 4
156 0 25 0
26 5
0 95 26 5
95 122 26 5
122 87 26 5
87 150 26 5
150 0 26 0
27 3
0 192 27 3
192 121 27 4
121 0 27 0
28 5
0 10 28 4
10 141 28 4
141 157 28 4
157 164 28 4
164 0 28 0
29 1
0 0 29 0
