# Solution for ../instances-HHCRSP/InstanzVNS_HCSRP_200_8.txt
# Cost = 1148.63 Dist = 3432.67 Tard = 7.61107 TMax = 5.60147
# <vehicle> <route length>
# <origin node> <dest node> <vehicle> <service type>
0 18
0 125 0 0
125 195 0 0
195 193 0 0
193 184 0 1
184 185 0 0
185 40 0 0
40 194 0 1
194 22 0 1
22 95 0 0
95 55 0 0
55 62 0 0
62 107 0 1
107 174 0 1
174 51 0 0
51 48 0 1
48 18 0 1
18 191 0 0
191 0 0 0
1 8
0 179 1 0
179 197 1 0
197 139 1 0
139 94 1 0
94 192 1 0
192 74 1 0
74 129 1 0
129 0 1 0
2 20
0 134 2 0
134 45 2 2
45 65 2 0
65 117 2 2
117 130 2 0
130 135 2 0
135 186 2 0
186 171 2 0
171 119 2 0
119 132 2 0
132 120 2 0
120 187 2 0
187 196 2 2
196 13 2 2
13 73 2 0
73 98 2 0
98 105 2 2
105 72 2 0
72 46 2 2
46 0 2 0
3 14
0 91 3 2
91 57 3 1
57 102 3 2
102 92 3 1
92 23 3 2
23 68 3 2
68 56 3 2
56 6 3 2
6 183 3 2
183 175 3 1
175 172 3 2
172 12 3 2
12 113 3 2
113 0 3 0
4 10
0 199 4 1
199 189 4 1
189 33 4 1
33 75 4 1
75 200 4 1
200 53 4 1
53 180 4 1
180 44 4 1
44 27 4 1
27 0 4 0
5 5
0 87 5 1
87 126 5 1
126 110 5 1
110 115 5 1
115 0 5 0
6 14
0 10 6 0
10 188 6 0
188 42 6 0
42 178 6 0
178 182 6 0
182 100 6 0
100 198 6 0
198 77 6 2
77 58 6 2
58 5 6 0
5 16 6 0
16 76 6 0
76 181 6 2
181 0 6 0
7 7
0 60 7 2
60 177 7 2
177 104 7 2
104 127 7 2
127 103 7 2
103 93 7 2
93 0 7 0
8 14
0 112 8 0
112 11 8 0
11 17 8 0
17 21 8 0
21 36 8 1
36 78 8 0
78 190 8 1
190 90 8 0
90 173 8 0
173 71 8 1
71 81 8 0
81 176 8 1
176 109 8 0
109 0 8 0
9 7
0 54 9 1
54 131 9 1
131 4 9 1
4 66 9 1
66 32 9 1
32 138 9 1
138 0 9 0
10 13
0 195 10 4
195 8 10 5
8 193 10 4
193 184 10 5
184 185 10 5
185 149 10 4
149 187 10 4
187 180 10 4
180 99 10 5
99 157 10 5
157 165 10 4
165 150 10 4
150 0 10 0
11 16
0 179 11 3
179 197 11 3
197 136 11 3
136 106 11 4
106 14 11 5
14 116 11 5
116 63 11 5
63 26 11 3
26 190 11 5
190 30 11 5
30 29 11 3
29 52 11 4
52 146 11 3
146 154 11 4
154 147 11 3
147 0 11 0
12 17
0 168 12 3
168 7 12 3
7 1 12 4
1 145 12 3
145 128 12 4
128 186 12 3
186 97 12 4
97 171 12 4
171 24 12 4
24 47 12 4
47 164 12 3
164 89 12 4
89 174 12 5
174 35 12 4
35 153 12 4
153 152 12 3
152 0 12 0
13 9
0 168 13 5
168 189 13 3
189 83 13 3
83 164 13 5
164 118 13 5
118 39 13 4
39 153 13 5
153 152 13 4
152 0 13 0
14 12
0 70 14 5
70 121 14 3
121 188 14 3
188 194 14 5
194 64 14 3
64 166 14 3
166 167 14 3
167 114 14 5
114 122 14 5
122 88 14 5
88 80 14 5
80 0 14 0
15 13
0 151 15 4
151 61 15 4
61 170 15 4
170 178 15 4
178 182 15 4
182 156 15 4
156 140 15 5
140 31 15 5
31 162 15 5
162 158 15 5
158 176 15 5
176 191 15 5
191 0 15 0
16 9
0 151 16 5
151 124 16 3
124 170 16 5
170 38 16 4
38 111 16 5
111 181 16 4
181 165 16 3
165 150 16 5
150 0 16 0
17 9
0 155 17 4
155 50 17 4
50 86 17 4
86 159 17 3
159 183 17 4
183 175 17 5
175 172 17 3
172 101 17 4
101 0 17 0
18 8
0 155 18 5
155 84 18 4
84 159 18 4
159 20 18 3
20 141 18 3
141 169 18 3
169 85 18 3
85 0 18 0
19 14
0 49 19 5
49 25 19 5
25 137 19 4
137 82 19 4
82 200 19 3
200 149 19 5
149 34 19 5
34 166 19 5
166 167 19 4
167 196 19 4
196 69 19 3
69 157 19 3
157 3 19 4
3 0 19 0
20 11
0 163 20 5
163 161 20 5
161 143 20 5
143 145 20 5
145 156 20 5
156 37 20 5
37 79 20 3
79 162 20 3
162 158 20 3
158 28 20 3
28 0 20 0
21 10
0 163 21 4
163 161 21 3
161 143 21 4
143 15 21 4
15 2 21 4
2 19 21 3
19 148 21 4
148 144 21 4
144 142 21 3
142 0 21 0
22 8
0 108 22 3
108 199 22 4
199 177 22 5
177 41 22 5
41 96 22 5
96 160 22 4
160 123 22 4
123 0 22 0
23 7
0 59 23 3
59 192 23 5
192 148 23 5
148 144 23 3
144 141 23 5
141 169 23 5
169 0 23 0
24 2
0 160 24 5
160 0 24 0
25 10
0 43 25 4
43 198 25 3
198 133 25 4
133 173 25 4
173 142 25 5
142 9 25 5
9 146 25 5
146 154 25 5
154 147 25 4
147 0 25 0
26 2
0 67 26 5
67 0 26 0
27 1
0 0 27 0
28 1
0 0 28 0
29 1
0 0 29 0
