# Solution for ../instances-HHCRSP/InstanzVNS_HCSRP_100_2.txt
# Cost = 865.959 Dist = 2595.25 Tard = 1.31149 TMax = 1.31149
# <vehicle> <route length>
# <origin node> <dest node> <vehicle> <service type>
0 5
0 46 0 0
46 67 0 0
67 57 0 0
57 6 0 0
6 0 0 0
1 5
0 3 1 2
3 92 1 1
92 43 1 2
43 100 1 1
100 0 1 0
2 18
0 96 2 1
96 14 2 0
14 54 2 1
54 61 2 2
61 91 2 0
91 94 2 2
94 2 2 0
2 66 2 2
66 88 2 2
88 10 2 0
10 65 2 2
65 31 2 1
31 34 2 2
34 15 2 2
15 97 2 2
97 42 2 1
42 32 2 0
32 0 2 0
3 11
0 89 3 1
89 9 3 1
9 17 3 1
17 44 3 1
44 98 3 1
98 99 3 1
99 95 3 1
95 56 3 1
56 4 3 1
4 33 3 1
33 0 3 0
4 6
0 93 4 2
93 36 4 2
36 40 4 2
40 59 4 2
59 16 4 2
16 0 4 0
5 8
0 11 5 2
11 26 5 0
26 45 5 0
45 41 5 2
41 19 5 2
19 12 5 2
12 21 5 0
21 0 5 0
6 7
0 39 6 1
39 90 6 1
90 38 6 1
38 86 6 0
86 87 6 1
87 7 6 0
7 0 6 0
7 14
0 28 7 5
28 81 7 3
81 73 7 3
73 49 7 4
49 68 7 4
68 27 7 4
27 84 7 4
84 78 7 3
78 88 7 5
88 58 7 4
58 79 7 4
79 47 7 4
47 97 7 4
97 0 7 0
8 13
0 81 8 5
81 73 8 5
73 48 8 3
48 25 8 4
25 22 8 3
22 98 8 3
98 51 8 5
51 99 8 4
99 85 8 3
85 76 8 3
76 37 8 3
37 82 8 3
82 0 8 0
9 15
0 1 9 4
1 71 9 4
71 77 9 4
77 8 9 3
8 13 9 4
13 72 9 4
72 80 9 4
80 75 9 4
75 84 9 5
84 78 9 4
78 5 9 3
5 18 9 3
18 35 9 4
35 74 9 4
74 0 9 0
10 10
0 83 10 4
83 53 10 4
53 62 10 4
62 52 10 4
52 90 10 3
90 86 10 3
86 87 10 4
87 64 10 3
64 82 10 4
82 0 10 0
11 13
0 96 11 5
96 71 11 5
71 77 11 3
77 91 11 3
91 94 11 3
94 72 11 3
72 80 11 3
80 75 11 3
75 29 11 3
29 79 11 3
79 55 11 5
55 74 11 3
74 0 11 0
12 8
0 89 12 5
89 50 12 5
50 93 12 4
93 63 12 4
63 30 12 4
30 92 12 4
92 20 12 5
20 0 12 0
13 8
0 83 13 5
83 70 13 5
70 23 13 5
23 85 13 5
85 76 13 4
76 24 13 4
24 95 13 4
95 0 13 0
14 4
0 60 14 5
60 100 14 4
100 69 14 4
69 0 14 0
15 1
0 0 15 0
16 1
0 0 16 0
17 1
0 0 17 0
18 1
0 0 18 0
19 1
0 0 19 0
