# Solution for ../instances-HHCRSP/InstanzVNS_HCSRP_100_9.txt
# Cost = 943.507 Dist = 2824.38 Tard = 3.07107 TMax = 3.07107
# <vehicle> <route length>
# <origin node> <dest node> <vehicle> <service type>
0 12
0 47 0 2
47 35 0 2
35 36 0 2
36 11 0 2
11 95 0 1
95 8 0 0
8 88 0 2
88 18 0 2
18 86 0 2
86 21 0 1
21 45 0 2
45 0 0 0
1 4
0 91 1 1
91 10 1 1
10 93 1 1
93 0 1 0
2 7
0 89 2 0
89 90 2 0
90 33 2 0
33 55 2 0
55 31 2 0
31 94 2 0
94 0 2 0
3 3
0 99 3 0
99 32 3 0
32 0 3 0
4 12
0 42 4 2
42 64 4 2
64 23 4 2
23 59 4 2
59 43 4 0
43 98 4 2
98 96 4 2
96 28 4 2
28 20 4 0
20 69 4 0
69 57 4 2
57 0 4 0
5 12
0 97 5 2
97 16 5 2
16 30 5 1
30 58 5 2
58 87 5 0
87 1 5 1
1 26 5 0
26 61 5 0
61 44 5 2
44 53 5 0
53 60 5 2
60 0 5 0
6 9
0 54 6 1
54 9 6 1
9 50 6 1
50 4 6 1
4 56 6 0
56 27 6 0
27 100 6 1
100 92 6 0
92 0 6 0
7 11
0 5 7 5
5 81 7 5
81 67 7 5
67 79 7 3
79 95 7 5
95 75 7 3
75 84 7 5
84 19 7 5
19 72 7 3
72 86 7 5
86 0 7 0
8 11
0 2 8 4
2 52 8 4
52 81 8 4
81 68 8 4
68 75 8 4
75 84 8 4
84 76 8 5
76 17 8 5
17 80 8 4
80 13 8 4
13 0 8 0
9 6
0 91 9 3
91 39 9 3
39 85 9 3
85 38 9 3
38 80 9 5
80 0 9 0
10 15
0 73 10 3
73 49 10 5
49 89 10 4
89 63 10 4
63 6 10 3
6 83 10 3
83 100 10 3
100 77 10 4
77 88 10 5
88 15 10 5
15 78 10 4
78 74 10 4
74 29 10 3
29 40 10 5
40 0 10 0
11 1
0 0 11 0
12 5
0 73 12 5
73 71 12 5
71 7 12 5
7 93 12 4
93 0 12 0
13 10
0 82 13 5
82 66 13 3
66 90 13 5
90 87 13 3
87 48 13 5
48 76 13 3
76 37 13 5
37 78 13 3
78 74 13 5
74 0 13 0
14 13
0 34 14 4
34 22 14 4
22 79 14 4
79 12 14 4
12 83 14 4
83 62 14 3
62 77 14 5
77 70 14 5
70 72 14 4
72 24 14 4
24 92 14 4
92 51 14 4
51 0 14 0
15 7
0 82 15 4
82 71 15 3
71 98 15 3
98 85 15 4
85 3 15 4
3 14 15 4
14 0 15 0
16 7
0 97 16 4
97 46 16 5
46 96 16 5
96 41 16 4
41 94 16 5
94 65 16 5
65 0 16 0
17 1
0 0 17 0
18 3
0 25 18 5
25 99 18 4
99 0 18 0
19 1
0 0 19 0
