# Solution for ../instances-HHCRSP/InstanzVNS_HCSRP_300_3.txt
# Cost = 1526.86 Dist = 4569.33 Tard = 8.86305 TMax = 2.37849
# <vehicle> <route length>
# <origin node> <dest node> <vehicle> <service type>
0 15
0 298 0 0
298 9 0 1
9 33 0 0
33 40 0 1
40 108 0 1
108 122 0 0
122 125 0 1
125 17 0 0
17 191 0 1
191 121 0 0
121 128 0 0
128 289 0 1
289 178 0 0
178 60 0 0
60 0 0 0
1 10
0 281 1 0
281 161 1 0
161 34 1 0
34 266 1 1
266 62 1 1
62 4 1 1
4 279 1 1
279 157 1 1
157 3 1 0
3 0 1 0
2 9
0 50 2 2
50 143 2 2
143 262 2 2
262 47 2 2
47 45 2 2
45 130 2 2
130 31 2 2
31 86 2 2
86 0 2 0
3 15
0 20 3 1
20 80 3 1
80 252 3 0
252 286 3 0
286 257 3 0
257 6 3 0
6 287 3 0
287 123 3 1
123 5 3 0
5 67 3 1
67 137 3 0
137 270 3 0
270 269 3 1
269 139 3 0
139 0 3 0
4 5
0 23 4 1
23 251 4 1
251 288 4 1
288 65 4 1
65 0 4 0
5 15
0 156 5 2
156 107 5 1
107 181 5 1
181 179 5 0
179 294 5 2
294 10 5 1
10 1 5 2
1 268 5 2
268 184 5 1
184 154 5 2
154 142 5 1
142 133 5 1
133 38 5 0
38 258 5 1
258 0 5 0
6 14
0 114 6 0
114 26 6 1
26 111 6 1
111 90 6 1
90 22 6 0
22 59 6 0
59 117 6 0
117 164 6 1
164 253 6 0
253 272 6 0
272 273 6 1
273 283 6 0
283 159 6 0
159 0 6 0
7 15
0 290 7 2
290 293 7 2
293 296 7 0
296 254 7 2
254 162 7 2
162 291 7 0
291 89 7 2
89 88 7 2
88 300 7 2
300 140 7 2
140 138 7 2
138 276 7 2
276 97 7 0
97 135 7 0
135 0 7 0
8 5
0 265 8 1
265 163 8 1
163 165 8 1
165 185 8 1
185 0 8 0
9 3
0 261 9 0
261 166 9 0
166 0 9 0
10 15
0 35 10 2
35 171 10 2
171 177 10 2
177 151 10 1
151 190 10 0
190 112 10 2
112 284 10 1
284 149 10 1
149 43 10 2
43 155 10 0
155 87 10 2
87 126 10 0
126 54 10 1
54 292 10 2
292 0 10 0
11 9
0 271 11 2
271 168 11 2
168 280 11 2
280 195 11 2
195 274 11 2
274 282 11 2
282 277 11 2
277 76 11 2
76 0 11 0
12 10
0 124 12 2
124 260 12 0
260 69 12 2
69 278 12 0
278 275 12 0
275 136 12 2
136 263 12 2
263 193 12 0
193 256 12 0
256 0 12 0
13 4
0 147 13 1
147 21 13 1
21 199 13 1
199 0 13 0
14 8
0 285 14 1
285 169 14 1
169 189 14 2
189 295 14 1
295 64 14 2
64 297 14 2
297 267 14 1
267 0 14 0
15 5
0 2 15 2
2 61 15 2
61 29 15 2
29 103 15 2
103 0 15 0
16 10
0 259 16 0
259 91 16 0
91 299 16 2
299 79 16 2
79 172 16 2
172 68 16 0
68 188 16 0
188 72 16 2
72 118 16 2
118 0 16 0
17 5
0 264 17 1
264 63 17 1
63 41 17 1
41 255 17 1
255 0 17 0
18 18
0 205 18 3
205 55 18 3
55 238 18 5
238 145 18 5
145 221 18 3
221 250 18 3
250 247 18 5
247 175 18 3
175 246 18 5
246 284 18 3
284 237 18 3
237 202 18 5
202 233 18 5
233 211 18 3
211 201 18 5
201 279 18 3
279 228 18 3
228 0 18 0
19 15
0 205 19 4
205 44 19 4
44 238 19 4
238 221 19 4
221 250 19 5
250 247 19 4
247 84 19 3
84 246 19 4
246 237 19 4
237 202 19 4
202 233 19 4
233 211 19 4
211 201 19 4
201 234 19 4
234 0 19 0
20 19
0 229 20 4
229 298 20 4
298 110 20 5
110 232 20 3
232 71 20 5
71 7 20 3
7 197 20 3
197 216 20 3
216 174 20 3
174 223 20 3
223 12 20 4
12 8 20 4
8 94 20 4
94 131 20 4
131 11 20 3
11 170 20 4
170 292 20 5
292 78 20 5
78 0 20 0
21 17
0 229 21 5
229 146 21 5
146 262 21 3
262 252 21 4
252 280 21 4
280 286 21 3
286 257 21 3
257 274 21 3
274 192 21 4
192 153 21 3
153 249 21 3
249 58 21 4
58 283 21 5
283 120 21 5
120 25 21 4
25 37 21 3
37 0 21 0
22 12
0 219 22 4
219 100 22 4
100 261 22 4
261 235 22 4
235 209 22 3
209 56 22 4
56 239 22 3
239 210 22 3
210 214 22 3
214 14 22 4
14 224 22 3
224 0 22 0
23 17
0 70 23 5
70 271 23 5
271 127 23 4
127 96 23 5
96 15 23 3
15 264 23 4
264 215 23 4
215 242 23 3
242 218 23 3
218 249 23 5
249 253 23 5
253 272 23 5
272 273 23 4
273 167 23 4
167 101 23 5
101 228 23 4
228 0 23 0
24 11
0 219 24 5
219 113 24 4
113 285 24 3
285 129 24 5
129 115 24 3
115 230 24 4
230 144 24 4
144 245 24 3
245 106 24 5
106 224 24 5
224 0 24 0
25 16
0 281 25 4
281 198 25 3
198 132 25 4
132 176 25 4
176 74 25 3
74 182 25 4
182 98 25 5
98 216 25 5
216 223 25 5
223 183 25 4
183 82 25 5
82 51 25 3
51 57 25 3
57 52 25 3
52 289 25 4
289 0 25 0
26 6
0 248 26 5
248 291 26 5
291 95 26 5
95 300 26 5
300 276 26 5
276 0 26 0
27 14
0 248 27 4
248 265 27 3
265 152 27 4
152 215 27 5
215 242 27 4
242 218 27 5
218 282 27 5
282 85 27 4
85 277 27 3
277 204 27 3
204 270 27 3
270 134 27 4
134 141 27 5
141 0 27 0
28 13
0 222 28 4
222 116 28 3
116 28 28 5
28 212 28 3
212 294 28 3
294 46 28 4
46 268 28 3
268 227 28 3
227 244 28 4
244 186 28 4
186 200 28 4
200 225 28 3
225 0 28 0
29 8
0 222 29 5
222 251 29 3
251 288 29 5
288 187 29 3
187 243 29 3
243 231 29 5
231 207 29 3
207 0 29 0
30 14
0 290 30 3
290 293 30 5
293 296 30 5
296 254 30 5
254 299 30 5
299 213 30 3
213 206 30 3
206 236 30 3
236 105 30 5
105 81 30 5
81 77 30 5
77 231 30 4
231 207 30 4
207 0 30 0
31 11
0 208 31 4
208 241 31 4
241 259 31 4
259 213 31 5
213 206 31 5
206 236 31 4
236 180 31 4
180 243 31 5
243 263 31 4
263 256 31 4
256 0 31 0
32 10
0 208 32 5
208 241 32 5
241 217 32 5
217 255 32 5
255 240 32 3
240 203 32 3
203 220 32 3
220 48 32 5
48 39 32 3
39 0 32 0
33 10
0 260 33 5
260 27 33 5
27 49 33 4
49 83 33 4
83 92 33 4
92 230 33 5
230 278 33 3
278 275 33 3
275 30 33 5
30 0 33 0
34 10
0 42 34 5
42 24 34 5
24 16 34 4
16 212 34 4
212 73 34 4
73 227 34 4
227 244 34 5
244 258 34 5
258 225 34 4
225 0 34 0
35 3
0 217 35 4
217 245 35 4
245 0 35 0
36 15
0 226 36 3
226 158 36 3
158 232 36 4
232 109 36 3
109 102 36 4
102 32 36 5
32 119 36 3
119 75 36 4
75 173 36 4
173 287 36 4
287 66 36 3
66 204 36 5
204 104 36 5
104 269 36 4
269 0 36 0
37 11
0 226 37 5
226 93 37 5
93 266 37 3
266 160 37 5
160 194 37 5
194 13 37 5
13 18 37 3
18 19 37 4
19 99 37 3
99 234 37 5
234 0 37 0
38 10
0 235 38 5
235 209 38 5
209 239 38 5
239 210 38 5
210 214 38 5
214 295 38 4
295 297 38 5
297 267 38 4
267 150 38 5
150 0 38 0
39 8
0 36 39 3
36 196 39 5
196 240 39 5
240 203 39 4
203 220 39 4
220 148 39 3
148 53 39 3
53 0 39 0
