# Solution for ../instances-HHCRSP/InstanzVNS_HCSRP_200_10.txt
# Cost = 1432.98 Dist = 4273.26 Tard = 21.4659 TMax = 4.21954
# <vehicle> <route length>
# <origin node> <dest node> <vehicle> <service type>
0 12
0 188 0 0
188 89 0 0
89 113 0 0
113 194 0 0
194 197 0 0
197 84 0 0
84 186 0 0
186 60 0 0
60 99 0 0
99 196 0 0
196 48 0 0
48 0 0 0
1 15
0 7 1 1
7 34 1 2
34 64 1 1
64 61 1 2
61 174 1 2
174 126 1 2
126 105 1 1
105 187 1 2
187 43 1 2
43 182 1 2
182 199 1 1
199 77 1 1
77 30 1 2
30 59 1 2
59 0 1 0
2 12
0 180 2 1
180 11 2 1
11 175 2 1
175 22 2 1
22 198 2 1
198 125 2 1
125 90 2 1
90 173 2 1
173 19 2 1
19 40 2 1
40 132 2 1
132 0 2 0
3 4
0 189 3 1
189 18 3 1
18 172 3 1
172 0 3 0
4 8
0 50 4 1
50 94 4 1
94 35 4 1
35 26 4 1
26 139 4 1
139 91 4 1
91 111 4 1
111 0 4 0
5 20
0 192 5 0
192 4 5 0
4 33 5 0
33 181 5 0
181 138 5 0
138 171 5 2
171 185 5 0
185 27 5 2
27 178 5 0
178 191 5 2
191 193 5 0
193 16 5 0
16 107 5 2
107 118 5 0
118 177 5 0
177 47 5 0
47 122 5 0
122 14 5 0
14 66 5 0
66 0 5 0
6 6
0 102 6 2
102 129 6 2
129 24 6 2
24 184 6 2
184 190 6 2
190 0 6 0
7 6
0 80 7 2
80 124 7 2
124 29 7 2
29 28 7 2
28 200 7 2
200 0 7 0
8 15
0 104 8 0
104 2 8 0
2 103 8 1
103 195 8 0
195 183 8 0
183 58 8 0
58 44 8 0
44 83 8 0
83 32 8 2
32 95 8 0
95 179 8 0
179 62 8 0
62 36 8 1
36 42 8 1
42 0 8 0
9 9
0 176 9 2
176 70 9 2
70 57 9 2
57 108 9 2
108 63 9 2
63 133 9 2
133 137 9 2
137 31 9 2
31 0 9 0
10 14
0 170 10 3
170 144 10 3
144 147 10 3
147 158 10 3
158 171 10 3
171 185 10 3
185 155 10 3
155 157 10 3
157 173 10 3
173 56 10 5
56 184 10 4
184 160 10 3
160 67 10 4
67 0 10 0
11 15
0 170 11 5
170 144 11 5
144 147 11 4
147 158 11 5
158 3 11 3
3 167 11 5
167 193 11 3
193 162 11 3
162 152 11 3
152 21 11 5
21 75 11 5
75 199 11 4
199 13 11 3
13 160 11 4
160 0 11 0
12 12
0 127 12 5
127 12 12 5
12 154 12 3
154 143 12 3
143 86 12 5
86 165 12 3
165 96 12 3
96 81 12 3
81 179 12 3
179 156 12 3
156 92 12 5
92 0 12 0
13 7
0 87 13 5
87 194 13 5
194 197 13 5
197 146 13 3
146 25 13 5
25 172 13 4
172 0 13 0
14 11
0 188 14 3
188 148 14 3
148 154 14 5
154 143 14 4
143 165 14 5
165 38 14 4
38 51 14 5
51 177 14 5
177 153 14 3
153 121 14 4
121 0 14 0
15 12
0 149 15 3
149 180 15 3
180 150 15 3
150 6 15 4
6 178 15 4
178 191 15 4
191 167 15 4
167 162 15 4
162 152 15 4
152 187 15 4
187 166 15 3
166 0 15 0
16 6
0 148 16 5
148 195 16 5
195 134 16 4
134 151 16 5
151 82 16 4
82 0 16 0
17 11
0 159 17 4
159 163 17 4
163 183 17 4
183 141 17 4
141 17 17 4
17 97 17 3
97 128 17 4
128 76 17 3
76 151 17 4
151 190 17 3
190 0 17 0
18 5
0 189 18 3
189 169 18 3
169 168 18 4
168 142 18 4
142 0 18 0
19 12
0 192 19 5
192 123 19 3
123 181 19 4
181 174 19 4
174 136 19 5
136 145 19 4
145 8 19 4
8 69 19 5
69 161 19 3
161 164 19 3
164 79 19 5
79 0 19 0
20 12
0 149 20 5
149 39 20 3
39 150 20 5
150 140 20 3
140 145 20 5
145 116 20 4
116 23 20 3
23 112 20 4
112 1 20 3
1 10 20 4
10 166 20 4
166 0 20 0
21 9
0 49 21 5
49 20 21 4
20 135 21 3
135 119 21 4
119 52 21 5
52 120 21 4
120 161 21 4
161 164 21 4
164 0 21 0
22 8
0 159 22 5
159 163 22 5
163 141 22 5
141 41 22 5
41 117 22 3
117 55 22 5
55 46 22 5
46 0 22 0
23 10
0 176 23 4
176 45 23 4
45 15 23 3
15 37 23 4
37 130 23 3
130 68 23 5
68 72 23 4
72 156 23 4
156 98 23 4
98 0 23 0
24 4
0 169 24 5
169 110 24 5
110 200 24 5
200 0 24 0
25 7
0 106 25 3
106 101 25 3
101 53 25 3
53 100 25 5
100 73 25 4
73 146 25 5
146 0 25 0
26 17
0 5 26 4
5 115 26 3
115 78 26 3
78 175 26 4
175 93 26 3
93 198 26 3
198 9 26 3
9 155 26 5
155 157 26 4
157 131 26 4
131 88 26 5
88 74 26 5
74 109 26 5
109 182 26 3
182 153 26 5
153 114 26 4
114 0 26 0
27 2
0 168 27 5
168 0 27 0
28 6
0 85 28 4
85 186 28 3
186 54 28 5
54 196 28 3
196 142 28 5
142 0 28 0
29 3
0 71 29 4
71 65 29 4
65 0 29 0
