# Solution for ../instances-HHCRSP/InstanzVNS_HCSRP_200_5.txt
# Cost = 1367.56 Dist = 4080.04 Tard = 17.369 TMax = 5.26215
# <vehicle> <route length>
# <origin node> <dest node> <vehicle> <service type>
0 19
0 93 0 0
93 77 0 1
77 183 0 1
183 46 0 2
46 184 0 1
184 9 0 2
9 17 0 0
17 200 0 2
200 186 0 2
186 69 0 2
69 39 0 1
39 27 0 2
27 97 0 1
97 4 0 2
4 25 0 1
25 106 0 1
106 88 0 0
88 116 0 0
116 0 0 0
1 10
0 174 1 1
174 194 1 1
194 192 1 1
192 34 1 1
34 82 1 1
82 76 1 1
76 40 1 1
40 13 1 1
13 96 1 1
96 0 1 0
2 10
0 15 2 2
15 195 2 2
195 124 2 2
124 117 2 2
117 173 2 2
173 171 2 2
171 187 2 2
187 140 2 2
140 108 2 2
108 0 2 0
3 12
0 182 3 0
182 115 3 0
115 70 3 0
70 126 3 0
126 23 3 0
23 85 3 0
85 74 3 0
74 41 3 0
41 114 3 0
114 193 3 0
193 137 3 0
137 0 3 0
4 15
0 196 4 2
196 188 4 2
188 198 4 2
198 3 4 2
3 121 4 1
121 180 4 2
180 64 4 2
64 18 4 1
18 51 4 1
51 86 4 1
86 33 4 1
33 189 4 2
189 35 4 1
35 24 4 2
24 0 4 0
5 14
0 14 5 0
14 172 5 1
172 131 5 0
131 118 5 1
118 99 5 0
99 91 5 1
91 185 5 1
185 31 5 1
31 87 5 0
87 119 5 1
119 177 5 0
177 178 5 0
178 5 5 0
5 0 5 0
6 3
0 100 6 2
100 36 6 2
36 0 6 0
7 10
0 199 7 0
199 179 7 0
179 181 7 0
181 43 7 0
43 190 7 0
190 191 7 0
191 21 7 0
21 56 7 0
56 104 7 0
104 0 7 0
8 8
0 175 8 1
175 84 8 1
84 71 8 1
71 102 8 1
102 197 8 1
197 176 8 1
176 75 8 1
75 0 8 0
9 6
0 81 9 1
81 135 9 2
135 30 9 2
30 90 9 1
90 32 9 2
32 0 9 0
10 16
0 42 10 5
42 59 10 3
59 183 10 5
183 163 10 3
163 172 10 5
172 63 10 3
63 80 10 5
80 155 10 3
155 185 10 3
185 10 10 3
10 146 10 3
146 134 10 3
134 162 10 3
162 158 10 5
158 150 10 3
150 0 10 0
11 11
0 167 11 3
167 8 11 5
8 182 11 4
182 50 11 3
50 79 11 3
79 143 11 3
143 141 11 4
141 73 11 4
73 132 11 4
132 145 11 3
145 0 11 0
12 9
0 167 12 4
167 195 12 3
195 20 12 3
20 58 12 4
58 128 12 3
128 143 12 5
143 141 12 5
141 193 12 4
193 0 12 0
13 19
0 163 13 5
163 72 13 4
72 155 13 4
155 47 13 4
47 127 13 5
127 146 13 4
146 68 13 5
68 168 13 4
168 113 13 3
113 48 13 4
48 7 13 4
7 159 13 4
159 61 13 5
61 89 13 3
89 26 13 4
26 123 13 4
123 92 13 3
92 150 13 4
150 0 13 0
14 17
0 78 14 4
78 153 14 5
153 122 14 4
122 165 14 4
165 2 14 4
2 11 14 5
11 164 14 4
164 184 14 4
184 142 14 4
142 83 14 4
83 144 14 4
144 147 14 4
147 156 14 4
156 105 14 4
105 197 14 4
197 148 14 5
148 0 14 0
15 13
0 166 15 3
166 160 15 3
160 174 15 4
174 194 15 3
194 192 15 4
192 12 15 3
12 161 15 3
161 120 15 4
120 19 15 5
19 65 15 4
65 95 15 4
95 171 15 5
171 0 15 0
16 12
0 166 16 5
166 160 16 5
160 28 16 3
28 188 16 5
188 133 16 3
133 22 16 5
22 170 16 3
170 144 16 5
144 147 16 5
147 156 16 5
156 148 16 3
148 0 16 0
17 17
0 111 17 4
111 54 17 5
54 199 17 3
199 180 17 3
180 52 17 5
52 170 17 5
170 149 17 3
149 157 17 3
157 103 17 4
103 112 17 5
112 62 17 3
62 151 17 4
151 173 17 4
173 187 17 3
187 136 17 5
136 145 17 5
145 0 17 0
18 12
0 45 18 3
45 153 18 3
153 165 18 3
165 66 18 3
66 164 18 3
164 200 18 3
200 186 18 5
186 67 18 3
67 168 18 5
168 159 18 5
159 189 18 4
189 0 18 0
19 5
0 152 19 4
152 98 19 3
98 190 19 3
190 191 19 3
191 0 19 0
20 6
0 152 20 5
152 1 20 5
1 109 20 4
109 94 20 3
94 176 20 3
176 0 20 0
21 15
0 154 21 3
154 198 21 4
198 29 21 3
29 130 21 4
130 142 21 3
142 53 21 4
53 125 21 4
125 149 21 5
149 157 21 5
157 177 21 3
177 162 21 5
162 158 21 4
158 178 21 4
178 107 21 5
107 0 21 0
22 10
0 154 22 5
154 6 22 5
6 139 22 3
139 16 22 4
16 60 22 5
60 49 22 5
49 161 22 4
161 151 22 5
151 37 22 4
37 0 22 0
23 4
0 138 23 5
138 169 23 3
169 179 23 5
179 0 23 0
24 5
0 196 24 4
196 38 24 3
38 55 24 5
55 129 24 3
129 0 24 0
25 5
0 175 25 4
175 181 25 5
181 110 25 5
110 57 25 5
57 0 25 0
26 2
0 169 26 5
169 0 26 0
27 2
0 44 27 3
44 0 27 0
28 2
0 101 28 5
101 0 28 0
29 1
0 0 29 0
