# Solution for ../instances-HHCRSP/InstanzCPLEX_HCSRP_75_1.txt
# Cost = 1217.46 Dist = 2347.57 Tard = 1054.16 TMax = 250.652
# <vehicle> <route length>
# <origin node> <dest node> <vehicle> <service type>
0 15
0 33 0 0
33 47 0 0
47 19 0 0
19 73 0 0
73 18 0 0
18 67 0 0
67 38 0 0
38 74 0 0
74 46 0 0
46 72 0 0
72 64 0 0
64 15 0 0
15 48 0 0
48 75 0 0
75 0 0 0
1 3
0 22 1 2
22 40 1 2
40 0 1 0
2 12
0 31 2 1
31 42 2 2
42 43 2 1
43 12 2 1
12 5 2 2
5 68 2 2
68 41 2 1
41 66 2 1
66 25 2 2
25 7 2 2
7 21 2 2
21 0 2 0
3 3
0 70 3 1
70 13 3 1
13 0 3 0
4 8
0 17 4 2
17 65 4 2
65 3 4 1
3 71 4 2
71 69 4 2
69 11 4 1
11 30 4 2
30 0 4 0
5 11
0 20 5 5
20 45 5 3
45 24 5 5
24 62 5 3
62 54 5 3
54 71 5 3
71 63 5 5
63 69 5 5
69 29 5 3
29 75 5 3
75 0 5 0
6 9
0 56 6 3
56 49 6 4
49 37 6 3
37 54 6 4
54 6 6 4
6 63 6 3
63 36 6 3
36 53 6 3
53 0 6 0
7 11
0 56 7 4
56 62 7 5
62 23 7 4
23 60 7 3
60 27 7 4
27 2 7 4
2 35 7 5
35 59 7 4
59 1 7 3
1 64 7 5
64 0 7 0
8 11
0 52 8 3
52 8 8 4
8 9 8 4
9 51 8 4
51 74 8 3
74 4 8 3
4 57 8 3
57 72 8 4
72 55 8 4
55 58 8 3
58 0 8 0
9 8
0 50 9 5
50 14 9 3
14 65 9 5
65 60 9 4
60 39 9 3
39 16 9 4
16 53 9 5
53 0 9 0
10 5
0 10 10 4
10 34 10 4
34 59 10 5
59 28 10 5
28 0 10 0
11 10
0 70 11 4
70 61 11 3
61 26 11 5
26 68 11 4
68 44 11 3
44 66 11 3
66 57 11 4
57 55 11 5
55 58 11 4
58 0 11 0
12 4
0 61 12 5
61 67 12 3
67 32 12 4
32 0 12 0
13 1
0 0 13 0
14 2
0 73 14 4
73 0 14 0
