# Solution for ../instances-HHCRSP/InstanzCPLEX_HCSRP_75_7.txt
# Cost = 607.168 Dist = 1761.35 Tard = 37.9863 TMax = 22.1661
# <vehicle> <route length>
# <origin node> <dest node> <vehicle> <service type>
0 5
0 50 0 0
50 74 0 0
74 10 0 0
10 13 0 0
13 0 0 0
1 13
0 2 1 2
2 42 1 2
42 11 1 0
11 38 1 0
38 64 1 0
64 40 1 2
40 70 1 1
70 51 1 0
51 68 1 1
68 26 1 2
26 71 1 0
71 46 1 1
46 0 1 0
2 10
0 75 2 1
75 73 2 0
73 18 2 0
18 39 2 0
39 15 2 1
15 29 2 0
29 33 2 1
33 9 2 0
9 12 2 0
12 0 2 0
3 5
0 65 3 1
65 24 3 1
24 14 3 1
14 69 3 1
69 0 3 0
4 8
0 72 4 1
72 25 4 2
25 45 4 1
45 67 4 2
67 66 4 1
66 22 4 2
22 36 4 2
36 0 4 0
5 12
0 49 5 4
49 4 5 4
4 32 5 3
32 1 5 4
1 41 5 5
41 62 5 4
62 55 5 3
55 16 5 4
16 57 5 4
57 7 5 4
7 71 5 3
71 0 5 0
6 7
0 75 6 4
75 58 6 4
58 5 6 4
5 53 6 3
53 59 6 4
59 37 6 4
37 0 6 0
7 9
0 21 7 4
21 65 7 5
65 31 7 3
31 52 7 3
52 55 7 4
55 68 7 4
68 57 7 5
57 30 7 5
30 0 7 0
8 8
0 23 8 3
23 58 8 3
58 43 8 3
43 73 8 3
73 53 8 5
53 59 8 3
59 44 8 3
44 0 8 0
9 11
0 72 9 4
72 34 9 3
34 20 9 3
20 6 9 4
6 67 9 5
67 66 9 3
66 28 9 4
28 47 9 4
47 54 9 3
54 60 9 3
60 0 9 0
10 9
0 56 10 3
56 3 10 3
3 64 10 4
64 70 10 5
70 62 10 5
62 69 10 3
69 61 10 3
61 63 10 3
63 0 10 0
11 7
0 56 11 5
56 35 11 3
35 8 11 5
8 19 11 3
19 54 11 4
54 60 11 5
60 0 11 0
12 6
0 17 12 3
17 27 12 3
27 74 12 4
74 61 12 4
61 63 12 4
63 0 12 0
13 2
0 48 13 3
48 0 13 0
14 1
0 0 14 0
