# Solution for ../instances-HHCRSP/InstanzVNS_HCSRP_200_2.txt
# Cost = 1411.88 Dist = 4221.33 Tard = 9.70712 TMax = 4.61577
# <vehicle> <route length>
# <origin node> <dest node> <vehicle> <service type>
0 9
0 39 0 1
39 200 0 1
200 120 0 1
120 92 0 1
92 38 0 1
38 116 0 0
116 185 0 1
185 192 0 0
192 0 0 0
1 8
0 11 1 2
11 61 1 2
61 19 1 2
19 41 1 2
41 180 1 2
180 184 1 2
184 12 1 2
12 0 1 0
2 15
0 193 2 2
193 198 2 0
198 14 2 0
14 72 2 2
72 103 2 2
103 105 2 0
105 114 2 0
114 2 2 0
2 66 2 2
66 34 2 2
34 187 2 2
187 15 2 2
15 10 2 0
10 176 2 2
176 0 2 0
3 9
0 181 3 1
181 171 3 1
171 174 3 2
174 136 3 2
136 188 3 1
188 31 3 1
31 65 3 2
65 179 3 2
179 0 3 0
4 5
0 59 4 2
59 175 4 2
175 3 4 2
3 43 4 2
43 0 4 0
5 15
0 132 5 1
132 172 5 1
172 26 5 0
26 182 5 0
182 91 5 0
91 45 5 0
45 196 5 0
196 138 5 1
138 129 5 1
129 140 5 1
140 106 5 0
106 21 5 0
21 4 5 1
4 42 5 1
42 0 5 0
6 15
0 96 6 1
96 9 6 1
9 71 6 1
71 108 6 1
108 173 6 1
173 133 6 1
133 54 6 1
54 183 6 1
183 80 6 1
80 113 6 1
113 56 6 1
56 33 6 1
33 32 6 0
32 82 6 1
82 0 6 0
7 6
0 189 7 2
189 121 7 2
121 90 7 2
90 16 7 2
16 100 7 2
100 0 7 0
8 12
0 46 8 0
46 123 8 1
123 199 8 0
199 83 8 0
83 115 8 0
115 117 8 1
117 191 8 0
191 6 8 0
6 57 8 0
57 128 8 1
128 7 8 0
7 0 8 0
9 15
0 190 9 0
190 177 9 1
177 17 9 1
17 186 9 1
186 40 9 2
40 131 9 1
131 67 9 0
67 44 9 1
44 36 9 2
36 194 9 1
194 197 9 0
197 195 9 1
195 97 9 2
97 178 9 2
178 0 9 0
10 18
0 161 10 4
161 168 10 4
168 174 10 5
174 147 10 5
147 156 10 5
156 144 10 4
144 84 10 4
84 27 10 4
27 170 10 4
170 196 10 4
196 124 10 4
124 68 10 4
68 153 10 4
153 35 10 4
35 149 10 4
149 74 10 4
74 155 10 4
155 0 10 0
11 6
0 200 11 3
200 60 11 5
60 69 11 4
69 20 11 5
20 192 11 3
192 0 11 0
12 16
0 161 12 3
161 8 12 3
8 181 12 4
181 171 12 5
171 168 12 3
168 147 12 3
147 156 12 3
156 144 12 5
144 145 12 4
145 167 12 4
167 73 12 3
73 188 12 4
188 88 12 3
88 149 12 5
149 176 12 3
176 0 12 0
13 11
0 126 13 5
126 127 13 5
127 157 13 5
157 175 13 3
175 112 13 5
112 164 13 5
164 143 13 5
143 142 13 3
142 166 13 5
166 185 13 5
185 0 13 0
14 16
0 193 14 4
193 173 14 3
173 145 14 5
145 167 14 5
167 81 14 3
81 122 14 3
122 160 14 3
160 159 14 3
159 111 14 4
111 150 14 3
150 130 14 3
130 148 14 3
148 139 14 3
139 184 14 4
184 47 14 4
47 0 14 0
15 5
0 157 15 4
157 87 15 4
87 142 15 4
142 166 15 4
166 0 15 0
16 15
0 172 16 5
172 182 16 3
182 151 16 3
151 49 16 4
49 170 16 5
170 158 16 4
158 109 16 5
109 134 16 4
134 5 16 3
5 18 16 3
18 153 16 5
153 78 16 3
78 187 16 3
187 165 16 3
165 0 16 0
17 10
0 146 17 4
146 198 17 3
198 25 17 4
25 135 17 5
135 58 17 4
58 197 17 4
197 195 17 4
195 98 17 4
98 178 17 4
178 0 17 0
18 3
0 63 18 4
63 30 18 4
30 0 18 0
19 16
0 146 19 5
146 77 19 4
77 75 19 5
75 151 19 4
151 94 19 5
94 29 19 3
29 48 19 3
48 158 19 5
158 160 19 5
160 159 19 4
159 150 19 5
150 55 19 5
55 155 19 3
155 179 19 3
179 79 19 3
79 0 19 0
20 13
0 190 20 3
190 177 20 5
177 154 20 3
154 162 20 4
162 107 20 4
107 191 20 5
191 22 20 3
22 101 20 3
101 85 20 4
85 99 20 4
99 24 20 4
24 23 20 5
23 0 20 0
21 9
0 89 21 5
89 154 21 5
154 162 21 5
162 62 21 4
62 110 21 5
110 163 21 4
163 152 21 4
152 169 21 4
169 0 21 0
22 15
0 137 22 3
137 50 22 5
50 53 22 4
53 104 22 3
104 1 22 4
1 118 22 4
118 28 22 5
28 13 22 4
13 183 22 4
183 125 22 4
125 180 22 4
180 76 22 3
76 148 22 5
148 165 22 4
165 0 22 0
23 8
0 51 23 5
51 119 23 5
119 186 23 3
186 37 23 3
37 95 23 3
95 194 23 3
194 70 23 5
70 0 23 0
24 8
0 189 24 3
189 199 24 5
199 52 24 4
52 141 24 5
141 163 24 3
163 152 24 5
152 169 24 3
169 0 24 0
25 1
0 0 25 0
26 1
0 0 26 0
27 8
0 93 27 3
93 102 27 3
102 141 27 4
141 164 27 3
164 143 27 3
143 64 27 3
64 86 27 3
86 0 27 0
28 1
0 0 28 0
29 1
0 0 29 0
