# Solution for ../instances-HHCRSP/InstanzVNS_HCSRP_100_6.txt
# Cost = 795.273 Dist = 2354.51 Tard = 18.9623 TMax = 12.3444
# <vehicle> <route length>
# <origin node> <dest node> <vehicle> <service type>
0 10
0 88 0 2
88 4 0 0
4 60 0 2
60 13 0 0
13 89 0 0
89 47 0 2
47 3 0 2
3 40 0 2
40 26 0 0
26 0 0 0
1 2
0 30 1 2
30 0 1 0
2 8
0 36 2 1
36 66 2 0
66 18 2 0
18 97 2 1
97 91 2 1
91 99 2 0
99 98 2 1
98 0 2 0
3 11
0 43 3 1
43 93 3 2
93 20 3 2
20 51 3 2
51 95 3 2
95 19 3 1
19 53 3 1
53 24 3 1
24 12 3 2
12 58 3 1
58 0 3 0
4 7
0 86 4 0
86 16 4 0
16 44 4 0
44 31 4 2
31 41 4 0
41 96 4 0
96 0 4 0
5 12
0 5 5 1
5 25 5 2
25 67 5 2
67 2 5 0
2 33 5 0
33 61 5 1
61 94 5 2
94 87 5 1
87 15 5 1
15 23 5 1
23 1 5 1
1 0 5 0
6 7
0 22 6 2
22 90 6 2
90 100 6 2
100 92 6 2
92 64 6 2
64 59 6 1
59 0 6 0
7 9
0 27 7 4
27 48 7 4
48 11 7 4
11 46 7 4
46 74 7 4
74 84 7 4
84 73 7 4
73 80 7 4
80 0 7 0
8 9
0 6 8 5
6 45 8 5
45 39 8 5
39 92 8 3
92 63 8 3
63 70 8 3
70 85 8 3
85 75 8 5
75 0 8 0
9 13
0 35 9 5
35 8 9 4
8 62 9 4
62 78 9 4
78 97 9 4
97 77 9 3
77 21 9 3
21 9 9 4
9 72 9 4
72 28 9 5
28 71 9 3
71 14 9 3
14 0 9 0
10 9
0 88 10 3
88 82 10 3
82 93 10 5
93 65 10 3
65 89 10 3
89 74 10 5
74 94 10 3
94 80 10 3
80 0 10 0
11 7
0 49 11 4
49 86 11 4
86 90 11 3
90 100 11 3
100 85 11 5
85 75 11 4
75 0 11 0
12 12
0 54 12 3
54 7 12 5
7 78 12 5
78 77 12 4
77 91 12 3
91 32 12 4
32 99 12 5
99 98 12 5
98 69 12 3
69 76 12 4
76 79 12 3
79 0 12 0
13 11
0 82 13 5
82 55 13 4
55 95 13 5
95 52 13 3
52 17 13 5
17 84 13 5
84 73 13 5
73 87 13 5
87 38 13 5
38 29 13 3
29 0 13 0
14 7
0 50 14 3
50 56 14 5
56 83 14 3
83 68 14 5
68 10 14 5
10 96 14 3
96 0 14 0
15 6
0 34 15 5
34 72 15 5
72 71 15 5
71 76 15 5
76 79 15 5
79 0 15 0
16 4
0 37 16 4
37 57 16 3
57 42 16 4
42 0 16 0
17 2
0 81 17 5
81 0 17 0
18 3
0 83 18 4
83 81 18 4
81 0 18 0
19 1
0 0 19 0
