# Solution for ../instances-HHCRSP/InstanzVNS_HCSRP_200_1.txt
# Cost = 1448.32 Dist = 4328.17 Tard = 14.0552 TMax = 2.74386
# <vehicle> <route length>
# <origin node> <dest node> <vehicle> <service type>
0 10
0 33 0 0
33 125 0 0
125 187 0 0
187 90 0 0
90 195 0 0
195 103 0 0
103 106 0 0
106 196 0 0
196 55 0 0
55 0 0 0
1 14
0 181 1 2
181 81 1 2
81 182 1 2
182 186 1 2
186 178 1 2
178 17 1 2
17 123 1 2
123 193 1 2
193 194 1 2
194 137 1 2
137 191 1 2
191 25 1 2
25 21 1 2
21 0 1 0
2 5
0 104 2 1
104 190 2 1
190 172 2 1
172 171 2 1
171 0 2 0
3 8
0 70 3 2
70 67 3 2
67 22 3 2
22 173 3 2
173 129 3 2
129 133 3 2
133 40 3 2
40 0 3 0
4 10
0 134 4 1
134 177 4 1
177 98 4 1
98 12 4 1
12 111 4 1
111 128 4 1
128 176 4 1
176 192 4 1
192 73 4 1
73 0 4 0
5 2
0 13 5 1
13 0 5 0
6 11
0 43 6 1
43 180 6 1
180 78 6 1
78 56 6 1
56 3 6 1
3 93 6 2
93 41 6 1
41 59 6 2
59 57 6 2
57 110 6 1
110 0 6 0
7 20
0 47 7 0
47 120 7 1
120 198 7 2
198 175 7 0
175 60 7 2
60 62 7 1
62 71 7 1
71 188 7 2
188 15 7 0
15 179 7 0
179 97 7 1
97 48 7 0
48 77 7 0
77 184 7 2
184 11 7 1
11 53 7 2
53 30 7 2
30 200 7 2
200 99 7 2
99 0 7 0
8 16
0 189 8 0
189 139 8 0
139 31 8 1
31 84 8 0
84 19 8 0
19 101 8 0
101 82 8 0
82 105 8 0
105 100 8 0
100 38 8 0
38 92 8 0
92 75 8 0
75 89 8 1
89 46 8 0
46 58 8 1
58 0 8 0
9 14
0 42 9 2
42 18 9 0
18 61 9 0
61 174 9 0
174 183 9 0
183 5 9 2
5 131 9 2
131 185 9 0
185 197 9 0
197 199 9 0
199 66 9 0
66 7 9 2
7 107 9 0
107 0 9 0
10 15
0 159 10 3
159 198 10 5
198 170 10 4
170 24 10 5
24 102 10 4
102 79 10 3
79 169 10 3
169 23 10 4
23 144 10 4
144 187 10 4
187 147 10 4
147 96 10 5
96 80 10 5
80 116 10 4
116 0 10 0
11 8
0 115 11 3
115 149 11 3
149 162 11 3
162 176 11 3
176 168 11 3
168 152 11 3
152 163 11 3
163 0 11 0
12 13
0 159 12 5
159 170 12 5
170 138 12 3
138 175 12 5
175 135 12 3
135 188 12 3
188 179 12 3
179 69 12 5
69 36 12 3
36 167 12 3
167 29 12 3
29 158 12 3
158 0 12 0
13 13
0 149 13 5
149 146 13 4
146 68 13 4
68 162 13 4
162 34 13 4
34 130 13 5
130 183 13 4
183 168 13 5
168 152 13 5
152 163 13 4
163 124 13 4
124 4 13 3
4 0 13 0
14 9
0 8 14 4
8 151 14 4
151 161 14 4
161 155 14 4
155 51 14 4
51 143 14 4
143 74 14 4
74 32 14 4
32 0 14 0
15 14
0 181 15 4
181 65 15 4
65 37 15 3
37 160 15 4
160 6 15 4
6 142 15 3
142 54 15 3
54 16 15 4
16 39 15 3
39 94 15 4
94 126 15 4
126 165 15 4
165 200 15 3
200 0 15 0
16 6
0 146 16 5
146 166 16 4
166 72 16 4
72 185 16 4
185 197 16 5
197 0 16 0
17 7
0 88 17 5
88 141 17 4
141 174 17 3
174 157 17 4
157 28 17 5
28 164 17 3
164 0 17 0
18 7
0 122 18 5
122 151 18 3
151 83 18 5
83 52 18 3
52 161 18 5
161 155 18 5
155 0 18 0
19 7
0 177 19 5
177 189 19 3
189 85 19 3
85 109 19 3
109 26 19 5
26 143 19 5
143 0 19 0
20 13
0 117 20 5
117 190 20 5
190 20 20 5
20 160 20 5
160 142 20 4
142 172 20 4
172 136 20 4
136 27 20 4
27 145 20 4
145 113 20 5
113 191 20 3
191 44 20 3
44 0 20 0
21 13
0 108 21 3
108 148 21 3
148 154 21 3
154 118 21 5
118 145 21 5
145 114 21 5
114 64 21 3
64 165 21 5
165 184 21 5
184 153 21 3
153 156 21 3
156 196 21 5
196 0 21 0
22 8
0 148 22 4
148 182 22 4
182 186 22 4
186 178 22 5
178 166 22 3
166 35 22 5
35 199 22 4
199 0 22 0
23 15
0 50 23 5
50 154 23 5
154 49 23 4
49 86 23 5
86 193 23 5
193 194 23 3
194 2 23 4
2 132 23 3
132 1 23 3
1 195 23 4
195 112 23 4
112 147 23 5
147 167 23 5
167 158 23 5
158 0 23 0
24 6
0 10 24 4
10 180 24 4
180 141 24 5
141 157 24 5
157 164 24 4
164 0 24 0
25 14
0 127 25 3
127 14 25 3
14 91 25 3
91 140 25 4
140 45 25 3
45 169 25 4
169 144 25 5
144 119 25 4
119 63 25 4
63 76 25 3
76 153 25 5
153 156 25 4
156 171 25 5
171 0 25 0
26 6
0 95 26 5
95 9 26 4
9 150 26 3
150 87 26 5
87 173 26 4
173 0 26 0
27 3
0 121 27 4
121 192 27 3
192 0 27 0
28 2
0 150 28 5
150 0 28 0
29 1
0 0 29 0
