# Solution for ../instances-HHCRSP/InstanzVNS_HCSRP_100_2.txt
# Cost = 886.156 Dist = 2658.47 Tard = 0 TMax = 0
# <vehicle> <route length>
# <origin node> <dest node> <vehicle> <service type>
0 4
0 7 0 0
7 57 0 0
57 32 0 0
32 0 0 0
1 12
0 59 1 2
59 40 1 2
40 36 1 2
36 98 1 1
98 99 1 1
99 95 1 1
95 56 1 1
56 4 1 1
4 33 1 1
33 42 1 1
42 97 1 2
97 0 1 0
2 15
0 61 2 2
61 91 2 0
91 54 2 1
54 14 2 0
14 94 2 2
94 88 2 2
88 2 2 0
2 66 2 2
66 65 2 2
65 10 2 0
10 31 2 1
31 34 2 2
34 15 2 2
15 21 2 0
21 0 2 0
3 4
0 39 3 1
39 92 3 1
92 100 3 1
100 0 3 0
4 5
0 93 4 2
93 43 4 2
43 3 4 2
3 16 4 2
16 0 4 0
5 8
0 11 5 2
11 26 5 0
26 45 5 0
45 41 5 2
41 19 5 2
19 12 5 2
12 6 5 0
6 0 5 0
6 12
0 96 6 1
96 89 6 1
89 46 6 0
46 9 6 1
9 17 6 1
17 67 6 0
67 44 6 1
44 38 6 1
38 90 6 1
90 86 6 0
86 87 6 1
87 0 6 0
7 11
0 81 7 3
81 73 7 3
73 48 7 3
48 29 7 3
29 25 7 4
25 22 7 3
22 85 7 3
85 76 7 3
76 37 7 3
37 82 7 3
82 0 7 0
8 11
0 81 8 5
81 73 8 5
73 49 8 4
49 68 8 4
68 27 8 4
27 84 8 4
84 78 8 4
78 88 8 5
88 35 8 4
35 74 8 4
74 0 8 0
9 15
0 71 9 4
71 8 9 3
8 77 9 4
77 91 9 3
91 75 9 4
75 80 9 4
80 72 9 3
72 98 9 3
98 23 9 5
23 99 9 4
99 85 9 5
85 76 9 4
76 55 9 5
55 79 9 3
79 0 9 0
10 12
0 83 10 4
83 53 10 4
53 62 10 4
62 30 10 4
30 52 10 4
52 63 10 4
63 64 10 3
64 90 10 3
90 86 10 3
86 87 10 4
87 82 10 4
82 0 10 0
11 11
0 71 11 5
71 77 11 3
77 94 11 3
94 75 11 3
75 80 11 3
80 84 11 5
84 78 11 3
78 5 11 3
5 18 11 3
18 74 11 3
74 0 11 0
12 6
0 83 12 5
83 51 12 5
51 70 12 5
70 95 12 4
95 24 12 4
24 0 12 0
13 13
0 96 13 5
96 89 13 5
89 50 13 5
50 93 13 4
93 1 13 4
1 28 13 5
28 13 13 4
13 72 13 4
72 58 13 4
58 47 13 4
47 97 13 4
97 79 13 4
79 0 13 0
14 5
0 60 14 5
60 69 14 4
69 92 14 4
92 20 14 5
20 0 14 0
15 2
0 100 15 4
100 0 15 0
16 1
0 0 16 0
17 1
0 0 17 0
18 1
0 0 18 0
19 1
0 0 19 0
