# Solution for ../instances-HHCRSP/InstanzCPLEX_HCSRP_75_4.txt
# Cost = 830.45 Dist = 2008.72 Tard = 375 TMax = 107.627
# <vehicle> <route length>
# <origin node> <dest node> <vehicle> <service type>
0 2
0 33 0 0
33 0 0 0
1 16
0 71 1 1
71 74 1 1
74 66 1 0
66 40 1 1
40 7 1 1
7 75 1 1
75 72 1 1
72 73 1 1
73 25 1 1
25 70 1 1
70 36 1 1
36 24 1 1
24 10 1 1
10 17 1 1
17 64 1 1
64 0 1 0
2 10
0 15 2 2
15 69 2 2
69 50 2 0
50 39 2 0
39 16 2 0
16 44 2 0
44 47 2 2
47 12 2 2
12 9 2 0
9 0 2 0
3 9
0 13 3 2
13 20 3 0
20 68 3 2
68 1 3 2
1 41 3 0
41 11 3 2
11 34 3 2
34 67 3 2
67 0 3 0
4 5
0 51 4 2
51 14 4 2
14 18 4 0
18 65 4 2
65 0 4 0
5 10
0 52 5 5
52 38 5 5
38 48 5 5
48 30 5 5
30 59 5 5
59 29 5 5
29 21 5 5
21 63 5 5
63 65 5 5
65 0 5 0
6 8
0 69 6 4
69 59 6 4
59 46 6 4
46 19 6 4
19 8 6 4
8 2 6 4
2 37 6 4
37 0 6 0
7 14
0 71 7 3
71 49 7 4
49 74 7 3
74 45 7 3
45 60 7 3
60 31 7 4
31 68 7 4
68 35 7 3
35 62 7 3
62 56 7 3
56 3 7 3
3 61 7 3
61 57 7 3
57 0 7 0
8 9
0 32 8 3
32 66 8 5
66 23 8 4
23 60 8 5
60 75 8 4
75 62 8 4
62 56 8 4
56 64 8 3
64 0 8 0
9 1
0 0 9 0
10 5
0 55 10 3
55 72 10 5
72 73 10 3
73 61 10 5
61 0 10 0
11 6
0 55 11 4
55 54 11 4
54 70 11 4
70 26 11 3
26 57 11 4
57 0 11 0
12 8
0 6 12 3
6 28 12 3
28 54 12 5
54 27 12 3
27 4 12 4
4 22 12 5
22 67 12 5
67 0 12 0
13 5
0 58 13 3
58 43 13 5
43 53 13 3
53 5 13 3
5 0 13 0
14 5
0 42 14 4
42 58 14 5
58 53 14 5
53 63 14 4
63 0 14 0
