# Solution for ../instances-HHCRSP/InstanzVNS_HCSRP_200_10.txt
# Cost = 1453.93 Dist = 4328.75 Tard = 26.4931 TMax = 6.53961
# <vehicle> <route length>
# <origin node> <dest node> <vehicle> <service type>
0 15
0 192 0 0
192 4 0 0
4 33 0 0
33 181 0 0
181 138 0 0
138 185 0 0
185 178 0 0
178 193 0 0
193 16 0 0
16 118 0 0
118 177 0 0
177 47 0 0
47 122 0 0
122 14 0 0
14 0 0 0
1 16
0 63 1 2
63 175 1 1
175 7 1 1
7 34 1 2
34 61 1 2
61 174 1 2
174 126 1 2
126 105 1 1
105 27 1 2
27 191 1 2
191 187 1 2
187 182 1 2
182 43 1 2
43 199 1 1
199 77 1 1
77 0 1 0
2 5
0 189 2 1
189 94 2 1
94 18 2 1
18 172 2 1
172 0 2 0
3 11
0 50 3 1
50 103 3 1
103 22 3 1
22 125 3 1
125 198 3 1
198 90 3 1
90 173 3 1
173 19 3 1
19 40 3 1
40 132 3 1
132 0 3 0
4 9
0 180 4 1
180 11 4 1
11 64 4 1
64 26 4 1
26 139 4 1
139 91 4 1
91 36 4 1
36 42 4 1
42 0 4 0
5 16
0 104 5 0
104 2 5 0
2 195 5 0
195 83 5 0
83 32 5 2
32 84 5 0
84 58 5 0
58 44 5 0
44 179 5 0
179 95 5 0
95 137 5 2
137 133 5 2
133 62 5 0
62 60 5 0
60 99 5 0
99 0 5 0
6 10
0 176 6 2
176 70 6 2
70 57 6 2
57 108 6 2
108 171 6 2
171 107 6 2
107 184 6 2
184 30 6 2
30 59 6 2
59 0 6 0
7 7
0 80 7 2
80 124 7 2
124 102 7 2
102 129 7 2
129 24 7 2
24 190 7 2
190 0 7 0
8 16
0 188 8 0
188 89 8 0
89 113 8 0
113 197 8 0
197 194 8 0
194 183 8 0
183 29 8 2
29 35 8 1
35 111 8 1
111 31 8 2
31 186 8 0
186 196 8 0
196 48 8 0
48 66 8 0
66 28 8 2
28 0 8 0
9 2
0 200 9 2
200 0 9 0
10 12
0 159 10 4
159 53 10 3
53 100 10 5
100 183 10 4
183 117 10 3
117 41 10 5
41 76 10 3
76 151 10 4
151 156 10 3
156 98 10 4
98 92 10 5
92 0 10 0
11 13
0 159 11 5
159 188 11 3
188 148 11 3
148 163 11 4
163 195 11 5
195 128 11 4
128 141 11 4
141 17 11 4
17 97 11 3
97 151 11 5
151 190 11 3
190 82 11 4
82 0 11 0
12 13
0 115 12 3
115 192 12 5
192 123 12 3
123 150 12 3
150 170 12 3
170 93 12 3
93 185 12 3
185 198 12 3
198 9 12 3
9 182 12 3
182 109 12 5
109 153 12 5
153 0 12 0
13 14
0 12 13 5
12 175 13 4
175 39 13 3
39 150 13 5
150 181 13 4
181 136 13 5
136 145 13 4
145 116 13 4
116 23 13 3
23 112 13 4
112 1 13 3
1 166 13 3
166 10 13 4
10 0 13 0
14 11
0 149 14 3
149 170 14 5
170 131 14 4
131 52 14 5
52 119 14 4
119 120 14 4
120 161 14 3
161 79 14 5
79 135 14 3
135 156 14 4
156 0 14 0
15 14
0 176 15 4
176 134 15 4
134 45 15 4
45 154 15 3
154 143 15 3
143 165 15 3
165 96 15 3
96 179 15 3
179 81 15 3
81 114 15 4
114 153 15 3
153 121 15 4
121 72 15 4
72 0 15 0
16 8
0 149 16 5
149 140 16 3
140 145 16 5
145 8 16 4
8 69 16 5
69 74 16 5
74 164 16 3
164 0 16 0
17 6
0 189 17 3
189 106 17 3
106 101 17 3
101 73 17 4
73 146 17 3
146 0 17 0
18 3
0 169 18 3
169 168 18 4
168 0 18 0
19 6
0 148 19 5
148 163 19 5
163 141 19 5
141 55 19 5
55 46 19 5
46 0 19 0
20 15
0 49 20 5
49 20 20 4
20 154 20 5
154 143 20 4
143 86 20 5
86 165 20 5
165 38 20 4
38 51 20 5
51 173 20 3
173 184 20 4
184 56 20 5
56 177 20 5
177 67 20 4
67 160 20 3
160 0 20 0
21 6
0 197 21 5
197 194 21 5
194 146 21 5
146 25 21 5
25 172 21 4
172 0 21 0
22 5
0 169 22 5
169 87 22 5
87 110 22 5
110 200 22 5
200 0 22 0
23 18
0 78 23 3
78 180 23 3
180 144 23 3
144 158 23 3
158 147 23 3
147 3 23 3
3 178 23 4
178 155 23 3
155 157 23 3
157 167 23 4
167 193 23 3
193 191 23 4
191 152 23 3
152 162 23 3
162 187 23 4
187 166 23 4
166 199 23 4
199 0 23 0
24 8
0 144 24 5
144 158 24 5
158 147 24 4
147 174 24 4
174 88 24 5
88 161 24 4
161 164 24 4
164 0 24 0
25 17
0 5 25 4
5 37 25 4
37 15 25 3
15 130 25 3
130 68 25 5
68 171 25 3
171 155 25 5
155 157 25 4
157 167 25 5
167 6 25 4
6 152 25 4
152 162 25 4
162 21 25 5
21 75 25 5
75 13 25 3
13 160 25 4
160 0 25 0
26 7
0 85 26 4
85 127 26 5
127 186 26 3
186 54 26 5
54 196 26 3
196 142 26 4
142 0 26 0
27 2
0 168 27 5
168 0 27 0
28 2
0 65 28 4
65 0 28 0
29 3
0 71 29 4
71 142 29 5
142 0 29 0
