# Solution for ../instances-HHCRSP/InstanzVNS_HCSRP_200_8.txt
# Cost = 1187.52 Dist = 3562.05 Tard = 0.34458 TMax = 0.17229
# <vehicle> <route length>
# <origin node> <dest node> <vehicle> <service type>
0 15
0 11 0 0
11 17 0 0
17 21 0 0
21 36 0 1
36 78 0 0
78 190 0 1
190 173 0 0
173 100 0 0
100 198 0 0
198 4 0 1
4 71 0 1
71 81 0 0
81 18 0 1
18 191 0 0
191 0 0 0
1 11
0 10 1 0
10 195 1 0
195 125 1 0
125 188 1 0
188 185 1 0
185 119 1 0
119 132 1 0
132 120 1 0
120 187 1 0
187 72 1 0
72 0 1 0
2 17
0 91 2 2
91 179 2 0
179 102 2 2
102 197 2 0
197 23 2 2
23 68 2 2
68 192 2 0
192 94 2 0
94 139 2 0
139 183 2 2
183 172 2 2
172 74 2 0
74 6 2 2
6 90 2 0
90 12 2 2
12 129 2 0
129 0 2 0
3 16
0 199 3 1
199 184 3 1
184 45 3 2
45 194 3 1
194 104 3 2
104 22 3 1
22 196 3 2
196 13 3 2
13 44 3 1
44 180 3 1
180 105 3 2
105 46 3 2
46 127 3 2
127 103 3 2
103 93 3 2
93 0 3 0
4 9
0 189 4 1
189 33 4 1
33 75 4 1
75 200 4 1
200 53 4 1
53 107 4 1
107 174 4 1
174 48 4 1
48 0 4 0
5 7
0 57 5 1
57 54 5 1
54 66 5 1
66 131 5 1
131 176 5 1
176 32 5 1
32 0 5 0
6 19
0 112 6 0
112 42 6 0
42 134 6 0
134 40 6 0
40 193 6 0
193 65 6 0
65 117 6 2
117 130 6 0
130 95 6 0
95 186 6 0
186 171 6 0
171 55 6 0
55 62 6 0
62 51 6 0
51 181 6 2
181 16 6 0
16 5 6 0
5 109 6 0
109 0 6 0
7 7
0 60 7 2
60 177 7 2
177 56 7 2
56 58 7 2
58 77 7 2
77 113 7 2
113 0 7 0
8 8
0 178 8 0
178 182 8 0
182 135 8 0
135 27 8 1
27 76 8 0
76 73 8 0
73 98 8 0
98 0 8 0
9 8
0 87 9 1
87 126 9 1
126 110 9 1
110 92 9 1
92 175 9 1
175 115 9 1
115 138 9 1
138 0 9 0
10 15
0 199 10 4
199 195 10 4
195 184 10 5
184 185 10 5
185 137 10 4
137 82 10 4
82 149 10 4
149 34 10 5
34 166 10 5
166 167 10 4
167 114 10 5
114 122 10 5
122 88 10 5
88 80 10 5
80 0 10 0
11 15
0 136 11 3
136 106 11 4
106 14 11 5
14 116 11 5
116 63 11 5
63 26 11 3
26 190 11 5
190 30 11 5
30 29 11 3
29 52 11 4
52 146 11 5
146 154 11 5
154 9 11 5
9 147 11 3
147 0 11 0
12 16
0 8 12 5
8 189 12 3
189 193 12 4
193 24 12 4
24 97 12 4
97 186 12 3
186 171 12 4
171 47 12 4
47 164 12 3
164 83 12 3
83 118 12 5
118 39 12 4
39 153 12 4
153 152 12 3
152 79 12 3
79 0 12 0
13 11
0 108 13 3
108 188 13 3
188 194 13 5
194 64 13 3
64 196 13 4
196 166 13 3
166 167 13 3
167 69 13 3
69 157 13 3
157 3 13 4
3 0 13 0
14 14
0 179 14 3
179 197 14 3
197 50 14 4
50 86 14 4
86 155 14 4
155 84 14 4
84 159 14 3
159 183 14 4
183 101 14 4
101 175 14 5
175 85 14 3
85 169 14 3
169 141 14 3
141 0 14 0
15 10
0 151 15 4
151 61 15 4
61 170 15 4
170 178 15 4
178 182 15 4
182 156 15 4
156 38 15 4
38 176 15 5
176 191 15 5
191 0 15 0
16 11
0 151 16 5
151 124 16 3
124 170 16 5
170 156 16 5
156 37 16 5
37 140 16 5
140 31 16 5
31 162 16 3
162 133 16 4
133 28 16 3
28 0 16 0
17 11
0 145 17 3
145 168 17 3
168 7 17 3
7 1 17 4
1 128 17 4
128 111 17 5
111 181 17 4
181 165 17 4
165 158 17 3
158 150 17 4
150 0 17 0
18 9
0 145 18 5
145 168 18 5
168 164 18 5
164 89 18 4
89 174 18 5
174 35 18 4
35 153 18 5
153 152 18 4
152 0 18 0
19 11
0 49 19 5
49 70 19 5
70 121 19 3
121 25 19 5
25 200 19 3
200 149 19 5
149 187 19 4
187 180 19 4
180 99 19 5
99 157 19 5
157 0 19 0
20 9
0 163 20 5
163 161 20 5
161 143 20 5
143 198 20 3
198 162 20 5
162 165 20 3
165 158 20 5
158 150 20 5
150 0 20 0
21 12
0 163 21 4
163 161 21 3
161 43 21 4
43 143 21 4
143 15 21 4
15 2 21 4
2 173 21 4
173 19 21 3
19 146 21 3
146 154 21 4
154 147 21 4
147 0 21 0
22 6
0 155 22 5
155 159 22 4
159 20 22 3
20 169 22 5
169 141 22 5
141 0 22 0
23 7
0 59 23 3
59 192 23 5
192 172 23 3
172 148 23 5
148 144 23 3
144 142 23 3
142 0 23 0
24 5
0 177 24 5
177 41 24 5
41 96 24 5
96 160 24 5
160 0 24 0
25 5
0 67 25 5
67 148 25 4
148 144 25 4
144 142 25 5
142 0 25 0
26 1
0 0 26 0
27 1
0 0 27 0
28 3
0 123 28 4
123 160 28 4
160 0 28 0
29 1
0 0 29 0
