# Solution for ../instances-HHCRSP/InstanzVNS_HCSRP_100_6.txt
# Cost = 815.071 Dist = 2438.69 Tard = 3.9594 TMax = 2.56199
# <vehicle> <route length>
# <origin node> <dest node> <vehicle> <service type>
0 8
0 86 0 0
86 16 0 0
16 64 0 2
64 92 0 2
92 44 0 0
44 41 0 0
41 96 0 0
96 0 0 0
1 3
0 31 1 2
31 30 1 2
30 0 1 0
2 8
0 36 2 1
36 66 2 0
66 18 2 0
18 97 2 1
97 91 2 1
91 99 2 0
99 98 2 1
98 0 2 0
3 11
0 43 3 1
43 93 3 2
93 51 3 2
51 20 3 2
20 95 3 2
95 19 3 1
19 53 3 1
53 24 3 1
24 12 3 2
12 58 3 1
58 0 3 0
4 9
0 4 4 0
4 13 4 0
13 60 4 2
60 89 4 0
89 47 4 2
47 3 4 2
3 40 4 2
40 26 4 0
26 0 4 0
5 13
0 5 5 1
5 25 5 2
25 88 5 2
88 67 5 2
67 2 5 0
2 33 5 0
33 61 5 1
61 94 5 2
94 87 5 1
87 15 5 1
15 23 5 1
23 1 5 1
1 0 5 0
6 5
0 22 6 2
22 90 6 2
90 100 6 2
100 59 6 1
59 0 6 0
7 8
0 48 7 4
48 11 7 4
11 74 7 4
74 46 7 4
46 94 7 3
94 80 7 3
80 73 7 4
73 0 7 0
8 11
0 82 8 3
82 93 8 5
93 65 8 3
65 89 8 3
89 74 8 5
74 84 8 5
84 21 8 3
21 69 8 3
69 76 8 5
76 79 8 3
79 0 8 0
9 13
0 82 9 5
82 27 9 4
27 97 9 4
97 8 9 4
8 62 9 4
62 78 9 4
78 77 9 3
77 9 9 4
9 71 9 3
71 72 9 4
72 28 9 5
28 29 9 3
29 0 9 0
10 7
0 50 10 3
50 56 10 5
56 83 10 3
83 68 10 5
68 10 10 5
10 96 10 3
96 0 10 0
11 9
0 86 11 4
86 6 11 5
6 45 11 5
45 63 11 3
63 92 11 3
92 70 11 3
70 85 11 3
85 75 11 4
75 0 11 0
12 8
0 7 12 5
7 91 12 3
91 78 12 5
78 77 12 4
77 71 12 5
71 72 12 5
72 14 12 3
14 0 12 0
13 4
0 34 13 5
34 83 13 4
83 81 13 4
81 0 13 0
14 13
0 54 14 3
54 35 14 5
35 88 14 3
88 55 14 4
55 52 14 3
52 95 14 5
95 17 14 5
17 84 14 4
84 87 14 5
87 80 14 4
80 38 14 5
38 73 14 5
73 0 14 0
15 2
0 81 15 5
81 0 15 0
16 4
0 37 16 4
37 57 16 3
57 42 16 4
42 0 16 0
17 5
0 90 17 3
90 100 17 3
100 85 17 5
85 75 17 5
75 0 17 0
18 8
0 49 18 4
49 39 18 5
39 32 18 4
32 99 18 5
99 98 18 5
98 76 18 4
76 79 18 5
79 0 18 0
19 1
0 0 19 0
