# Solution for ../instances-HHCRSP/InstanzVNS_HCSRP_200_4.txt
# Cost = 1159.17 Dist = 3475.1 Tard = 1.68585 TMax = 0.71573
# <vehicle> <route length>
# <origin node> <dest node> <vehicle> <service type>
0 15
0 191 0 2
191 183 0 2
183 194 0 2
194 88 0 2
88 128 0 2
128 62 0 0
62 171 0 0
171 41 0 0
41 192 0 2
192 200 0 2
200 56 0 2
56 121 0 0
121 64 0 0
64 11 0 2
11 0 0 0
1 18
0 50 1 0
50 92 1 1
92 33 1 0
33 7 1 1
7 108 1 0
108 130 1 0
130 14 1 2
14 127 1 0
127 98 1 2
98 185 1 2
185 18 1 0
18 140 1 1
140 63 1 0
63 112 1 2
112 65 1 1
65 120 1 0
120 109 1 1
109 0 1 0
2 15
0 55 2 1
55 71 2 1
71 90 2 1
90 177 2 1
177 190 2 0
190 20 2 0
20 139 2 1
139 54 2 0
54 173 2 1
173 181 2 0
181 184 2 0
184 10 2 1
10 132 2 1
132 9 2 0
9 0 2 0
3 14
0 13 3 2
13 105 3 0
105 174 3 0
174 179 3 2
179 1 3 2
1 197 3 2
197 123 3 2
123 85 3 0
85 72 3 2
72 99 3 1
99 34 3 2
34 178 3 0
178 111 3 1
111 0 3 0
4 14
0 122 4 2
122 15 4 2
15 186 4 2
186 69 4 0
69 77 4 1
77 44 4 0
44 187 4 1
187 180 4 2
180 84 4 2
84 172 4 1
172 86 4 2
86 182 4 0
182 137 4 1
137 0 4 0
5 8
0 106 5 2
106 196 5 2
196 198 5 2
198 12 5 2
12 176 5 2
176 76 5 2
76 199 5 2
199 0 5 0
6 7
0 39 6 0
39 16 6 0
16 113 6 2
113 188 6 2
188 102 6 0
102 100 6 0
100 0 6 0
7 5
0 94 7 1
94 24 7 1
24 135 7 1
135 81 7 1
81 0 7 0
8 10
0 51 8 2
51 40 8 1
40 25 8 1
25 87 8 2
87 89 8 2
89 125 8 2
125 17 8 1
17 36 8 1
36 95 8 1
95 0 8 0
9 6
0 47 9 2
47 189 9 2
189 175 9 2
175 195 9 2
195 193 9 2
193 0 9 0
10 15
0 191 10 3
191 158 10 5
158 177 10 5
177 134 10 3
134 196 10 5
196 198 10 5
198 35 10 3
35 68 10 3
68 73 10 3
73 156 10 5
156 150 10 3
150 78 10 3
78 118 10 3
118 159 10 5
159 0 10 0
11 12
0 158 11 4
158 190 11 4
190 60 11 4
60 197 11 5
197 3 11 3
3 61 11 4
61 169 11 3
169 178 11 5
178 57 11 4
57 167 11 3
167 136 11 3
136 0 11 0
12 14
0 97 12 4
97 52 12 5
52 157 12 4
157 126 12 4
126 107 12 3
107 147 12 3
147 181 12 5
181 165 12 5
165 184 12 3
184 4 12 4
4 154 12 3
154 26 12 3
26 70 12 5
70 0 12 0
13 10
0 163 13 3
163 32 13 3
32 66 13 3
66 174 13 3
174 31 13 4
31 183 13 3
183 194 13 4
194 119 13 3
119 142 13 3
142 0 13 0
14 15
0 163 14 5
163 49 14 4
49 74 14 5
74 179 14 4
179 45 14 3
45 143 14 3
143 83 14 5
83 114 14 5
114 171 14 4
171 117 14 3
117 156 14 4
156 150 14 4
150 110 14 5
110 159 14 4
159 0 14 0
15 8
0 166 15 3
166 186 15 5
186 59 15 4
59 149 15 3
149 162 15 4
162 148 15 3
148 182 15 3
182 0 15 0
16 8
0 166 16 4
166 38 16 5
38 187 16 4
187 180 16 4
180 146 16 3
146 138 16 4
138 133 16 3
133 0 16 0
17 12
0 168 17 4
168 157 17 5
157 155 17 5
155 80 17 5
80 153 17 5
153 19 17 4
19 185 17 5
185 101 17 4
101 154 17 4
154 37 17 4
37 79 17 4
79 0 17 0
18 6
0 168 18 5
168 28 18 3
28 189 18 3
189 151 18 4
151 175 18 3
175 0 18 0
19 4
0 6 19 3
6 91 19 5
91 67 19 3
67 0 19 0
20 10
0 161 20 3
161 23 20 4
23 143 20 4
143 96 20 3
96 104 20 4
104 192 20 5
192 200 20 4
200 129 20 5
129 142 20 4
142 0 20 0
21 5
0 161 21 5
161 103 21 4
103 93 21 4
93 195 21 3
195 0 21 0
22 14
0 144 22 3
144 48 22 5
48 82 22 3
82 30 22 5
30 42 22 4
42 155 22 3
155 153 22 3
153 43 22 5
43 46 22 4
46 5 22 3
5 21 22 5
21 188 22 3
188 53 22 5
53 0 22 0
23 6
0 170 23 3
170 116 23 3
116 147 23 4
147 165 23 4
165 169 23 4
169 0 23 0
24 8
0 144 24 5
144 131 24 4
131 58 24 3
58 149 24 5
149 162 24 5
162 148 24 5
148 29 24 5
29 0 24 0
25 7
0 170 25 5
170 173 25 5
173 176 25 4
176 124 25 5
124 199 25 4
199 167 25 5
167 0 25 0
26 8
0 160 26 5
160 145 26 3
145 164 26 3
164 152 26 3
152 151 26 5
151 22 26 5
22 193 26 5
193 0 26 0
27 7
0 160 27 4
160 145 27 4
145 164 27 5
164 152 27 4
152 8 27 4
8 2 27 4
2 0 27 0
28 4
0 115 28 4
115 75 28 3
75 141 28 4
141 0 28 0
29 5
0 27 29 3
27 146 29 5
146 172 29 3
172 141 29 3
141 0 29 0
