# Solution for ../instances-HHCRSP/InstanzVNS_HCSRP_300_1.txt
# Cost = 1867.38 Dist = 5549.28 Tard = 38.8113 TMax = 14.0384
# <vehicle> <route length>
# <origin node> <dest node> <vehicle> <service type>
0 14
0 263 0 1
263 104 0 1
104 289 0 0
289 62 0 1
62 160 0 1
160 97 0 1
97 15 0 0
15 265 0 0
265 270 0 1
270 171 0 1
171 103 0 0
103 276 0 1
276 147 0 1
147 0 0 0
1 7
0 260 1 2
260 169 1 2
169 93 1 2
93 295 1 2
295 269 1 2
269 57 1 2
57 0 1 0
2 7
0 264 2 2
264 142 2 2
142 268 2 2
268 60 2 2
60 254 2 2
254 99 2 2
99 0 2 0
3 13
0 134 3 1
134 31 3 1
31 42 3 2
42 12 3 1
12 256 3 1
256 13 3 1
13 150 3 1
150 67 3 2
67 290 3 1
290 284 3 1
284 89 3 1
89 133 3 2
133 0 3 0
4 10
0 182 4 2
182 81 4 2
81 287 4 2
287 137 4 2
137 123 4 2
123 17 4 2
17 131 4 2
131 21 4 2
21 192 4 2
192 0 4 0
5 8
0 151 5 2
151 70 5 2
70 292 5 2
292 267 5 2
267 252 5 2
252 22 5 2
22 5 5 2
5 0 5 0
6 2
0 129 6 2
129 0 6 0
7 10
0 139 7 0
139 189 7 0
189 262 7 0
262 101 7 0
101 61 7 0
61 75 7 0
75 100 7 0
100 38 7 0
38 92 7 0
92 0 7 0
8 14
0 181 8 0
181 255 8 0
255 120 8 1
120 125 8 0
125 251 8 0
251 296 8 0
296 297 8 1
297 128 8 1
128 174 8 1
174 293 8 0
293 46 8 0
46 107 8 0
107 58 8 1
58 0 8 0
9 16
0 33 9 0
33 300 9 1
300 291 9 2
291 299 9 0
299 175 9 0
175 48 9 0
48 71 9 1
71 283 9 0
283 261 9 2
261 77 9 0
77 30 9 2
30 158 9 2
158 184 9 0
184 11 9 1
11 53 9 2
53 0 9 0
10 3
0 266 10 2
266 40 10 2
40 0 10 0
11 3
0 282 11 1
282 111 11 1
111 0 11 0
12 16
0 294 12 1
294 273 12 1
273 279 12 0
279 280 12 1
280 253 12 1
253 272 12 0
272 281 12 0
281 258 12 1
258 90 12 0
90 3 12 1
3 277 12 2
277 274 12 2
274 196 12 0
196 298 12 1
298 106 12 0
106 0 12 0
13 11
0 73 13 1
73 259 13 2
259 176 13 2
176 157 13 1
157 59 13 2
59 25 13 2
25 191 13 1
191 164 13 1
164 7 13 2
7 257 13 1
257 0 13 0
14 13
0 148 14 1
148 288 14 0
288 166 14 0
166 47 14 0
47 193 14 0
193 56 14 1
56 78 14 1
78 275 14 1
275 278 14 0
278 41 14 1
41 66 14 0
66 110 14 1
110 0 14 0
15 4
0 84 15 0
84 286 15 0
286 105 15 0
105 0 15 0
16 5
0 180 16 0
180 168 16 0
168 271 16 0
271 55 16 0
55 0 16 0
17 8
0 98 17 1
98 43 17 1
43 18 17 0
18 82 17 0
82 19 17 0
19 285 17 1
285 197 17 1
197 0 17 0
18 14
0 263 18 3
263 186 18 5
186 146 18 4
146 282 18 5
282 68 18 4
68 238 18 3
238 267 18 5
267 252 18 5
252 130 18 5
130 35 18 5
35 293 18 4
293 121 18 4
121 285 18 3
285 0 18 0
19 19
0 232 19 3
232 202 19 3
202 247 19 4
247 234 19 3
234 289 19 3
289 227 19 3
227 6 19 4
6 23 19 4
23 63 19 4
63 207 19 3
207 230 19 3
230 258 19 4
258 144 19 4
144 241 19 3
241 220 19 3
220 218 19 3
218 231 19 3
231 116 19 4
116 0 19 0
20 3
0 246 20 3
246 85 20 3
85 0 20 0
21 9
0 246 21 4
246 229 21 3
229 162 21 4
162 275 21 3
275 278 21 4
278 2 21 4
2 214 21 4
214 271 21 3
271 0 21 0
22 14
0 232 22 5
232 202 22 4
202 247 22 5
247 234 22 5
234 227 22 5
227 253 22 5
253 207 22 5
207 119 22 4
119 265 22 4
265 270 22 5
270 156 22 3
156 233 22 4
233 276 22 4
276 0 22 0
23 19
0 260 23 3
260 215 23 4
215 172 23 4
172 291 23 3
291 170 23 5
170 211 23 4
211 205 23 3
205 135 23 3
135 94 23 4
94 39 23 3
39 165 23 5
165 209 23 4
209 204 23 4
204 283 23 3
283 261 23 4
261 126 23 4
126 254 23 5
254 224 23 3
224 0 23 0
24 19
0 203 24 3
203 215 24 5
215 300 24 3
300 24 24 5
24 54 24 3
54 211 24 5
211 205 24 4
205 217 24 3
217 136 24 4
136 201 24 3
201 187 24 4
187 241 24 5
241 220 24 4
220 218 24 4
218 195 24 5
195 80 24 5
80 28 24 5
28 257 24 5
257 0 24 0
25 18
0 203 25 4
203 127 25 3
127 251 25 4
251 49 25 4
49 249 25 3
249 244 25 3
244 287 25 3
287 297 25 3
297 178 25 3
178 112 25 4
112 201 25 4
201 76 25 3
76 223 25 3
223 242 25 3
242 277 25 4
277 228 25 3
228 245 25 3
245 0 25 0
26 9
0 208 26 3
208 109 26 3
109 229 26 4
229 259 26 3
259 34 26 4
34 152 26 4
152 183 26 5
183 185 26 4
185 0 26 0
27 14
0 208 27 4
208 264 27 5
264 20 27 5
20 140 27 4
140 299 27 5
299 102 27 4
102 221 27 3
221 268 27 5
268 235 27 3
235 16 27 4
16 29 27 3
29 167 27 3
167 224 27 4
224 0 27 0
28 13
0 239 28 5
239 222 28 4
222 219 28 4
219 10 28 4
10 262 28 4
262 206 28 5
206 216 28 4
216 237 28 4
237 26 28 5
26 141 28 4
141 72 28 4
72 240 28 4
240 0 28 0
29 15
0 108 29 3
108 255 29 5
255 91 29 3
91 159 29 5
159 37 29 3
37 45 29 3
45 217 29 4
217 179 29 5
179 223 29 5
223 274 29 4
274 36 29 3
36 200 29 4
200 228 29 5
228 245 29 4
245 0 29 0
30 16
0 154 30 5
154 249 30 5
249 244 30 5
244 296 30 5
296 194 30 5
194 145 30 5
145 27 30 4
27 114 30 5
114 230 30 5
230 226 30 4
226 96 30 5
96 269 30 5
269 213 30 4
213 210 30 4
210 225 30 5
225 0 30 0
31 11
0 239 31 3
239 222 31 5
222 219 31 5
219 50 31 5
50 206 31 3
206 216 31 5
216 237 31 5
237 88 31 5
88 163 31 3
163 240 31 5
240 0 31 0
32 14
0 8 32 4
8 177 32 4
177 122 32 5
122 52 32 3
52 161 32 5
161 95 32 5
95 256 32 4
256 155 32 3
155 290 32 4
290 284 32 3
284 212 32 3
212 250 32 3
250 243 32 3
243 0 32 0
33 16
0 115 33 3
115 14 33 3
14 198 33 5
198 138 33 3
138 79 33 3
79 221 33 5
221 235 33 5
235 209 33 5
209 204 33 5
204 188 33 3
188 242 33 4
242 69 33 5
69 153 33 5
153 233 33 5
233 298 33 5
298 0 33 0
34 15
0 294 34 5
294 273 34 4
273 65 34 4
65 190 34 3
190 279 34 3
279 280 34 5
280 86 34 5
86 118 34 5
118 281 34 3
281 226 34 3
226 64 34 3
64 295 34 5
295 231 34 5
231 199 34 5
199 0 34 0
35 13
0 149 35 4
149 288 35 4
288 117 35 5
117 272 35 3
272 113 35 5
113 132 35 3
132 214 35 5
214 44 35 3
44 1 35 3
1 213 35 3
213 210 35 5
210 225 35 3
225 0 35 0
36 8
0 286 36 5
286 83 36 5
83 236 36 3
236 9 36 4
9 74 36 4
74 51 36 4
51 243 36 4
243 0 36 0
37 9
0 292 37 4
292 238 37 4
238 124 37 4
124 4 37 3
4 248 37 5
248 266 37 3
266 143 37 3
143 173 37 4
173 0 37 0
38 6
0 236 38 5
236 87 38 5
87 32 38 4
32 212 38 5
212 250 38 5
250 0 38 0
39 2
0 248 39 3
248 0 39 0
