# Solution for ../instances-HHCRSP/InstanzVNS_HCSRP_300_5.txt
# Cost = 1781.08 Dist = 5340.04 Tard = 2.01295 TMax = 1.19483
# <vehicle> <route length>
# <origin node> <dest node> <vehicle> <service type>
0 17
0 296 0 0
296 99 0 0
99 255 0 0
255 165 0 0
165 17 0 0
17 91 0 1
91 164 0 0
164 186 0 1
186 285 0 1
285 300 0 0
300 39 0 1
39 119 0 1
119 146 0 0
146 294 0 0
294 275 0 1
275 251 0 0
251 0 0 0
1 14
0 260 1 1
260 256 1 1
256 268 1 1
268 77 1 1
77 118 1 1
118 283 1 1
283 144 1 1
144 18 1 1
18 147 1 1
147 35 1 1
35 156 1 1
156 82 1 1
82 40 1 1
40 0 1 0
2 17
0 174 2 1
174 279 2 1
279 293 2 2
293 3 2 2
3 36 2 2
36 102 2 1
102 64 2 2
64 170 2 1
170 51 2 1
51 162 2 1
162 31 2 1
31 69 2 2
69 27 2 2
27 158 2 2
158 4 2 2
4 106 2 1
106 0 2 0
3 5
0 195 3 0
195 114 3 0
114 41 3 0
41 267 3 0
267 0 3 0
4 8
0 15 4 2
15 167 4 2
167 181 4 2
181 179 4 2
179 258 4 2
258 108 4 2
108 145 4 2
145 0 4 0
5 8
0 261 5 0
261 93 5 0
93 131 5 0
131 292 5 0
292 23 5 0
23 104 5 0
104 264 5 0
264 0 5 0
6 4
0 266 6 1
266 81 6 1
81 90 6 1
90 0 6 0
7 10
0 269 7 0
269 188 7 0
188 286 7 2
286 291 7 2
291 299 7 2
299 9 7 2
9 87 7 0
87 254 7 2
254 85 7 0
85 0 7 0
8 4
0 135 8 2
135 252 8 2
252 193 8 2
193 0 8 0
9 7
0 276 9 2
276 182 9 2
182 288 9 2
288 253 9 2
253 265 9 2
265 171 9 2
171 0 9 0
10 14
0 14 10 0
14 262 10 0
262 272 10 2
272 46 10 2
46 183 10 2
183 284 10 2
284 5 10 0
5 280 10 0
280 88 10 0
88 116 10 0
116 271 10 0
271 24 10 2
24 270 10 0
270 0 10 0
11 12
0 297 11 1
297 70 11 0
70 295 11 2
295 100 11 2
100 124 11 2
124 287 11 1
287 43 11 0
43 32 11 2
32 30 11 2
30 298 11 0
298 282 11 0
282 0 11 0
12 11
0 154 12 1
154 161 12 1
161 121 12 1
121 34 12 1
34 86 12 1
86 178 12 1
178 33 12 1
33 263 12 1
263 97 12 1
97 25 12 1
25 0 12 0
13 5
0 169 13 1
169 84 13 1
84 96 13 1
96 75 13 1
75 0 13 0
14 12
0 115 14 0
115 71 14 1
71 21 14 0
21 74 14 0
74 273 14 1
273 56 14 0
56 197 14 1
197 76 14 1
76 281 14 0
281 137 14 0
137 13 14 1
13 0 14 0
15 12
0 259 15 0
259 126 15 0
126 180 15 0
180 257 15 2
257 192 15 2
192 274 15 0
274 117 15 2
117 278 15 0
278 277 15 2
277 289 15 2
289 140 15 2
140 0 15 0
16 2
0 290 16 2
290 0 16 0
17 2
0 175 17 1
175 0 17 0
18 15
0 209 18 4
209 260 18 4
260 130 18 4
130 237 18 4
237 240 18 4
240 83 18 4
83 48 18 4
48 53 18 4
53 223 18 4
223 214 18 4
214 159 18 4
159 26 18 4
26 275 18 4
275 224 18 4
224 0 18 0
19 12
0 229 19 5
229 296 19 4
296 153 19 4
153 216 19 5
216 272 19 4
272 142 19 5
142 284 19 4
284 177 19 5
177 263 19 5
263 205 19 4
205 243 19 4
243 0 19 0
20 22
0 229 20 3
229 209 20 5
209 59 20 3
59 45 20 3
45 217 20 3
217 286 20 5
286 212 20 4
212 63 20 3
63 283 20 3
283 157 20 5
157 125 20 4
125 103 20 4
103 249 20 3
249 230 20 3
230 112 20 5
112 149 20 4
149 254 20 3
254 7 20 4
7 113 20 3
113 242 20 3
242 221 20 3
221 0 20 0
21 19
0 122 21 4
122 256 21 5
256 163 21 3
163 217 21 5
217 212 21 5
212 80 21 5
80 233 21 4
233 168 21 3
168 226 21 3
226 68 21 5
68 223 21 5
223 89 21 3
89 214 21 3
214 61 21 5
61 213 21 4
213 189 21 5
189 205 21 3
205 243 21 3
243 0 21 0
22 18
0 239 22 3
239 199 22 4
199 6 22 5
6 52 22 5
52 133 22 3
133 250 22 3
250 206 22 3
206 227 22 4
227 29 22 3
29 204 22 3
204 277 22 3
277 37 22 4
37 289 22 4
289 208 22 3
208 232 22 3
232 148 22 4
148 234 22 3
234 0 22 0
23 19
0 239 23 4
239 261 23 3
261 245 23 4
245 172 23 3
172 184 23 3
184 241 23 3
241 268 23 3
268 299 23 5
299 233 23 5
233 249 23 5
249 230 23 4
230 225 23 3
225 151 23 3
151 204 23 5
204 220 23 4
220 134 23 3
134 213 23 5
213 107 23 5
107 0 23 0
24 14
0 98 24 3
98 269 24 4
269 279 24 5
279 12 24 3
12 222 24 3
222 257 24 4
257 198 24 5
198 225 24 4
225 105 24 4
105 208 24 4
208 232 24 4
232 173 24 3
173 176 24 5
176 0 24 0
25 9
0 58 25 4
58 266 25 4
266 259 25 5
259 202 25 4
202 207 25 5
207 101 25 5
101 258 25 4
258 231 25 4
231 0 25 0
26 15
0 245 26 5
245 216 26 3
216 11 26 5
11 255 26 5
255 200 26 4
200 72 26 4
72 185 26 3
185 127 26 5
127 67 26 3
67 226 26 5
226 47 26 4
47 294 26 5
294 224 26 3
224 150 26 5
150 0 26 0
27 12
0 246 27 4
246 196 27 3
196 293 27 5
293 194 27 4
194 253 27 3
253 227 27 5
227 94 27 3
94 187 27 3
187 278 27 5
278 273 27 5
273 201 27 3
201 0 27 0
28 6
0 246 28 5
246 8 28 5
8 247 28 5
247 79 28 3
79 290 28 5
290 0 28 0
29 17
0 219 29 3
219 262 29 3
262 78 29 4
78 241 29 5
241 291 29 4
291 66 29 3
66 155 29 3
155 2 29 4
2 10 29 3
10 285 29 3
285 300 29 3
300 123 29 4
123 92 29 3
92 251 29 5
251 242 29 5
242 221 29 4
221 0 29 0
30 9
0 248 30 3
248 297 30 3
297 210 30 3
210 236 30 3
236 244 30 3
244 215 30 3
215 110 30 5
110 128 30 3
128 0 30 0
31 18
0 219 31 4
219 160 31 5
160 38 31 3
38 50 31 3
50 109 31 4
109 55 31 5
55 129 31 3
129 228 31 4
228 203 31 3
203 211 31 3
211 132 31 4
132 238 31 4
238 287 31 5
287 73 31 4
73 44 31 3
44 298 31 3
298 282 31 5
282 0 31 0
32 10
0 248 32 5
248 138 32 5
138 235 32 4
235 210 32 5
210 236 32 5
236 244 32 4
244 203 32 5
203 211 32 5
211 238 32 5
238 0 32 0
33 11
0 218 33 3
218 60 33 5
60 28 33 3
28 166 33 3
166 54 33 5
54 222 33 5
222 1 33 5
1 136 33 5
136 264 33 5
264 234 33 5
234 0 33 0
34 17
0 218 34 5
218 16 34 4
16 42 34 5
42 49 34 5
49 139 34 3
139 292 34 3
292 22 34 5
22 237 34 5
237 240 34 5
240 250 34 5
250 206 34 4
206 62 34 3
62 220 34 5
220 280 34 4
280 271 34 5
271 270 34 4
270 0 34 0
35 7
0 235 35 3
235 215 35 4
215 141 35 4
141 252 35 4
252 267 35 3
267 57 35 5
57 0 35 0
36 5
0 143 36 3
143 202 36 3
202 207 36 3
207 231 36 3
231 0 36 0
37 13
0 276 37 4
276 111 37 4
111 288 37 3
288 152 37 5
152 191 37 3
191 65 37 4
65 295 37 4
295 120 37 4
120 19 37 5
19 228 37 5
228 265 37 4
265 281 37 3
281 0 37 0
38 6
0 190 38 4
190 247 38 4
247 274 38 5
274 95 38 4
95 201 38 5
201 0 38 0
39 2
0 20 39 3
20 0 39 0
