# Solution for ../instances-HHCRSP/InstanzVNS_HCSRP_100_1.txt
# Cost = 1348.61 Dist = 2774.22 Tard = 1047.72 TMax = 223.883
# <vehicle> <route length>
# <origin node> <dest node> <vehicle> <service type>
0 17
0 47 0 0
47 33 0 0
33 86 0 0
86 94 0 0
94 15 0 0
15 48 0 0
48 100 0 0
100 90 0 0
90 66 0 0
66 61 0 0
61 18 0 0
18 38 0 0
38 92 0 0
92 19 0 0
19 46 0 0
46 55 0 0
55 0 0 0
1 16
0 12 1 1
12 42 1 2
42 31 1 1
31 43 1 1
43 98 1 2
98 17 1 2
17 56 1 1
56 41 1 1
41 3 1 1
3 93 1 1
93 96 1 1
96 59 1 2
59 25 1 2
25 57 1 2
57 7 1 2
7 0 1 0
2 9
0 91 2 2
91 62 2 1
62 60 2 2
60 97 2 1
97 11 2 1
11 53 2 2
53 99 2 2
99 30 2 2
30 0 2 0
3 8
0 95 3 2
95 70 3 2
70 5 3 2
5 22 3 2
22 87 3 2
87 67 3 2
67 89 3 2
89 0 3 0
4 2
0 40 4 2
40 0 4 0
5 3
0 13 5 1
13 58 5 1
58 0 5 0
6 3
0 88 6 2
88 21 6 2
21 0 6 0
7 11
0 86 7 4
86 49 7 4
49 6 7 4
6 94 7 4
94 79 7 4
79 16 7 4
16 39 7 3
39 97 7 4
97 71 7 4
71 69 7 5
69 0 7 0
8 8
0 10 8 4
10 78 8 5
78 2 8 4
2 90 8 4
90 93 8 5
93 96 8 4
96 28 8 5
28 0 8 0
9 11
0 83 9 4
83 98 9 4
98 84 9 4
84 85 9 4
85 26 9 5
26 73 9 5
73 74 9 5
74 32 9 4
32 75 9 5
75 51 9 4
51 0 9 0
10 6
0 78 10 3
78 68 10 4
68 88 10 3
88 34 10 4
34 44 10 3
44 0 10 0
11 12
0 83 11 5
83 52 11 3
52 84 11 5
84 85 11 3
85 82 11 3
82 35 11 5
35 4 11 3
4 73 11 3
73 74 11 3
74 89 11 4
89 75 11 3
75 0 11 0
12 11
0 81 12 3
81 91 12 3
91 37 12 3
37 20 12 5
20 100 12 3
100 77 12 5
77 76 12 3
76 1 12 3
1 80 12 3
80 72 12 5
72 0 12 0
13 12
0 81 13 4
81 14 13 3
14 27 13 4
27 65 13 4
65 63 13 4
63 23 13 4
23 77 13 4
77 76 13 4
76 64 13 3
64 80 13 4
80 72 13 3
72 0 13 0
14 10
0 50 14 5
50 45 14 3
45 24 14 5
24 54 14 3
54 79 14 3
79 71 14 3
71 36 14 3
36 99 14 5
99 29 14 3
29 0 14 0
15 3
0 9 15 4
9 87 15 5
87 0 15 0
16 1
0 0 16 0
17 1
0 0 17 0
18 5
0 8 18 4
8 95 18 4
95 82 18 4
82 92 18 4
92 0 18 0
19 1
0 0 19 0
