# Solution for ../instances-HHCRSP/InstanzCPLEX_HCSRP_50_3.txt
# Cost = 553.467 Dist = 1646.89 Tard = 8.90698 TMax = 4.60233
# <vehicle> <route length>
# <origin node> <dest node> <vehicle> <service type>
0 11
0 23 0 1
23 50 0 0
50 49 0 2
49 10 0 1
10 1 0 2
1 2 0 2
2 34 0 0
34 29 0 2
29 46 0 0
46 48 0 2
48 0 0 0
1 12
0 33 1 0
33 22 1 0
22 35 1 2
35 6 1 0
6 45 1 2
45 47 1 0
47 43 1 0
43 17 1 0
17 5 1 0
5 31 1 2
31 3 1 0
3 0 1 0
2 7
0 20 2 1
20 9 2 1
9 44 2 1
44 26 2 1
26 4 2 1
4 21 2 1
21 0 2 0
3 11
0 15 3 3
15 40 3 3
40 44 3 4
44 7 3 3
7 45 3 4
45 8 3 4
8 13 3 5
13 18 3 3
18 19 3 4
19 14 3 4
14 0 3 0
4 5
0 42 4 3
42 27 4 5
27 36 4 5
36 41 4 3
41 0 4 0
5 4
0 50 5 4
50 46 5 4
46 38 5 4
38 0 5 0
6 7
0 40 6 4
40 32 6 5
32 12 6 4
12 47 6 5
47 43 6 5
43 11 6 3
11 0 6 0
7 8
0 42 7 4
42 49 7 4
49 24 7 5
24 25 7 4
25 30 7 5
30 39 7 5
39 37 7 4
37 0 7 0
8 6
0 28 8 5
28 38 8 5
38 48 8 5
48 39 8 3
39 37 8 5
37 0 8 0
9 4
0 36 9 4
36 41 9 4
41 16 9 4
16 0 9 0
