# Solution for ../instances-HHCRSP/InstanzCPLEX_HCSRP_75_8.txt
# Cost = 686.36 Dist = 2059.08 Tard = 0 TMax = 0
# <vehicle> <route length>
# <origin node> <dest node> <vehicle> <service type>
0 10
0 45 0 2
45 65 0 0
65 40 0 0
40 70 0 2
70 64 0 0
64 13 0 2
13 51 0 0
51 73 0 2
73 16 0 0
16 0 0 0
1 12
0 68 1 1
68 36 1 1
36 74 1 1
74 66 1 0
66 4 1 1
4 32 1 1
32 67 1 1
67 5 1 0
5 71 1 0
71 27 1 1
27 18 1 1
18 0 1 0
2 6
0 42 2 0
42 10 2 0
10 17 2 0
17 21 2 0
21 11 2 0
11 0 2 0
3 9
0 33 3 1
33 22 3 1
22 75 3 2
75 44 3 1
44 48 3 1
48 72 3 1
72 46 3 2
46 69 3 2
69 0 3 0
4 4
0 23 4 2
23 6 4 2
6 12 4 2
12 0 4 0
5 12
0 57 5 3
57 59 5 3
59 68 5 3
68 50 5 4
50 63 5 3
63 26 5 3
26 20 5 3
20 19 5 3
19 2 5 4
2 56 5 4
56 52 5 4
52 0 5 0
6 7
0 57 6 5
57 59 6 5
59 63 6 5
63 14 6 5
14 74 6 5
74 29 6 3
29 0 6 0
7 10
0 49 7 5
49 8 7 5
8 65 7 4
65 1 7 4
1 25 7 5
25 34 7 5
34 62 7 3
62 3 7 4
3 73 7 3
73 0 7 0
8 11
0 61 8 3
61 7 8 3
7 55 8 3
55 70 8 3
70 64 8 4
64 47 8 4
47 53 8 3
53 39 8 4
39 72 8 3
72 69 8 4
69 0 8 0
9 8
0 60 9 3
60 54 9 5
54 58 9 3
58 56 9 3
56 67 9 5
67 30 9 5
30 9 9 5
9 0 9 0
10 1
0 0 10 0
11 7
0 61 11 4
61 55 11 5
55 75 11 5
75 53 11 5
53 24 11 4
24 35 11 4
35 0 11 0
12 9
0 60 12 4
60 43 12 4
43 54 12 4
54 58 12 4
58 38 12 4
38 37 12 5
37 62 12 5
62 71 12 5
71 0 12 0
13 5
0 66 13 4
66 28 13 3
28 41 13 5
41 31 13 5
31 0 13 0
14 2
0 15 14 4
15 0 14 0
