# Solution for ../instances-HHCRSP/InstanzVNS_HCSRP_300_5.txt
# Cost = 1784.24 Dist = 5332.44 Tard = 12.1281 TMax = 8.16808
# <vehicle> <route length>
# <origin node> <dest node> <vehicle> <service type>
0 16
0 261 0 0
261 77 0 1
77 14 0 0
14 118 0 1
118 164 0 0
164 91 0 1
91 17 0 0
17 31 0 1
31 119 0 1
119 87 0 0
87 300 0 0
300 251 0 0
251 275 0 1
275 106 0 1
106 33 0 1
33 0 0 0
1 12
0 260 1 1
260 256 1 1
256 186 1 1
186 285 1 1
285 39 1 1
39 283 1 1
283 178 1 1
178 162 1 1
162 97 1 1
97 25 1 1
25 263 1 1
263 0 1 0
2 14
0 272 2 2
272 299 2 2
299 268 2 1
268 9 2 2
9 291 2 2
291 286 2 2
286 144 2 1
144 34 2 1
34 147 2 1
147 18 2 1
18 35 2 1
35 156 2 1
156 82 2 1
82 0 2 0
3 10
0 269 3 0
269 126 3 0
126 274 3 0
274 74 3 0
74 278 3 0
278 56 3 0
56 21 3 0
21 281 3 0
281 137 3 0
137 0 3 0
4 8
0 15 4 2
15 167 4 2
167 181 4 2
181 179 4 2
179 258 4 2
258 108 4 2
108 145 4 2
145 0 4 0
5 5
0 115 5 0
115 41 5 0
41 114 5 0
114 267 5 0
267 0 5 0
6 9
0 154 6 1
154 121 6 1
121 102 6 1
102 170 6 1
170 51 6 1
51 86 6 1
86 197 6 1
197 76 6 1
76 0 6 0
7 19
0 93 7 0
93 131 7 0
131 292 7 0
292 23 7 0
23 117 7 2
117 188 7 0
188 192 7 2
192 180 7 0
180 257 7 2
257 85 7 0
85 104 7 0
104 254 7 2
254 69 7 2
69 294 7 0
294 27 7 2
27 146 7 0
146 158 7 2
158 4 7 2
4 0 7 0
8 14
0 276 8 2
276 182 8 2
182 288 8 2
288 293 8 2
293 253 8 2
253 3 8 2
3 36 8 2
36 265 8 2
265 64 8 2
64 277 8 2
277 289 8 2
289 140 8 2
140 171 8 2
171 0 8 0
9 3
0 252 9 2
252 193 9 2
193 0 9 0
10 16
0 262 10 0
262 255 10 0
255 165 10 0
165 46 10 2
46 99 10 0
99 296 10 0
296 183 10 2
183 284 10 2
284 5 10 0
5 280 10 0
280 88 10 0
88 116 10 0
116 271 10 0
271 24 10 2
24 270 10 0
270 0 10 0
11 10
0 297 11 1
297 70 11 0
70 295 11 2
295 100 11 2
100 124 11 2
124 287 11 1
287 30 11 2
30 298 11 0
298 282 11 0
282 0 11 0
12 6
0 71 12 1
71 174 12 1
174 279 12 1
279 161 12 1
161 273 12 1
273 0 12 0
13 4
0 266 13 1
266 81 13 1
81 90 13 1
90 0 13 0
14 7
0 259 14 0
259 84 14 1
84 96 14 1
96 75 14 1
75 264 14 0
264 40 14 1
40 0 14 0
15 5
0 195 15 0
195 135 15 2
135 32 15 2
32 43 15 0
43 0 15 0
16 2
0 290 16 2
290 0 16 0
17 4
0 169 17 1
169 175 17 1
175 13 17 1
13 0 17 0
18 4
0 58 18 4
58 266 18 4
266 202 18 4
202 0 18 0
19 16
0 219 19 4
219 245 19 4
245 272 19 4
272 216 19 5
216 11 19 5
11 142 19 5
142 177 19 5
177 53 19 4
53 48 19 4
48 223 19 4
223 284 19 4
284 150 19 5
150 224 19 4
224 26 19 4
26 159 19 4
159 0 19 0
20 21
0 261 20 3
261 219 20 3
219 245 20 5
245 153 20 4
153 255 20 5
255 216 20 3
216 296 20 4
296 200 20 4
200 185 20 3
185 72 20 4
72 127 20 5
127 67 20 3
67 226 20 3
226 68 20 5
68 223 20 5
223 83 20 4
83 220 20 4
220 280 20 4
280 271 20 5
271 270 20 4
270 0 20 0
21 18
0 98 21 3
98 209 21 4
209 229 21 3
229 198 21 5
198 217 21 3
217 212 21 4
212 63 21 3
63 286 21 5
286 149 21 4
149 283 21 3
283 157 21 5
157 125 21 4
125 113 21 3
113 254 21 3
254 7 21 4
7 242 21 3
242 221 21 3
221 0 21 0
22 14
0 196 22 3
196 209 22 5
209 229 22 5
229 54 22 5
54 222 22 3
222 257 22 4
257 105 22 4
105 208 22 3
208 234 22 3
234 173 22 3
173 232 22 3
232 148 22 4
148 176 22 5
176 0 22 0
23 14
0 269 23 4
269 218 23 3
218 28 23 3
28 60 23 5
60 12 23 3
12 166 23 3
166 279 23 5
279 222 23 5
222 1 23 5
1 207 23 5
207 101 23 5
101 231 23 3
231 258 23 4
258 0 23 0
24 15
0 218 24 5
218 293 24 5
293 94 24 3
94 253 24 3
253 29 24 3
29 204 24 3
204 151 24 3
151 225 24 3
225 230 24 3
230 249 24 3
249 214 24 3
214 61 24 5
61 213 24 4
213 107 24 5
107 0 24 0
25 16
0 260 25 4
260 78 25 4
78 299 25 5
299 172 25 3
172 233 25 4
233 130 25 4
130 22 25 5
22 237 25 4
237 240 25 4
240 204 25 5
204 225 25 4
225 208 25 4
208 234 25 5
234 264 25 5
264 136 25 5
136 0 25 0
26 18
0 45 26 3
45 262 26 3
262 256 26 5
256 163 26 3
163 2 26 4
2 10 26 3
10 66 26 3
66 291 26 4
291 155 26 3
155 285 26 3
285 300 26 3
300 92 26 3
92 251 26 5
251 123 26 4
123 275 26 4
275 242 26 5
242 221 26 4
221 0 26 0
27 19
0 235 27 3
235 210 27 3
210 297 27 3
297 50 27 3
50 55 27 5
55 120 27 4
120 19 27 5
19 295 27 4
295 109 27 4
109 228 27 4
228 65 27 4
65 132 27 4
132 238 27 4
238 211 27 3
211 203 27 3
203 287 27 5
287 44 27 3
44 73 27 4
73 0 27 0
28 18
0 239 28 3
239 6 28 5
6 133 28 3
133 52 28 5
52 292 28 3
292 250 28 3
250 237 28 5
237 240 28 5
240 206 28 3
206 227 28 5
227 220 28 5
220 134 28 3
134 213 28 5
213 189 28 5
189 205 28 3
205 263 28 5
263 243 28 3
243 0 28 0
29 10
0 235 29 4
235 210 29 5
210 236 29 3
236 244 29 3
244 215 29 3
215 252 29 4
252 128 29 3
128 267 29 3
267 57 29 5
57 0 29 0
30 6
0 8 30 5
8 247 30 5
247 79 30 3
79 201 30 3
201 281 30 3
281 0 30 0
31 16
0 239 31 4
239 38 31 3
38 160 31 5
160 49 31 5
49 139 31 3
139 194 31 4
194 199 31 4
199 250 31 5
250 62 31 3
62 206 31 4
206 227 31 4
227 277 31 3
277 37 31 4
37 289 31 4
289 232 31 4
232 0 31 0
32 9
0 248 32 5
248 138 32 5
138 236 32 5
236 244 32 4
244 215 32 4
215 110 32 5
110 141 32 4
141 290 32 5
290 0 32 0
33 14
0 248 33 3
248 288 33 3
288 111 33 4
111 152 33 5
152 191 33 3
191 228 33 5
228 265 33 4
265 129 33 3
129 238 33 5
238 211 33 5
211 203 33 5
203 298 33 3
298 282 33 5
282 0 33 0
34 3
0 259 34 5
259 231 34 4
231 0 34 0
35 13
0 276 35 4
276 122 35 4
122 184 35 3
184 233 35 5
233 268 35 3
268 80 35 5
80 241 35 3
241 168 35 3
168 226 35 5
226 47 35 4
47 294 35 5
294 224 35 3
224 0 35 0
36 4
0 143 36 3
143 202 36 3
202 207 36 3
207 0 36 0
37 15
0 16 37 4
16 42 37 5
42 59 37 3
59 217 37 5
217 212 37 5
212 241 37 5
241 103 37 4
103 112 37 5
112 230 37 4
230 249 37 5
249 214 37 4
214 89 37 3
89 205 37 4
205 243 37 4
243 0 37 0
38 10
0 246 38 4
246 190 38 4
190 247 38 4
247 274 38 5
274 278 38 5
278 273 38 5
273 187 38 3
187 201 38 5
201 95 38 4
95 0 38 0
39 3
0 246 39 5
246 20 39 3
20 0 39 0
