# Solution for ../instances-HHCRSP/InstanzVNS_HCSRP_100_2.txt
# Cost = 881.976 Dist = 2645.93 Tard = 0 TMax = 0
# <vehicle> <route length>
# <origin node> <dest node> <vehicle> <service type>
0 4
0 7 0 0
7 57 0 0
57 32 0 0
32 0 0 0
1 13
0 39 1 1
39 93 1 2
93 36 1 2
36 40 1 2
40 98 1 1
98 99 1 1
99 95 1 1
95 56 1 1
56 4 1 1
4 33 1 1
33 97 1 2
97 42 1 1
42 0 1 0
2 16
0 96 2 1
96 14 2 0
14 54 2 1
54 61 2 2
61 91 2 0
91 94 2 2
94 88 2 2
88 2 2 0
2 66 2 2
66 31 2 1
31 34 2 2
34 10 2 0
10 65 2 2
65 15 2 2
15 21 2 0
21 0 2 0
3 4
0 89 3 1
89 92 3 1
92 100 3 1
100 0 3 0
4 5
0 59 4 2
59 43 4 2
43 3 4 2
3 16 4 2
16 0 4 0
5 8
0 11 5 2
11 26 5 0
26 45 5 0
45 41 5 2
41 19 5 2
19 12 5 2
12 6 5 0
6 0 5 0
6 10
0 46 6 0
46 9 6 1
9 17 6 1
17 67 6 0
67 44 6 1
44 38 6 1
38 90 6 1
90 86 6 0
86 87 6 1
87 0 6 0
7 15
0 53 7 4
53 1 7 4
1 28 7 5
28 81 7 3
81 73 7 3
73 94 7 3
94 84 7 4
84 27 7 4
27 5 7 3
5 78 7 3
78 68 7 4
68 18 7 3
18 35 7 4
35 74 7 3
74 0 7 0
8 10
0 81 8 5
81 73 8 5
73 49 8 4
49 48 8 3
48 29 8 3
29 25 8 4
25 79 8 3
79 55 8 5
55 74 8 4
74 0 8 0
9 14
0 96 9 5
96 71 9 4
71 77 9 4
77 8 9 3
8 13 9 4
13 75 9 4
75 80 9 4
80 84 9 5
84 78 9 4
78 88 9 5
88 58 9 4
58 37 9 3
37 82 9 3
82 0 9 0
10 9
0 62 10 4
62 93 10 4
93 52 10 4
52 63 10 4
63 64 10 3
64 90 10 3
90 86 10 3
86 87 10 4
87 0 10 0
11 10
0 71 11 5
71 77 11 3
77 91 11 3
91 75 11 3
75 80 11 3
80 72 11 3
72 98 11 3
98 85 11 3
85 76 11 3
76 0 11 0
12 9
0 83 12 4
83 51 12 5
51 23 12 5
23 99 12 4
99 85 12 5
85 76 12 4
76 24 12 4
24 95 12 4
95 0 12 0
13 3
0 83 13 5
83 70 13 5
70 0 13 0
14 6
0 50 14 5
50 89 14 5
89 30 14 4
30 92 14 4
92 20 14 5
20 0 14 0
15 4
0 60 15 5
60 100 15 4
100 69 15 4
69 0 15 0
16 7
0 22 16 3
22 72 16 4
72 79 16 4
79 97 16 4
97 47 16 4
47 82 16 4
82 0 16 0
17 1
0 0 17 0
18 1
0 0 18 0
19 1
0 0 19 0
