# Solution for ../instances-HHCRSP/InstanzVNS_HCSRP_200_3.txt
# Cost = 1285.99 Dist = 3850.32 Tard = 5.15314 TMax = 2.50107
# <vehicle> <route length>
# <origin node> <dest node> <vehicle> <service type>
0 11
0 181 0 1
181 107 0 1
107 10 0 1
10 91 0 0
91 172 0 0
172 196 0 1
196 41 0 1
41 34 0 0
34 189 0 0
189 21 0 1
21 0 0 0
1 9
0 35 1 2
35 33 1 0
33 174 1 2
174 122 1 0
122 45 1 2
45 31 1 2
31 139 1 0
139 76 1 2
76 0 1 0
2 17
0 198 2 1
198 40 2 1
40 176 2 1
176 182 2 2
182 108 2 1
108 192 2 2
192 62 2 1
62 4 2 1
4 64 2 2
64 118 2 2
118 29 2 2
29 180 2 1
180 69 2 2
69 185 2 1
185 193 2 2
193 199 2 2
199 0 2 0
3 10
0 2 3 2
2 124 3 2
124 89 3 2
89 184 3 2
184 186 3 0
186 135 3 0
135 38 3 0
38 140 3 2
140 138 3 2
138 0 3 0
4 7
0 61 4 2
61 88 4 2
88 1 4 2
1 79 4 2
79 187 4 2
187 136 4 2
136 0 4 0
5 11
0 114 5 0
114 117 5 0
117 22 5 0
22 59 5 0
59 171 5 0
171 6 5 0
6 17 5 0
17 60 5 0
60 5 5 0
5 126 5 0
126 0 5 0
6 19
0 20 6 1
20 26 6 1
26 111 6 1
111 80 6 1
80 90 6 1
90 197 6 1
197 177 6 0
177 194 6 1
194 190 6 1
190 173 6 1
173 178 6 1
178 191 6 2
191 121 6 0
121 128 6 0
128 67 6 1
67 137 6 0
137 87 6 2
87 54 6 1
54 0 6 0
7 3
0 68 7 0
68 3 7 0
3 0 7 0
8 15
0 195 8 1
195 9 8 1
9 50 8 2
50 125 8 1
125 175 8 2
175 47 8 2
47 43 8 2
43 183 8 2
183 123 8 1
123 130 8 2
130 112 8 2
112 86 8 2
86 72 8 2
72 103 8 2
103 0 8 0
9 9
0 179 9 1
179 23 9 1
23 63 9 1
63 188 9 1
188 65 9 1
65 200 9 1
200 133 9 1
133 97 9 0
97 0 9 0
10 7
0 181 10 4
181 162 10 4
162 142 10 4
142 169 10 4
169 189 10 4
189 150 10 4
150 0 10 0
11 14
0 156 11 3
156 147 11 3
147 70 11 5
70 127 11 4
127 129 11 5
129 115 11 3
115 100 11 4
100 169 11 3
169 185 11 3
185 30 11 5
30 193 11 4
193 199 11 5
199 150 11 3
150 0 11 0
12 11
0 156 12 5
156 147 12 4
147 42 12 5
42 16 12 4
16 92 12 4
92 162 12 3
162 142 12 5
142 184 12 3
184 46 12 4
46 48 12 5
48 0 12 0
13 9
0 24 13 5
24 163 13 5
163 154 13 5
154 186 13 5
186 148 13 5
148 187 13 5
187 81 13 5
81 77 13 5
77 0 13 0
14 11
0 152 14 4
152 161 14 5
161 198 14 5
198 168 14 4
168 160 14 4
160 192 14 4
192 164 14 4
164 85 14 4
85 157 14 5
157 159 14 4
159 0 14 0
15 17
0 152 15 3
152 161 15 3
161 168 15 3
168 74 15 3
74 109 15 3
109 151 15 4
151 8 15 4
8 75 15 4
75 149 15 3
149 131 15 4
131 191 15 4
191 51 15 3
51 155 15 4
155 134 15 4
134 170 15 3
170 167 15 3
167 0 15 0
16 6
0 163 16 3
163 154 16 3
154 148 16 3
148 105 16 5
105 39 16 3
39 0 16 0
17 13
0 110 17 5
110 7 17 3
7 143 17 3
143 176 17 5
176 182 17 4
182 102 17 4
102 160 17 3
160 171 17 5
171 12 17 4
12 11 17 3
11 141 17 4
141 104 17 5
104 0 17 0
18 13
0 113 18 4
113 143 18 4
143 55 18 3
55 197 18 5
197 151 18 5
151 177 18 5
177 194 18 3
194 190 18 4
190 18 18 3
18 32 18 5
32 94 18 4
94 167 18 5
167 0 18 0
19 12
0 27 19 5
27 165 19 4
165 172 19 3
172 196 19 4
196 58 19 4
58 13 19 5
13 19 19 4
19 120 19 5
120 14 19 4
14 25 19 4
25 159 19 5
159 0 19 0
20 15
0 195 20 5
195 98 20 5
98 71 20 5
71 146 20 3
146 145 20 3
145 174 20 3
174 149 20 5
149 173 20 5
173 119 20 3
119 178 20 5
178 52 20 3
52 155 20 3
155 170 20 5
170 78 20 5
78 0 20 0
21 3
0 166 21 3
166 56 21 4
56 0 21 0
22 3
0 166 22 5
166 144 22 4
144 0 22 0
23 4
0 165 23 5
165 83 23 4
83 180 23 3
180 0 23 0
24 9
0 36 24 3
36 158 24 5
158 153 24 3
153 93 24 5
93 188 24 3
188 106 24 5
106 144 24 5
144 37 24 3
37 0 24 0
25 12
0 132 25 4
132 44 25 4
44 146 25 5
146 145 25 5
145 84 25 3
84 175 25 5
175 183 25 3
183 57 25 3
57 66 25 3
66 82 25 5
82 141 25 5
141 0 25 0
26 2
0 15 26 3
15 0 26 0
27 9
0 49 27 4
49 179 27 3
179 28 27 5
28 116 27 3
116 53 27 3
53 200 27 4
200 95 27 5
95 73 27 4
73 0 27 0
28 8
0 96 28 5
96 158 28 4
158 153 28 4
153 164 28 3
164 157 28 3
157 99 28 3
99 101 28 5
101 0 28 0
29 1
0 0 29 0
