# Solution for ../instances-HHCRSP/InstanzVNS_HCSRP_300_2.txt
# Cost = 1824.74 Dist = 5440.88 Tard = 23.7874 TMax = 9.56217
# <vehicle> <route length>
# <origin node> <dest node> <vehicle> <service type>
0 17
0 299 0 1
299 293 0 0
293 71 0 1
71 14 0 0
14 91 0 0
91 269 0 0
269 289 0 0
289 145 0 1
145 45 0 0
45 129 0 1
129 138 0 1
138 282 0 1
282 160 0 1
160 21 0 0
21 253 0 0
253 42 0 1
42 0 0 0
1 7
0 120 1 1
120 39 1 1
39 298 1 1
298 100 1 2
100 90 1 2
90 166 1 1
166 0 1 0
2 12
0 272 2 0
272 26 2 0
26 283 2 0
283 261 2 0
261 2 2 0
2 114 2 0
114 262 2 0
262 10 2 0
10 105 2 0
105 106 2 0
106 179 2 0
179 0 2 0
3 12
0 251 3 2
251 276 3 2
276 61 3 2
61 173 3 2
173 168 3 2
168 266 3 2
266 274 3 2
274 159 3 2
159 19 3 2
19 281 3 2
281 280 3 2
280 0 3 0
4 16
0 297 4 1
297 263 4 2
263 132 4 1
132 172 4 2
172 257 4 1
257 136 4 2
136 66 4 2
66 196 4 1
196 34 4 2
34 31 4 1
31 286 4 2
286 270 4 1
270 149 4 1
149 65 4 2
65 15 4 2
15 0 4 0
5 9
0 287 5 1
287 146 5 1
146 108 5 1
108 252 5 0
252 80 5 1
80 140 5 1
140 158 5 1
158 285 5 1
285 0 5 0
6 21
0 96 6 1
96 290 6 0
290 46 6 0
46 177 6 1
177 275 6 2
275 83 6 0
83 189 6 2
189 199 6 0
199 59 6 2
59 3 6 2
3 123 6 1
123 38 6 1
38 92 6 1
92 43 6 2
43 260 6 2
260 116 6 0
116 300 6 2
300 273 6 1
273 264 6 2
264 185 6 0
185 0 6 0
7 2
0 121 7 2
121 0 7 0
8 2
0 175 8 0
175 0 8 0
9 2
0 115 9 0
115 0 9 0
10 1
0 0 10 0
11 15
0 258 11 1
258 182 11 1
182 255 11 1
255 11 11 2
11 259 11 2
259 147 11 1
147 41 11 2
41 133 11 1
133 292 11 1
292 167 11 2
167 165 11 1
165 12 11 2
12 268 11 2
268 4 11 1
4 0 11 0
12 2
0 157 12 2
157 0 12 0
13 10
0 193 13 1
193 284 13 0
284 54 13 1
54 103 13 2
103 113 13 1
113 72 13 2
72 265 13 0
265 277 13 1
277 82 13 1
82 0 13 0
14 3
0 278 14 1
278 128 14 1
128 0 14 0
15 18
0 154 15 2
154 9 15 1
9 161 15 0
161 198 15 2
198 294 15 2
294 267 15 1
267 180 15 0
180 56 15 1
56 197 15 2
197 33 15 1
33 57 15 0
57 7 15 0
7 279 15 1
279 6 15 0
6 32 15 0
32 291 15 1
291 97 15 2
97 0 15 0
16 16
0 254 16 2
254 67 16 0
67 131 16 1
131 162 16 2
162 40 16 2
40 17 16 1
17 271 16 0
271 295 16 1
295 117 16 1
117 36 16 2
36 44 16 1
44 191 16 1
191 296 16 2
296 288 16 0
288 256 16 1
256 0 16 0
17 2
0 16 17 2
16 0 17 0
18 18
0 299 18 4
299 293 18 4
293 62 18 4
62 228 18 3
228 211 18 4
211 186 18 4
186 236 18 3
236 107 18 4
107 37 18 3
37 195 18 3
195 277 18 5
277 23 18 5
23 224 18 3
224 201 18 3
201 288 18 5
288 256 18 5
256 245 18 3
245 0 18 0
19 17
0 77 19 4
77 297 19 4
297 263 19 5
263 174 19 3
174 218 19 3
218 48 19 3
48 269 19 4
269 125 19 4
125 267 19 5
267 265 19 4
265 184 19 5
184 226 19 4
226 148 19 3
148 237 19 4
237 235 19 4
235 79 19 3
79 0 19 0
20 20
0 251 20 5
251 225 20 3
225 287 20 5
287 200 20 5
200 28 20 5
28 221 20 4
221 13 20 4
13 218 20 5
218 289 20 4
289 216 20 4
216 29 20 3
29 292 20 4
292 109 20 5
109 209 20 3
209 205 20 3
205 78 20 3
78 213 20 3
213 202 20 4
202 74 20 4
74 0 20 0
21 15
0 225 21 5
225 1 21 4
1 276 21 5
276 221 21 5
221 122 21 3
122 266 21 4
266 274 21 3
274 252 21 5
252 25 21 4
25 232 21 3
232 76 21 3
76 24 21 4
24 178 21 5
178 223 21 3
223 0 21 0
22 2
0 215 22 3
215 0 22 0
23 2
0 215 23 5
215 0 23 0
24 18
0 231 24 3
231 214 24 3
214 272 24 5
272 212 24 4
212 243 24 3
243 151 24 3
151 144 24 5
144 156 24 5
156 257 24 3
257 261 24 5
261 250 24 3
250 286 24 3
286 176 24 4
176 285 24 5
285 281 24 5
281 280 24 4
280 155 24 4
155 0 24 0
25 16
0 231 25 4
231 214 25 5
214 212 25 5
212 243 25 4
243 244 25 3
244 229 25 3
229 204 25 3
204 88 25 3
88 111 25 4
111 150 25 4
150 55 25 5
55 232 25 5
232 139 25 3
139 47 25 4
47 291 25 3
291 0 25 0
26 19
0 290 26 3
290 137 26 3
137 275 26 4
275 110 26 5
110 127 26 5
127 141 26 4
141 190 26 4
190 163 26 5
163 119 26 5
119 98 26 4
98 95 26 3
95 194 26 5
194 233 26 3
233 219 26 4
219 87 26 4
87 300 26 5
300 142 26 4
142 20 26 5
20 0 26 0
27 14
0 210 27 4
210 241 27 4
241 50 27 5
50 220 27 4
220 248 27 4
248 30 27 4
30 112 27 5
112 260 27 4
260 169 27 5
169 233 27 4
233 219 27 5
219 273 27 4
273 264 27 5
264 0 27 0
28 17
0 104 28 3
104 258 28 3
258 255 28 4
255 259 28 3
259 94 28 5
94 171 28 4
171 222 28 3
222 234 28 3
234 75 28 5
75 216 28 5
216 58 28 4
58 226 28 5
226 237 28 5
237 235 28 5
235 268 28 3
268 217 28 5
217 0 28 0
29 12
0 210 29 5
210 60 29 5
60 298 29 4
298 102 29 3
102 69 29 4
69 86 29 3
86 249 29 3
249 63 29 4
63 143 29 4
143 192 29 4
192 64 29 3
64 0 29 0
30 17
0 8 30 3
8 181 30 5
181 227 30 3
227 240 30 3
240 135 30 5
135 118 30 4
118 294 30 5
294 22 30 3
22 271 30 4
271 85 30 4
85 99 30 4
99 101 30 3
101 238 30 4
238 296 30 3
296 224 30 5
224 201 30 4
201 0 30 0
31 20
0 254 31 5
254 227 31 4
227 240 31 5
240 284 31 4
284 183 31 3
183 81 31 3
81 222 31 4
222 234 31 5
234 246 31 3
246 68 31 4
68 239 31 3
239 187 31 5
187 188 31 3
188 134 31 4
134 250 31 4
250 18 31 3
18 153 31 3
153 270 31 3
270 35 31 4
35 0 31 0
32 9
0 230 32 3
230 228 32 4
228 211 32 5
211 236 32 4
236 238 32 5
238 70 32 5
70 279 32 5
279 223 32 5
223 0 32 0
33 20
0 207 33 4
207 203 33 3
203 206 33 4
206 283 33 3
283 242 33 3
242 208 33 3
208 49 33 4
49 27 33 4
27 124 33 4
124 170 33 3
170 246 33 4
246 5 33 3
5 84 33 4
84 282 33 3
282 209 33 4
209 205 33 4
205 130 33 3
130 253 33 3
253 217 33 4
217 0 33 0
34 3
0 53 34 4
53 247 34 3
247 0 34 0
35 14
0 230 35 5
230 241 35 5
241 93 35 3
93 126 35 5
126 220 35 5
220 248 35 3
248 152 35 3
152 295 35 4
295 51 35 5
51 52 35 4
52 249 35 4
249 164 35 5
164 245 35 4
245 0 35 0
36 14
0 207 36 5
207 203 36 4
203 206 36 5
206 242 36 4
242 208 36 4
208 73 36 3
73 244 36 5
244 229 36 4
229 204 36 5
204 239 36 4
239 262 36 5
262 213 36 4
213 202 36 5
202 0 36 0
37 4
0 89 37 5
89 278 37 3
278 247 37 5
247 0 37 0
38 1
0 0 38 0
39 1
0 0 39 0
