# Solution for ../instances-HHCRSP/InstanzVNS_HCSRP_200_5.txt
# Cost = 1342.01 Dist = 4008.04 Tard = 13.6964 TMax = 4.28539
# <vehicle> <route length>
# <origin node> <dest node> <vehicle> <service type>
0 18
0 172 0 1
172 14 0 0
14 99 0 0
99 46 0 2
46 184 0 1
184 9 0 2
9 17 0 0
17 186 0 2
186 200 0 2
200 69 0 2
69 39 0 1
39 27 0 2
27 97 0 1
97 4 0 2
4 5 0 0
5 33 0 1
33 189 0 2
189 0 0 0
1 12
0 71 1 1
71 174 1 1
174 192 1 1
192 194 1 1
194 34 1 1
34 51 1 1
51 86 1 1
86 197 1 1
197 102 1 1
102 176 1 1
176 75 1 1
75 0 1 0
2 7
0 15 2 2
15 195 2 2
195 124 2 2
124 117 2 2
117 173 2 2
173 140 2 2
140 0 2 0
3 12
0 115 3 0
115 182 3 0
182 70 3 0
70 126 3 0
126 23 3 0
23 85 3 0
85 74 3 0
74 41 3 0
41 114 3 0
114 193 3 0
193 137 3 0
137 0 3 0
4 16
0 188 4 2
188 198 4 2
198 121 4 1
121 180 4 2
180 64 4 2
64 18 4 1
18 3 4 2
3 36 4 2
36 76 4 1
76 171 4 2
171 40 4 1
40 187 4 2
187 82 4 1
82 24 4 2
24 35 4 1
35 0 4 0
5 18
0 199 5 0
199 93 5 0
93 77 5 1
77 131 5 0
131 118 5 1
118 183 5 1
183 91 5 1
91 185 5 1
185 31 5 1
31 87 5 0
87 119 5 1
119 177 5 0
177 178 5 0
178 25 5 1
25 106 5 1
106 88 5 0
88 116 5 0
116 0 5 0
6 4
0 196 6 2
196 100 6 2
100 32 6 2
32 0 6 0
7 9
0 179 7 0
179 181 7 0
181 43 7 0
43 191 7 0
191 190 7 0
190 21 7 0
21 56 7 0
56 104 7 0
104 0 7 0
8 5
0 175 8 1
175 84 8 1
84 13 8 1
13 96 8 1
96 0 8 0
9 6
0 81 9 1
81 135 9 2
135 30 9 2
30 90 9 1
90 108 9 2
108 0 9 0
10 15
0 172 10 5
172 165 10 3
165 164 10 3
164 11 10 5
11 10 10 3
10 183 10 5
183 142 10 3
142 186 10 5
186 200 10 3
200 67 10 3
67 168 10 5
168 159 10 5
159 89 10 3
89 61 10 5
61 0 10 0
11 19
0 78 11 4
78 165 11 4
165 164 11 4
164 2 11 4
2 66 11 3
66 184 11 4
184 142 11 4
142 53 11 4
53 125 11 4
125 149 11 3
149 157 11 3
157 103 11 4
103 112 11 5
112 62 11 3
62 151 11 4
151 170 11 3
170 156 11 4
156 148 11 3
148 0 11 0
12 10
0 167 12 3
167 143 12 3
143 195 12 3
195 20 12 3
20 58 12 4
58 128 12 3
128 141 12 4
141 193 12 4
193 57 12 5
57 0 12 0
13 15
0 167 13 4
167 143 13 5
143 50 13 3
50 8 13 5
8 182 13 4
182 79 13 3
79 132 13 4
132 65 13 4
65 19 13 5
19 95 13 4
95 171 13 5
171 187 13 3
187 136 13 5
136 145 13 3
145 0 13 0
14 16
0 166 14 5
166 160 14 5
160 188 14 5
188 198 14 4
198 52 14 5
52 147 14 4
147 144 14 4
144 130 14 4
130 149 14 5
149 157 14 5
157 158 14 4
158 162 14 5
162 146 14 4
146 150 14 4
150 26 14 4
26 0 14 0
15 13
0 166 15 3
166 45 15 3
45 133 15 3
133 22 15 5
22 29 15 3
29 147 15 5
147 144 15 5
144 134 15 3
134 83 15 4
83 177 15 3
177 178 15 4
178 107 15 5
107 0 15 0
16 3
0 138 16 5
138 179 16 5
179 0 16 0
17 11
0 98 17 3
98 152 17 4
152 199 17 3
199 54 17 5
54 38 17 3
38 55 17 5
55 129 17 3
129 94 17 3
94 109 17 4
109 1 17 5
1 0 17 0
18 14
0 152 18 5
152 111 18 4
111 196 18 4
196 174 18 4
174 192 18 4
192 194 18 3
194 12 18 3
12 120 18 4
120 161 18 3
161 151 18 5
151 170 18 5
170 156 18 5
156 148 18 5
148 0 18 0
19 7
0 160 19 3
160 28 19 3
28 180 19 3
180 105 19 4
105 197 19 4
197 176 19 3
176 0 19 0
20 17
0 154 20 3
154 153 20 3
153 122 20 4
122 163 20 3
163 80 20 5
80 63 20 3
63 155 20 3
155 47 20 4
47 127 20 5
127 68 20 5
68 168 20 4
168 48 20 4
48 113 20 3
113 7 20 4
7 159 20 4
159 189 20 4
189 0 20 0
21 13
0 154 21 5
154 153 21 5
153 163 21 5
163 72 21 4
72 155 21 4
155 185 21 3
185 158 21 5
158 162 21 3
162 146 21 3
146 150 21 3
150 92 21 3
92 123 21 4
123 0 21 0
22 11
0 42 22 5
42 59 22 3
59 6 22 5
6 60 22 5
60 49 22 5
49 16 22 4
16 139 22 3
139 161 22 4
161 173 22 4
173 37 22 4
37 0 22 0
23 2
0 169 23 3
169 0 23 0
24 7
0 175 24 4
175 181 24 5
181 110 24 5
110 141 24 5
141 73 24 4
73 145 24 5
145 0 24 0
25 2
0 169 25 5
169 0 25 0
26 4
0 101 26 5
101 191 26 3
191 190 26 3
190 0 26 0
27 2
0 44 27 3
44 0 27 0
28 1
0 0 28 0
29 1
0 0 29 0
