# Solution for ../instances-HHCRSP/InstanzVNS_HCSRP_300_9.txt
# Cost = 1965.12 Dist = 5867.91 Tard = 23.6279 TMax = 3.81499
# <vehicle> <route length>
# <origin node> <dest node> <vehicle> <service type>
0 12
0 269 0 1
269 275 0 0
275 54 0 1
54 277 0 1
277 33 0 0
33 295 0 0
295 265 0 1
265 184 0 0
184 251 0 0
251 55 0 0
55 293 0 1
293 0 0 0
1 8
0 101 1 1
101 142 1 1
142 97 1 1
97 98 1 1
98 143 1 1
143 180 1 1
180 135 1 1
135 0 1 0
2 7
0 71 2 0
71 298 2 0
298 284 2 0
284 151 2 0
151 53 2 0
53 140 2 0
140 0 2 0
3 13
0 82 3 1
82 274 3 1
274 194 3 0
194 96 3 1
96 90 3 0
90 30 3 1
30 20 3 0
20 254 3 1
254 26 3 0
26 152 3 1
152 292 3 1
292 141 3 0
141 0 3 0
4 3
0 43 4 0
43 273 4 0
273 0 4 0
5 10
0 272 5 2
272 166 5 0
166 95 5 2
95 77 5 2
77 72 5 2
72 8 5 0
8 259 5 2
259 267 5 0
267 111 5 2
111 0 5 0
6 14
0 81 6 0
81 287 6 0
287 147 6 0
147 264 6 0
264 83 6 0
83 286 6 0
286 195 6 0
195 80 6 0
80 123 6 0
123 187 6 0
187 291 6 0
291 258 6 0
258 261 6 0
261 0 6 0
7 13
0 89 7 1
89 177 7 0
177 297 7 0
297 79 7 0
79 27 7 0
27 56 7 0
56 283 7 0
283 257 7 0
257 138 7 1
138 148 7 1
148 74 7 1
74 69 7 0
69 0 7 0
8 3
0 268 8 0
268 31 8 0
31 0 8 0
9 15
0 288 9 2
288 9 9 1
9 47 9 2
47 124 9 2
124 1 9 1
1 58 9 2
58 182 9 2
182 186 9 2
186 125 9 1
125 127 9 2
127 296 9 2
296 285 9 2
285 290 9 2
290 157 9 2
157 0 9 0
10 11
0 280 10 2
280 281 10 1
281 36 10 2
36 4 10 1
4 178 10 2
178 300 10 2
300 137 10 1
137 18 10 2
18 86 10 1
86 193 10 2
193 0 10 0
11 18
0 117 11 1
117 64 11 2
64 50 11 1
50 161 11 1
161 11 11 2
11 255 11 1
255 139 11 2
139 84 11 2
84 134 11 1
134 78 11 1
78 158 11 2
158 21 11 1
21 191 11 2
191 45 11 2
45 112 11 2
112 276 11 2
276 57 11 2
57 0 11 0
12 3
0 73 12 0
73 32 12 0
32 0 12 0
13 11
0 289 13 1
289 294 13 1
294 252 13 1
252 122 13 1
122 105 13 1
105 61 13 0
61 85 13 1
85 278 13 0
278 183 13 0
183 174 13 0
174 0 13 0
14 11
0 116 14 2
116 35 14 2
35 146 14 2
146 262 14 2
262 150 14 2
150 162 14 0
162 299 14 0
299 144 14 0
144 260 14 2
260 176 14 0
176 0 14 0
15 8
0 42 15 2
42 16 15 2
16 87 15 2
87 279 15 2
279 188 15 2
188 28 15 2
28 169 15 2
169 0 15 0
16 11
0 185 16 2
185 59 16 2
59 23 16 2
23 266 16 2
266 271 16 2
271 270 16 2
270 197 16 2
197 253 16 2
253 60 16 2
60 93 16 2
93 0 16 0
17 8
0 282 17 2
282 263 17 1
263 10 17 1
10 126 17 2
126 256 17 2
256 172 17 1
172 44 17 2
44 0 17 0
18 15
0 269 18 3
269 206 18 4
206 34 18 4
34 275 18 3
275 39 18 3
39 277 18 3
277 3 18 4
3 189 18 3
189 215 18 3
215 153 18 5
153 270 18 3
270 253 18 3
253 14 18 4
14 219 18 3
219 0 18 0
19 14
0 206 19 5
206 2 19 4
2 163 19 4
163 211 19 3
211 209 19 3
209 17 19 5
17 236 19 3
236 254 19 3
254 249 19 4
249 278 19 4
278 159 19 5
159 171 19 5
171 65 19 5
65 0 19 0
20 17
0 49 20 5
49 239 20 4
239 272 20 5
272 227 20 4
227 216 20 3
216 226 20 3
226 229 20 3
229 225 20 4
225 173 20 4
173 129 20 5
129 37 20 5
37 236 20 4
236 279 20 4
279 292 20 5
292 102 20 3
102 293 20 5
293 0 20 0
21 12
0 239 21 5
239 227 21 5
227 216 21 5
216 226 21 5
226 229 21 5
229 225 21 3
225 299 21 3
299 208 21 5
208 220 21 5
220 29 21 3
29 249 21 5
249 0 21 0
22 15
0 214 22 5
214 234 22 4
234 99 22 4
99 120 22 4
120 25 22 5
25 224 22 5
224 284 22 5
284 218 22 5
218 198 22 5
198 215 22 5
215 271 22 5
271 244 22 5
244 240 22 4
240 241 22 5
241 0 22 0
23 15
0 214 23 3
214 164 23 4
164 288 23 5
288 113 23 3
113 107 23 5
107 76 23 3
76 48 23 5
48 295 23 3
295 265 23 3
265 13 23 4
13 252 23 5
252 296 23 4
296 251 23 5
251 94 23 4
94 0 23 0
24 12
0 165 24 5
165 234 24 3
234 133 24 3
133 156 24 3
156 154 24 5
154 199 24 3
199 91 24 3
91 266 24 3
266 244 24 3
244 240 24 5
240 241 24 3
241 0 24 0
25 14
0 280 25 4
280 281 25 4
281 242 25 4
242 264 25 4
264 210 25 3
210 119 25 3
119 212 25 4
212 221 25 3
221 160 25 4
160 200 25 3
200 131 25 5
131 213 25 3
213 260 25 4
260 0 25 0
26 15
0 274 26 5
274 228 26 3
228 203 26 3
203 109 26 3
109 211 26 5
211 209 26 4
209 115 26 3
115 232 26 3
232 257 26 3
257 237 26 5
237 190 26 4
190 235 26 3
235 230 26 5
230 51 26 4
51 0 26 0
27 9
0 298 27 5
298 217 27 5
217 224 27 3
224 218 27 3
218 181 27 3
181 46 27 5
46 285 27 3
285 290 27 3
290 0 27 0
28 14
0 179 28 5
179 287 28 5
287 106 28 3
106 242 28 5
242 255 28 5
255 70 28 5
70 201 28 3
201 286 28 5
286 88 28 4
88 208 28 4
208 220 28 4
220 136 28 3
136 213 28 5
213 0 28 0
29 15
0 104 29 4
104 223 29 3
223 63 29 4
63 262 29 5
262 196 29 5
196 68 29 4
68 201 29 4
201 62 29 3
62 19 29 5
19 15 29 5
15 259 29 4
259 233 29 3
233 247 29 3
247 40 29 5
40 0 29 0
30 13
0 145 30 4
145 231 30 3
231 297 30 3
297 168 30 3
168 175 30 3
175 6 30 3
6 248 30 4
248 205 30 3
205 232 30 4
232 237 30 3
237 235 30 4
235 230 30 3
230 0 30 0
31 13
0 223 31 5
223 22 31 4
22 231 31 5
231 75 31 5
75 132 31 3
132 155 31 4
155 300 31 5
300 245 31 3
245 24 31 4
24 92 31 4
92 233 31 4
233 247 31 5
247 0 31 0
32 13
0 170 32 3
170 130 32 4
130 52 32 4
52 192 32 3
192 283 32 4
283 248 32 5
248 205 32 4
205 38 32 3
38 291 32 5
291 258 32 4
258 118 32 3
118 261 32 5
261 0 32 0
33 4
0 289 33 5
289 273 33 3
273 202 33 5
202 0 33 0
34 10
0 268 34 4
268 228 34 5
228 203 34 4
203 294 34 3
294 103 34 5
103 128 34 5
128 121 34 4
121 256 34 3
256 250 34 3
250 0 34 0
35 12
0 243 35 4
243 246 35 4
246 217 35 4
217 7 35 5
7 100 35 5
100 263 35 3
263 222 35 3
222 114 35 4
114 149 35 4
149 207 35 3
207 219 35 5
219 0 35 0
36 6
0 243 36 5
243 246 36 5
246 282 36 4
282 222 36 5
222 207 36 4
207 0 36 0
37 13
0 66 37 3
66 5 37 5
5 110 37 3
110 67 37 5
67 210 37 4
210 12 37 4
12 212 37 5
212 221 37 4
221 245 37 4
245 267 37 5
267 167 37 4
167 276 37 3
276 0 37 0
38 6
0 238 38 4
238 204 38 5
204 41 38 4
41 108 38 5
108 250 38 5
250 0 38 0
39 4
0 238 39 3
238 204 39 3
204 202 39 4
202 0 39 0
