# Solution for ../instances-HHCRSP/InstanzVNS_HCSRP_100_10.txt
# Cost = 836.932 Dist = 2509.19 Tard = 0.80061 TMax = 0.80061
# <vehicle> <route length>
# <origin node> <dest node> <vehicle> <service type>
0 12
0 89 0 0
89 2 0 0
2 86 0 0
86 44 0 0
44 58 0 0
58 31 0 2
31 47 0 0
47 99 0 2
99 14 0 0
14 66 0 0
66 28 0 2
28 0 0 0
1 5
0 100 1 1
100 87 1 1
87 18 1 1
18 97 1 1
97 0 1 0
2 8
0 63 2 2
63 57 2 2
57 70 2 2
70 32 2 2
32 24 2 2
24 96 2 2
96 92 2 2
92 0 2 0
3 3
0 94 3 2
94 29 3 2
29 0 3 0
4 13
0 22 4 1
22 34 4 2
34 7 4 1
7 61 4 2
61 90 4 1
90 91 4 2
91 88 4 1
88 27 4 2
27 43 4 2
43 42 4 1
42 30 4 2
30 59 4 2
59 0 4 0
5 14
0 33 5 0
33 64 5 1
64 11 5 1
11 4 5 0
4 26 5 1
26 16 5 0
16 93 5 1
93 19 5 1
19 62 5 0
62 36 5 1
36 95 5 0
95 60 5 0
60 48 5 0
48 0 5 0
6 5
0 50 6 1
50 35 6 1
35 98 6 1
98 40 6 1
40 0 6 0
7 8
0 45 7 4
45 78 7 3
78 86 7 3
86 38 7 4
38 93 7 4
93 9 7 3
9 74 7 3
74 0 7 0
8 8
0 89 8 5
89 76 8 3
76 71 8 5
71 46 8 5
46 25 8 5
25 41 8 5
41 55 8 5
55 0 8 0
9 9
0 100 9 4
100 53 9 3
53 87 9 4
87 71 9 4
71 65 9 4
65 84 9 3
84 98 9 5
98 82 9 3
82 0 9 0
10 13
0 12 10 5
12 78 10 4
78 39 10 3
39 3 10 3
3 6 10 4
6 8 10 4
8 1 10 3
1 23 10 3
23 10 10 4
10 21 10 5
21 75 10 4
75 77 10 4
77 0 10 0
11 9
0 5 11 4
5 85 11 3
85 49 11 5
49 20 11 4
20 37 11 4
37 81 11 3
81 79 11 3
79 95 11 5
95 0 11 0
12 6
0 76 12 4
76 17 12 4
17 97 12 3
97 92 12 3
92 82 12 4
82 0 12 0
13 1
0 0 13 0
14 16
0 73 14 3
73 94 14 4
94 80 14 3
80 83 14 3
83 15 14 3
15 68 14 5
68 90 14 5
90 91 14 4
91 52 14 5
52 88 14 3
88 69 14 5
69 51 14 5
51 67 14 4
67 72 14 3
72 54 14 5
54 0 14 0
15 1
0 0 15 0
16 6
0 73 16 4
73 80 16 5
80 83 16 4
83 99 16 5
99 72 16 5
72 0 16 0
17 11
0 85 17 4
85 84 17 4
84 81 17 5
81 79 17 4
79 96 17 3
96 74 17 4
74 56 17 5
56 13 17 3
13 75 17 5
75 77 17 5
77 0 17 0
18 1
0 0 18 0
19 1
0 0 19 0
