# Solution for ../instances-HHCRSP/InstanzVNS_HCSRP_300_2.txt
# Cost = 1914.84 Dist = 5730.34 Tard = 8.21707 TMax = 5.95987
# <vehicle> <route length>
# <origin node> <dest node> <vehicle> <service type>
0 18
0 146 0 1
146 297 0 1
297 108 0 1
108 289 0 0
289 145 0 1
145 2 0 0
2 257 0 1
257 261 0 0
261 114 0 0
114 158 0 1
158 180 0 0
180 56 0 1
56 33 0 1
33 6 0 0
6 32 0 0
32 291 0 1
291 279 0 1
279 0 0 0
1 14
0 11 1 2
11 255 1 1
255 259 1 2
259 147 1 1
147 133 1 1
133 41 1 2
41 103 1 2
103 160 1 1
160 282 1 1
282 113 1 1
113 267 1 1
267 268 1 2
268 4 1 1
4 0 1 0
2 10
0 272 2 0
272 26 2 0
26 283 2 0
283 45 2 0
45 262 2 0
262 10 2 0
10 105 2 0
105 106 2 0
106 179 2 0
179 0 2 0
3 6
0 251 3 2
251 275 3 2
275 43 3 2
43 260 3 2
260 300 3 2
300 0 3 0
4 14
0 132 4 1
132 263 4 2
263 173 4 2
173 61 4 2
61 266 4 2
266 274 4 2
274 168 4 2
168 19 4 2
19 159 4 2
159 285 4 1
285 281 4 2
281 280 4 2
280 97 4 2
97 0 4 0
5 14
0 96 5 1
96 177 5 1
177 290 5 0
290 46 5 0
46 83 5 0
83 295 5 1
295 117 5 1
117 17 5 1
17 271 5 0
271 57 5 0
57 288 5 0
288 256 5 1
256 128 5 1
128 0 5 0
6 15
0 9 6 1
9 276 6 2
276 287 6 1
287 198 6 2
198 161 6 0
161 131 6 1
131 193 6 1
193 67 6 0
67 44 6 1
44 40 6 2
40 191 6 1
191 265 6 0
265 277 6 1
277 82 6 1
82 0 6 0
7 2
0 16 7 2
16 0 7 0
8 2
0 115 8 0
115 0 8 0
9 1
0 0 9 0
10 1
0 0 10 0
11 16
0 71 11 1
71 258 11 1
258 182 11 1
182 172 11 2
172 136 11 2
136 196 11 1
196 129 11 1
129 138 11 1
138 66 11 2
66 34 11 2
34 286 11 2
286 31 11 1
31 270 11 1
270 149 11 1
149 15 11 2
15 0 11 0
12 7
0 154 12 2
154 162 12 2
162 294 12 2
294 197 12 2
197 36 12 2
36 296 12 2
296 0 12 0
13 15
0 299 13 1
299 199 13 0
199 189 13 2
189 293 13 0
293 59 13 2
59 3 13 2
3 123 13 1
123 116 13 0
116 92 13 1
92 38 13 1
38 7 13 0
7 273 13 1
273 264 13 2
264 185 13 0
185 0 13 0
14 4
0 39 14 1
39 120 14 1
120 278 14 1
278 0 14 0
15 7
0 121 15 2
121 298 15 1
298 100 15 2
100 90 15 2
90 175 15 0
175 166 15 1
166 0 15 0
16 19
0 254 16 2
254 14 16 0
14 91 16 0
91 54 16 1
54 284 16 0
284 72 16 2
72 269 16 0
269 252 16 0
252 80 16 1
80 140 16 1
140 167 16 2
167 65 16 2
65 292 16 1
292 165 16 1
165 12 16 2
12 21 16 0
21 253 16 0
253 42 16 1
42 0 16 0
17 2
0 157 17 2
157 0 17 0
18 22
0 207 18 4
207 208 18 3
208 212 18 4
212 243 18 3
243 151 18 3
151 244 18 3
244 255 18 4
255 73 18 3
73 239 18 3
239 204 18 3
204 229 18 3
229 250 18 3
250 134 18 4
134 286 18 3
286 188 18 3
188 187 18 5
187 176 18 4
176 285 18 5
285 281 18 5
281 155 18 4
155 280 18 4
280 0 18 0
19 16
0 207 19 5
207 208 19 4
208 212 19 5
212 243 19 4
243 244 19 5
244 88 19 3
88 239 19 4
239 204 19 5
204 229 19 4
229 262 19 5
262 292 19 4
292 74 19 4
74 109 19 5
109 130 19 3
130 253 19 3
253 0 19 0
20 19
0 210 20 4
210 126 20 5
126 190 20 4
190 93 20 3
93 141 20 4
141 51 20 5
51 248 20 3
248 220 20 4
220 52 20 4
52 228 20 3
228 249 20 3
249 102 20 3
102 69 20 4
69 86 20 3
86 63 20 4
63 143 20 4
143 192 20 4
192 64 20 3
64 0 20 0
21 18
0 210 21 5
210 60 21 5
60 299 21 4
299 50 21 5
50 293 21 4
293 248 21 4
248 220 21 5
220 260 21 4
260 112 21 5
112 30 21 4
30 152 21 3
152 233 21 3
233 219 21 4
219 87 21 4
87 300 21 5
300 142 21 4
142 20 21 5
20 0 21 0
22 14
0 251 22 5
251 297 22 4
297 174 22 3
174 263 22 5
263 144 22 5
144 156 22 5
156 257 22 3
257 261 22 5
261 250 22 4
250 18 22 3
18 153 22 3
153 270 22 3
270 35 22 4
35 0 22 0
23 3
0 230 23 5
230 241 23 5
241 0 23 0
24 12
0 231 24 3
231 259 24 3
259 94 24 5
94 234 24 3
234 216 24 4
216 269 24 4
269 267 24 5
267 237 24 5
237 226 24 5
226 184 24 5
184 217 24 4
217 0 24 0
25 17
0 231 25 4
231 272 25 5
272 258 25 3
258 49 25 4
49 27 25 4
27 124 25 4
124 170 25 3
170 84 25 4
84 68 25 4
68 246 25 3
246 5 25 3
5 209 25 3
209 205 25 3
205 78 25 3
78 213 25 3
213 202 25 4
202 0 25 0
26 17
0 1 26 4
1 225 26 3
225 276 26 5
276 287 26 5
287 221 26 4
221 200 26 5
200 118 26 4
118 125 26 4
125 294 26 5
294 76 26 3
76 101 26 3
101 238 26 4
238 224 26 3
224 201 26 3
201 288 26 5
288 256 26 5
256 0 26 0
27 14
0 227 27 4
227 240 27 5
240 135 27 5
135 289 27 4
289 218 27 5
218 266 27 4
266 13 27 4
13 111 27 4
111 232 27 5
232 55 27 5
55 150 27 4
150 235 27 5
235 217 27 5
217 0 27 0
28 17
0 230 28 3
230 241 28 4
241 137 28 3
137 290 28 3
290 275 28 4
275 110 28 5
110 163 28 5
163 127 28 5
127 295 28 4
295 194 28 5
194 98 28 4
98 119 28 5
119 99 28 4
99 24 28 4
24 178 28 5
178 223 28 3
223 0 28 0
29 16
0 104 29 3
104 225 29 5
225 77 29 4
77 221 29 5
221 28 29 5
28 25 29 4
25 22 29 3
22 85 29 4
85 271 29 4
271 95 29 3
95 169 29 5
169 233 29 4
233 219 29 5
219 273 29 4
273 264 29 5
264 0 29 0
30 14
0 227 30 3
227 240 30 3
240 8 30 3
8 181 30 5
181 48 30 3
48 218 30 3
218 274 30 3
274 122 30 3
122 252 30 5
252 232 30 3
232 139 30 3
139 47 30 4
47 291 30 3
291 0 30 0
31 10
0 89 31 5
89 211 31 4
211 186 31 4
186 107 31 4
107 236 31 3
236 228 31 4
228 249 31 4
249 164 31 5
164 245 31 3
245 0 31 0
32 11
0 211 32 5
211 62 32 4
62 236 32 4
236 37 32 3
37 195 32 3
195 238 32 5
238 296 32 3
296 70 32 5
70 279 32 5
279 223 32 5
223 0 32 0
33 18
0 206 33 4
206 242 33 3
242 214 33 3
214 283 33 3
283 203 33 3
203 222 33 3
222 81 33 3
81 284 33 4
284 265 33 4
265 183 33 3
183 148 33 3
148 237 33 4
237 226 33 4
226 58 33 4
58 235 33 4
235 268 33 3
268 79 33 3
79 0 33 0
34 5
0 53 34 4
53 247 34 3
247 278 34 3
278 245 34 4
245 0 34 0
35 17
0 206 35 5
206 242 35 4
242 214 35 5
214 203 35 4
203 222 35 4
222 171 35 4
171 75 35 5
75 234 35 5
234 216 35 5
216 29 35 3
29 282 35 3
282 246 35 4
246 209 35 4
209 205 35 4
205 213 35 4
213 202 35 5
202 0 35 0
36 7
0 254 36 5
254 247 36 5
247 277 36 5
277 23 36 5
23 224 36 5
224 201 36 4
201 0 36 0
37 2
0 298 37 4
298 0 37 0
38 2
0 215 38 3
215 0 38 0
39 2
0 215 39 5
215 0 39 0
