# Solution for ../instances-HHCRSP/InstanzVNS_HCSRP_100_5.txt
# Cost = 804.107 Dist = 2411.82 Tard = 0.24881 TMax = 0.24881
# <vehicle> <route length>
# <origin node> <dest node> <vehicle> <service type>
0 15
0 93 0 0
93 14 0 0
14 99 0 0
99 17 0 0
17 91 0 0
91 31 0 1
31 87 0 0
87 25 0 1
25 39 0 1
39 97 0 0
97 5 0 0
5 33 0 1
33 92 0 1
92 4 0 2
4 0 0 0
1 6
0 15 1 2
15 3 1 2
3 36 1 2
36 64 1 2
64 24 1 2
24 0 1 0
2 7
0 9 2 2
9 46 2 2
46 100 2 2
100 27 2 2
27 69 2 2
69 89 2 2
89 0 2 0
3 10
0 21 3 0
21 23 3 0
23 34 3 1
34 18 3 1
18 51 3 1
51 86 3 0
86 88 3 0
88 35 3 1
35 95 3 1
95 0 3 0
4 5
0 98 4 1
98 13 4 1
13 96 4 1
96 40 4 1
40 0 4 0
5 9
0 70 5 0
70 94 5 2
94 56 5 0
56 41 5 0
41 43 5 0
43 32 5 2
32 90 5 0
90 30 5 2
30 0 5 0
6 1
0 0 6 0
7 8
0 81 7 5
81 20 7 3
20 8 7 5
8 19 7 5
19 94 7 3
94 76 7 3
76 82 7 5
82 0 7 0
8 4
0 81 8 4
81 90 8 5
90 57 8 5
57 0 8 0
9 16
0 6 9 5
6 93 9 4
93 77 9 5
77 99 9 4
99 11 9 5
11 72 9 5
72 2 9 4
2 91 9 5
91 68 9 5
68 48 9 4
48 83 9 4
83 7 9 4
7 61 9 5
61 97 9 5
97 89 9 5
89 0 9 0
10 15
0 38 10 3
38 45 10 3
45 77 10 3
77 78 10 4
78 80 10 4
80 67 10 3
67 72 10 3
72 100 10 5
100 10 10 3
10 53 10 4
53 85 10 5
85 1 10 5
1 65 10 4
65 75 10 3
75 0 10 0
11 12
0 54 11 5
54 42 11 5
42 78 11 5
78 80 11 5
80 87 11 4
87 83 11 5
83 62 11 3
62 86 11 4
86 88 11 3
88 37 11 4
37 82 11 4
82 0 11 0
12 14
0 49 12 5
49 28 12 3
28 16 12 4
16 60 12 5
60 59 12 3
59 52 12 5
52 29 12 3
29 22 12 5
22 63 12 3
63 66 12 3
66 47 12 4
47 26 12 4
26 92 12 5
92 0 12 0
13 5
0 58 13 4
58 84 13 3
84 79 13 3
79 75 13 4
75 0 13 0
14 6
0 71 14 4
71 55 14 5
55 74 14 4
74 76 14 4
76 95 14 4
95 0 14 0
15 6
0 71 15 3
71 50 15 3
50 74 15 3
74 12 15 3
12 85 15 3
85 0 15 0
16 2
0 98 16 4
98 0 16 0
17 5
0 84 17 4
84 79 17 4
79 96 17 5
96 44 17 3
44 0 17 0
18 2
0 73 18 3
73 0 18 0
19 2
0 73 19 4
73 0 19 0
