# Solution for ../instances-HHCRSP/InstanzCPLEX_HCSRP_50_9.txt
# Cost = 534.299 Dist = 1577.32 Tard = 13.9268 TMax = 11.6515
# <vehicle> <route length>
# <origin node> <dest node> <vehicle> <service type>
0 10
0 47 0 2
47 4 0 1
4 11 0 2
11 50 0 1
50 27 0 0
27 8 0 0
8 18 0 2
18 21 0 1
21 45 0 1
45 0 0 0
1 8
0 16 1 2
16 35 1 2
35 9 1 1
9 30 1 1
30 1 1 1
1 48 1 1
48 46 1 2
46 0 1 0
2 12
0 49 2 0
49 23 2 2
23 43 2 2
43 32 2 0
32 10 2 1
10 33 2 0
33 20 2 0
20 26 2 0
26 28 2 2
28 44 2 0
44 31 2 0
31 0 2 0
3 11
0 42 3 3
42 36 3 5
36 50 3 3
50 19 3 5
19 6 3 3
6 15 3 5
15 38 3 3
38 37 3 3
37 29 3 3
29 40 3 3
40 0 3 0
4 10
0 34 4 4
34 2 4 4
2 47 4 3
47 5 4 5
5 17 4 5
17 48 4 5
48 38 4 4
38 37 4 5
37 13 4 4
13 0 4 0
5 8
0 42 5 4
42 22 5 4
22 36 5 4
36 12 5 4
12 24 5 4
24 45 5 3
45 40 5 5
40 0 5 0
6 4
0 49 6 5
49 39 6 3
39 44 6 5
44 0 6 0
7 5
0 25 7 5
25 7 7 5
7 46 7 3
46 14 7 4
14 0 7 0
8 5
0 43 8 5
43 39 8 4
39 3 8 4
3 41 8 3
41 0 8 0
9 2
0 41 9 5
41 0 9 0
