# Solution for ../instances-HHCRSP/InstanzVNS_HCSRP_100_9.txt
# Cost = 951.115 Dist = 2824.5 Tard = 18.1516 TMax = 10.6918
# <vehicle> <route length>
# <origin node> <dest node> <vehicle> <service type>
0 15
0 47 0 2
47 35 0 2
35 36 0 2
36 11 0 2
11 95 0 1
95 100 0 1
100 88 0 2
88 8 0 0
8 86 0 2
86 18 0 2
18 92 0 0
92 21 0 1
21 45 0 2
45 57 0 2
57 0 0 0
1 2
0 91 1 1
91 0 1 0
2 3
0 99 2 0
99 32 2 0
32 0 2 0
3 6
0 89 3 0
89 90 3 0
90 87 3 0
87 33 3 0
33 94 3 0
94 0 3 0
4 10
0 16 4 2
16 64 4 2
64 98 4 2
98 96 4 2
96 28 4 2
28 58 4 2
58 69 4 0
69 20 4 0
20 44 4 2
44 0 4 0
5 11
0 97 5 2
97 42 5 2
42 54 5 1
54 59 5 2
59 23 5 2
23 43 5 0
43 10 5 1
10 53 5 0
53 60 5 2
60 93 5 1
93 0 5 0
6 12
0 9 6 1
9 50 6 1
50 27 6 0
27 4 6 1
4 56 6 0
56 30 6 1
30 1 6 1
1 26 6 0
26 61 6 0
61 55 6 0
55 31 6 0
31 0 6 0
7 8
0 66 7 3
66 67 7 5
67 84 7 5
84 75 7 3
75 72 7 3
72 19 7 5
19 37 7 5
37 0 7 0
8 10
0 97 8 4
97 2 8 4
2 84 8 4
84 75 8 4
75 72 8 4
72 86 8 5
86 24 8 4
24 92 8 4
92 51 8 4
51 0 8 0
9 9
0 81 9 5
81 5 9 5
5 76 9 3
76 87 9 3
87 80 9 5
80 78 9 3
78 74 9 5
74 40 9 5
40 0 9 0
10 15
0 81 10 4
81 63 10 4
63 6 10 3
6 79 10 3
79 12 10 4
12 83 10 3
83 70 10 5
70 77 10 4
77 62 10 3
62 88 10 5
88 15 10 5
15 78 10 4
78 74 10 4
74 29 10 3
29 0 10 0
11 1
0 0 11 0
12 6
0 82 12 4
82 71 12 5
71 73 12 5
73 7 12 5
7 93 12 4
93 0 12 0
13 8
0 82 13 5
82 71 13 3
71 73 13 3
73 98 13 3
98 91 13 3
91 39 13 3
39 85 13 3
85 0 13 0
14 12
0 52 14 4
52 68 14 4
68 22 14 4
22 79 14 4
79 95 14 5
95 83 14 4
83 100 14 3
100 77 14 5
77 80 14 4
80 38 14 3
38 13 14 4
13 0 14 0
15 11
0 34 15 4
34 49 15 5
49 89 15 4
89 90 15 5
90 76 15 5
76 17 15 5
17 48 15 5
48 85 15 4
85 3 15 4
3 14 15 4
14 0 15 0
16 3
0 25 16 5
25 99 16 4
99 0 16 0
17 1
0 0 17 0
18 6
0 46 18 5
46 96 18 5
96 41 18 4
41 94 18 5
94 65 18 5
65 0 18 0
19 1
0 0 19 0
