# Solution for ../instances-HHCRSP/InstanzCPLEX_HCSRP_75_2.txt
# Cost = 714.53 Dist = 2143.59 Tard = 0 TMax = 0
# <vehicle> <route length>
# <origin node> <dest node> <vehicle> <service type>
0 18
0 71 0 0
71 11 0 2
11 26 0 0
26 72 0 2
72 41 0 2
41 19 0 2
19 2 0 0
2 45 0 0
45 68 0 2
68 34 0 2
34 10 0 0
10 65 0 0
65 74 0 0
74 15 0 2
15 21 0 0
21 12 0 2
12 42 0 1
42 0 0 0
1 5
0 9 1 1
9 73 1 1
73 66 1 1
66 31 1 1
31 0 1 0
2 9
0 46 2 0
46 14 2 0
14 70 2 0
70 69 2 0
69 64 2 0
64 7 2 0
7 6 2 0
6 32 2 0
32 0 2 0
3 10
0 39 3 1
39 3 3 2
3 75 3 2
75 40 3 2
40 17 3 1
17 36 3 2
36 43 3 2
43 38 3 1
38 16 3 2
16 0 3 0
4 5
0 67 4 1
67 44 4 1
44 33 4 1
33 4 4 1
4 0 4 0
5 15
0 71 5 4
71 54 5 3
54 61 5 3
61 8 5 3
8 49 5 4
49 73 5 5
73 27 5 4
27 66 5 3
66 68 5 5
68 18 5 3
18 5 5 3
5 35 5 4
35 65 5 4
65 74 5 3
74 0 5 0
6 2
0 60 6 3
60 0 6 0
7 9
0 54 7 4
54 61 7 5
61 25 7 4
25 72 7 4
72 56 7 4
56 58 7 5
58 55 7 5
55 47 7 4
47 0 7 0
8 2
0 63 8 3
63 0 8 0
9 8
0 1 9 4
1 67 9 3
67 13 9 4
13 48 9 3
48 29 9 3
29 58 9 4
58 55 9 4
55 0 9 0
10 4
0 51 10 5
51 59 10 5
59 20 10 5
20 0 10 0
11 6
0 53 11 4
53 62 11 4
62 70 11 5
70 57 11 4
57 30 11 4
30 0 11 0
12 10
0 53 12 5
53 62 12 3
62 22 12 3
22 28 12 5
28 56 12 3
56 37 12 3
37 57 12 3
57 23 12 5
23 24 12 4
24 0 12 0
13 6
0 60 13 4
60 59 13 4
59 52 13 4
52 64 13 4
64 63 13 4
63 0 13 0
14 4
0 50 14 5
50 75 14 3
75 69 14 4
69 0 14 0
