# Solution for ../instances-HHCRSP/InstanzVNS_HCSRP_100_3.txt
# Cost = 813.362 Dist = 2440.09 Tard = 0 TMax = 0
# <vehicle> <route length>
# <origin node> <dest node> <vehicle> <service type>
0 9
0 20 0 1
20 9 0 1
9 33 0 0
33 40 0 1
40 93 0 1
93 63 0 1
63 41 0 1
41 3 0 0
3 0 0 0
1 7
0 96 1 0
96 34 1 0
34 22 1 0
22 59 1 0
59 94 1 0
94 86 1 0
86 0 1 0
2 10
0 23 2 1
23 88 2 1
88 92 2 1
92 91 2 2
91 29 2 2
29 21 2 1
21 64 2 2
64 69 2 2
69 65 2 1
65 0 2 0
3 12
0 26 3 1
26 62 3 1
62 4 3 1
4 90 3 1
90 6 3 0
6 17 3 0
17 67 3 1
67 5 3 0
5 60 3 0
60 87 3 0
87 54 3 1
54 0 3 0
4 9
0 35 4 2
35 50 4 2
50 98 4 2
98 45 4 2
45 43 4 2
43 47 4 2
47 31 4 2
31 99 4 2
99 0 4 0
5 10
0 61 5 2
61 2 5 2
2 1 5 2
1 100 5 1
100 10 5 1
10 89 5 1
89 95 5 0
95 38 5 0
38 97 5 2
97 0 5 0
6 2
0 68 6 0
68 0 6 0
7 8
0 71 7 3
71 74 7 3
74 55 7 3
55 82 7 3
82 52 7 3
52 87 7 3
87 11 7 3
11 0 7 0
8 7
0 16 8 4
16 88 8 5
88 46 8 4
46 73 8 4
73 97 8 4
97 53 8 3
53 0 8 0
9 8
0 49 9 4
49 28 9 5
28 100 9 3
100 89 9 3
89 95 9 5
95 81 9 4
81 77 9 4
77 0 9 0
10 9
0 96 10 5
96 70 10 5
70 80 10 3
80 32 10 5
32 84 10 3
84 75 10 5
75 85 10 3
85 78 10 5
78 0 10 0
11 7
0 42 11 5
42 83 11 5
83 91 11 5
91 79 11 5
79 73 11 5
73 48 11 5
48 0 11 0
12 12
0 71 12 4
71 74 12 4
74 44 12 4
44 98 12 4
98 7 12 3
7 84 12 4
84 75 12 4
75 85 12 5
85 76 12 4
76 14 12 4
14 72 12 4
72 0 12 0
13 7
0 15 13 3
15 36 13 3
36 90 13 3
90 94 13 5
94 86 13 5
86 99 13 5
99 0 13 0
14 11
0 19 14 4
19 13 14 5
13 18 14 3
18 8 14 4
8 12 14 4
12 82 14 5
82 51 14 3
51 57 14 3
57 66 14 3
66 78 14 4
78 0 14 0
15 5
0 80 15 4
80 93 15 4
93 76 15 5
76 72 15 5
72 0 15 0
16 3
0 56 16 4
56 58 16 4
58 0 16 0
17 6
0 24 17 5
24 27 17 5
27 39 17 3
39 81 17 5
81 77 17 3
77 0 17 0
18 5
0 83 18 4
83 92 18 4
92 79 18 3
79 30 18 5
30 0 18 0
19 3
0 25 19 4
25 37 19 3
37 0 19 0
