# Solution for ../instances-HHCRSP/InstanzVNS_HCSRP_100_10.txt
# Cost = 826.948 Dist = 2476.25 Tard = 2.2986 TMax = 2.2986
# <vehicle> <route length>
# <origin node> <dest node> <vehicle> <service type>
0 12
0 63 0 2
63 57 0 2
57 33 0 0
33 61 0 2
61 4 0 0
4 34 0 2
34 16 0 0
16 96 0 2
96 62 0 0
62 59 0 2
59 47 0 0
47 0 0 0
1 9
0 22 1 1
22 64 1 1
64 11 1 1
11 7 1 1
7 93 1 1
93 26 1 1
26 19 1 1
19 36 1 1
36 0 1 0
2 6
0 70 2 2
70 24 2 2
24 32 2 2
32 99 2 2
99 31 2 2
31 0 2 0
3 3
0 92 3 2
92 28 3 2
28 0 3 0
4 12
0 50 4 1
50 94 4 2
94 29 4 2
29 35 4 1
35 90 4 1
90 88 4 1
88 91 4 2
91 27 4 2
27 42 4 1
42 43 4 2
43 30 4 2
30 0 4 0
5 13
0 89 5 0
89 2 5 0
2 86 5 0
86 44 5 0
44 58 5 0
58 98 5 1
98 40 5 1
40 95 5 0
95 60 5 0
60 48 5 0
48 14 5 0
14 66 5 0
66 0 5 0
6 5
0 100 6 1
100 87 6 1
87 18 6 1
18 97 6 1
97 0 6 0
7 9
0 20 7 4
20 37 7 4
37 86 7 3
86 38 7 4
38 96 7 3
96 74 7 3
74 79 7 3
79 81 7 3
81 0 7 0
8 14
0 73 8 3
73 80 8 3
80 83 8 3
83 15 8 3
15 68 8 5
68 51 8 5
51 52 8 5
52 88 8 3
88 56 8 5
56 69 8 5
69 13 8 3
13 75 8 5
75 77 8 5
77 0 8 0
9 14
0 5 9 4
5 12 9 5
12 78 9 3
78 39 9 3
39 3 9 3
3 6 9 4
6 8 9 4
8 1 9 3
1 23 9 3
23 10 9 4
10 21 9 5
21 75 9 4
75 77 9 4
77 0 9 0
10 10
0 73 10 4
73 94 10 4
94 80 10 5
80 83 10 4
83 90 10 5
90 91 10 4
91 67 10 4
67 72 10 3
72 54 10 5
54 0 10 0
11 8
0 78 11 4
78 93 11 4
93 9 11 3
9 74 11 4
74 79 11 4
79 81 11 5
81 95 11 5
95 0 11 0
12 10
0 100 12 4
100 53 12 3
53 87 12 4
87 71 12 4
71 65 12 4
65 84 12 3
84 76 12 3
76 82 12 3
82 17 12 4
17 0 12 0
13 7
0 89 13 5
89 71 13 5
71 46 13 5
46 25 13 5
25 41 13 5
41 55 13 5
55 0 13 0
14 8
0 85 14 3
85 49 14 5
49 45 14 4
45 84 14 4
84 98 14 5
98 99 14 5
99 72 14 5
72 0 14 0
15 2
0 92 15 3
92 0 15 0
16 5
0 85 16 4
85 97 16 3
97 76 16 4
76 82 16 4
82 0 16 0
17 1
0 0 17 0
18 1
0 0 18 0
19 1
0 0 19 0
