# Solution for ../instances-HHCRSP/InstanzVNS_HCSRP_300_6.txt
# Cost = 1794.15 Dist = 5325.63 Tard = 40.5238 TMax = 16.3035
# <vehicle> <route length>
# <origin node> <dest node> <vehicle> <service type>
0 14
0 157 0 0
157 258 0 0
258 4 0 0
4 134 0 0
134 173 0 0
173 256 0 1
256 252 0 1
252 292 0 1
292 61 0 1
61 288 0 1
288 172 0 1
172 114 0 0
114 113 0 0
113 0 0 0
1 6
0 111 1 1
111 121 1 1
121 273 1 1
273 257 1 1
257 76 1 1
76 0 1 0
2 18
0 282 2 2
282 67 2 2
67 60 2 2
60 13 2 0
13 276 2 2
276 47 2 2
47 3 2 2
3 271 2 0
271 295 2 0
295 277 2 1
277 189 2 0
189 190 2 0
190 23 2 1
23 267 2 2
267 15 2 1
15 106 2 1
106 254 2 0
254 0 2 0
3 14
0 51 3 2
51 20 3 2
20 144 3 2
144 158 3 1
158 275 3 1
275 287 3 2
287 53 3 1
53 127 3 1
127 251 3 2
251 24 3 1
24 80 3 1
80 73 3 2
73 12 3 2
12 0 3 0
4 11
0 66 4 0
66 183 4 1
183 78 4 0
78 77 4 0
77 136 4 0
136 72 4 0
72 261 4 1
261 177 4 1
177 289 4 1
289 191 4 1
191 0 4 0
5 11
0 131 5 0
131 290 5 0
290 5 5 1
5 90 5 0
90 260 5 0
260 298 5 1
298 259 5 0
259 293 5 1
293 274 5 1
274 272 5 0
272 0 5 0
6 13
0 31 6 2
31 25 6 2
25 82 6 2
82 97 6 2
97 184 6 2
184 40 6 2
40 128 6 2
128 296 6 2
296 99 6 2
99 98 6 2
98 180 6 2
180 79 6 2
79 0 6 0
7 9
0 124 7 2
124 133 7 2
133 119 7 2
119 64 7 2
64 197 7 2
197 187 7 2
187 156 7 2
156 294 7 2
294 0 7 0
8 7
0 122 8 1
122 193 8 1
193 269 8 1
269 182 8 1
182 264 8 1
264 147 8 1
147 0 8 0
9 21
0 16 9 0
16 143 9 2
143 283 9 0
283 284 9 0
284 36 9 1
36 299 9 2
299 255 9 2
255 285 9 1
285 2 9 0
2 265 9 2
265 129 9 2
129 19 9 1
19 268 9 1
268 262 9 0
262 278 9 1
278 1 9 1
1 168 9 2
168 58 9 1
58 266 9 2
266 150 9 2
150 0 9 0
10 6
0 159 10 1
159 44 10 0
44 281 10 1
281 132 10 0
132 161 10 0
161 0 10 0
11 4
0 139 11 2
139 22 11 2
22 116 11 2
116 0 11 0
12 11
0 30 12 2
30 41 12 0
41 92 12 2
92 59 12 1
59 112 12 1
112 300 12 2
300 263 12 1
263 181 12 2
181 85 12 1
85 142 12 0
142 0 12 0
13 16
0 165 13 0
165 279 13 1
279 95 13 1
95 198 13 0
198 33 13 0
33 103 13 0
103 18 13 0
18 104 13 1
104 188 13 1
188 174 13 1
174 126 13 1
126 94 13 0
94 297 13 1
297 253 13 1
253 109 13 0
109 0 13 0
14 7
0 151 14 0
151 291 14 0
291 26 14 0
26 280 14 0
280 199 14 0
199 286 14 0
286 0 14 0
15 3
0 43 15 1
43 270 15 1
270 0 15 0
16 1
0 0 16 0
17 1
0 0 17 0
18 13
0 258 18 3
258 195 18 4
195 216 18 4
216 242 18 3
242 153 18 5
153 100 18 4
100 248 18 4
248 102 18 5
102 206 18 4
206 230 18 3
230 229 18 3
229 254 18 3
254 0 18 0
19 14
0 282 19 5
282 65 19 3
65 276 19 3
276 48 19 4
48 216 19 5
216 242 19 5
242 287 19 5
287 46 19 4
46 251 19 3
251 38 19 5
38 297 19 3
297 253 19 4
253 247 19 3
247 0 19 0
20 14
0 250 20 3
250 55 20 4
55 93 20 5
93 204 20 4
204 207 20 3
207 138 20 3
138 271 20 5
271 244 20 3
244 239 20 4
239 241 20 3
241 87 20 5
87 262 20 3
262 266 20 5
266 0 20 0
21 16
0 250 21 4
250 202 21 3
202 35 21 5
35 137 21 5
137 243 21 3
243 194 21 5
194 162 21 5
162 91 21 4
91 291 21 3
291 280 21 4
280 120 21 5
120 235 21 3
235 296 21 5
296 170 21 5
170 226 21 3
226 0 21 0
22 10
0 202 22 4
202 255 22 3
255 285 22 4
285 265 22 3
265 21 22 3
21 149 22 4
149 200 22 4
200 268 22 3
268 289 22 4
289 0 22 0
23 14
0 249 23 3
249 11 23 4
11 74 23 5
74 141 23 5
141 256 23 5
256 107 23 4
107 219 23 3
219 211 23 3
211 101 23 3
101 218 23 3
218 196 23 4
196 236 23 3
236 247 23 4
247 0 23 0
24 14
0 249 24 5
249 152 24 5
152 171 24 5
171 207 24 5
207 275 24 5
275 17 24 5
17 248 24 5
248 155 24 5
155 163 24 5
163 267 24 4
267 110 24 3
110 229 24 4
229 135 24 4
135 0 24 0
25 12
0 231 25 3
231 214 25 3
214 204 25 5
204 228 25 3
228 145 25 3
145 52 25 3
52 244 25 4
244 239 25 5
239 241 25 4
241 278 25 4
278 29 25 3
29 0 25 0
26 14
0 231 26 5
231 214 26 5
214 228 26 5
228 8 26 4
8 71 26 5
71 295 26 4
295 277 26 5
277 108 26 4
108 28 26 5
28 206 26 5
206 230 26 4
230 166 26 5
166 123 26 3
123 0 26 0
27 15
0 86 27 5
86 146 27 3
146 83 27 4
83 210 27 3
210 68 27 5
68 260 27 3
260 220 27 4
220 298 27 3
298 222 27 3
222 203 27 4
203 81 27 4
81 179 27 5
179 272 27 4
272 201 27 3
201 0 27 0
28 15
0 50 28 3
50 283 28 5
283 56 28 5
56 54 28 3
54 233 28 4
233 34 28 5
34 209 28 5
209 223 28 5
223 232 28 3
232 221 28 5
221 118 28 4
118 213 28 4
213 270 28 5
270 42 28 4
42 0 28 0
29 10
0 167 29 4
167 290 29 5
290 210 29 4
210 220 29 5
220 222 29 5
222 203 29 5
203 96 29 3
96 75 29 4
75 294 29 3
294 0 29 0
30 9
0 160 30 5
160 243 30 4
243 148 30 4
148 7 30 5
7 130 30 3
130 227 30 4
227 225 30 3
225 57 30 3
57 0 30 0
31 13
0 238 31 3
238 215 31 4
215 88 31 4
88 269 31 4
269 62 31 4
62 264 31 3
264 9 31 4
9 235 31 4
235 185 31 5
185 69 31 3
69 175 31 3
175 226 31 4
226 0 31 0
32 17
0 238 32 4
238 215 32 5
215 279 32 3
279 27 32 4
27 192 32 3
192 89 32 4
89 84 32 5
84 186 32 5
186 252 32 5
252 292 32 3
292 219 32 4
219 211 32 5
211 288 32 4
288 218 32 4
218 236 32 5
236 176 32 5
176 0 32 0
33 8
0 208 33 3
208 284 33 5
284 299 33 3
299 233 33 5
233 213 33 5
213 14 33 3
14 115 33 5
115 0 33 0
34 9
0 208 34 5
208 154 34 3
154 140 34 5
140 105 34 5
105 32 34 4
32 227 34 5
227 225 34 4
225 224 34 3
224 0 34 0
35 11
0 39 35 5
39 49 35 4
49 45 35 5
45 6 35 5
6 37 35 4
37 259 35 5
259 293 35 4
293 274 35 5
274 286 35 5
286 201 35 4
201 0 35 0
36 14
0 178 36 4
178 234 36 4
234 63 36 3
63 209 36 3
209 223 36 4
223 232 36 4
232 221 36 3
221 261 36 4
261 273 36 3
273 117 36 4
117 257 36 4
257 169 36 4
169 125 36 3
125 0 36 0
37 10
0 212 37 4
212 246 37 3
246 237 37 4
237 205 37 4
205 245 37 3
245 240 37 3
240 217 37 4
217 300 37 4
300 263 37 4
263 0 37 0
38 7
0 234 38 5
234 245 38 4
245 240 38 4
240 217 38 5
217 70 38 3
70 224 38 5
224 0 38 0
39 8
0 212 39 5
212 246 39 5
246 281 39 5
281 237 39 5
237 205 39 5
205 164 39 3
164 10 39 5
10 0 39 0
