# Solution for ../instances-HHCRSP/InstanzVNS_HCSRP_100_7.txt
# Cost = 746.444 Dist = 2230.98 Tard = 4.17601 TMax = 4.17601
# <vehicle> <route length>
# <origin node> <dest node> <vehicle> <service type>
0 12
0 18 0 0
18 97 0 2
97 50 0 0
50 64 0 1
64 51 0 0
51 91 0 0
91 68 0 1
68 26 0 2
26 96 0 0
96 94 0 1
94 46 0 1
46 0 0 0
1 14
0 99 1 2
99 100 1 1
100 53 1 0
53 25 1 2
25 45 1 1
45 93 1 0
93 59 1 0
59 29 1 0
29 67 1 2
67 9 1 0
9 12 1 0
12 86 1 1
86 22 1 2
22 0 1 0
2 7
0 24 2 1
24 11 2 0
11 38 2 0
38 90 2 0
90 14 2 1
14 57 2 0
57 0 2 0
3 8
0 2 3 2
2 42 3 2
42 95 3 2
95 65 3 2
65 40 3 2
40 88 3 2
88 87 3 2
87 0 3 0
4 4
0 98 4 1
98 15 4 1
15 33 4 1
33 0 4 0
5 2
0 92 5 2
92 0 5 0
6 8
0 10 6 0
10 89 6 2
89 54 6 2
54 39 6 0
39 36 6 2
36 13 6 0
13 63 6 0
63 0 6 0
7 15
0 58 7 3
58 97 7 5
97 82 7 3
82 20 7 3
20 56 7 4
56 35 7 3
35 62 7 3
62 70 7 5
70 80 7 3
80 16 7 4
16 85 7 4
85 96 7 5
96 94 7 5
94 30 7 5
30 0 7 0
8 13
0 3 8 3
3 21 8 4
21 90 8 3
90 32 8 3
32 77 8 3
77 78 8 5
78 41 8 5
41 79 8 3
79 52 8 3
52 88 8 4
88 71 8 3
71 55 8 4
55 0 8 0
9 9
0 81 9 4
81 75 9 4
75 1 9 4
1 77 9 4
77 78 9 4
78 79 9 4
79 7 9 4
7 71 9 4
71 0 9 0
10 9
0 81 10 5
81 75 10 5
75 69 10 5
69 8 10 5
8 74 10 4
74 19 10 3
19 48 10 3
48 17 10 3
17 0 10 0
11 7
0 34 11 3
34 82 11 4
82 28 11 4
28 93 11 3
93 6 11 4
6 47 11 4
47 0 11 0
12 11
0 72 12 3
72 99 12 3
99 100 12 4
100 43 12 3
43 73 12 3
73 5 12 4
5 66 12 3
66 83 12 3
83 37 12 4
37 86 12 3
86 0 12 0
13 5
0 84 13 3
84 92 13 3
92 60 13 3
60 44 13 3
44 0 13 0
14 5
0 72 14 4
72 23 14 3
23 73 14 5
73 83 14 5
83 0 14 0
15 3
0 27 15 3
27 74 15 3
74 0 15 0
16 1
0 0 16 0
17 11
0 49 17 4
49 4 17 4
4 95 17 3
95 31 17 3
31 91 17 4
91 80 17 4
80 85 17 5
85 87 17 5
87 61 17 4
61 76 17 3
76 0 17 0
18 4
0 98 18 4
98 89 18 3
89 76 18 4
76 0 18 0
19 2
0 84 19 4
84 0 19 0
