# Solution for ../instances-HHCRSP/InstanzVNS_HCSRP_200_4.txt
# Cost = 1148.91 Dist = 3426.31 Tard = 12.9352 TMax = 7.49547
# <vehicle> <route length>
# <origin node> <dest node> <vehicle> <service type>
0 13
0 183 0 2
183 191 0 2
191 88 0 2
88 128 0 2
128 62 0 0
62 171 0 0
171 41 0 0
41 192 0 2
192 200 0 2
200 56 0 2
56 64 0 0
64 11 0 2
11 0 0 0
1 21
0 122 1 2
122 15 1 2
15 69 1 0
69 50 1 0
50 92 1 1
92 33 1 0
33 7 1 1
7 108 1 0
108 130 1 0
130 14 1 2
14 127 1 0
127 185 1 2
185 98 1 2
98 112 1 2
112 132 1 1
132 10 1 1
10 140 1 1
140 102 1 0
102 100 1 0
100 65 1 1
65 0 1 0
2 16
0 55 2 1
55 71 2 1
71 90 2 1
90 177 2 1
177 190 2 0
190 20 2 0
20 40 2 1
40 139 2 1
139 54 2 0
54 173 2 1
173 181 2 0
181 25 2 1
25 184 2 0
184 9 2 0
9 95 2 1
95 0 2 0
3 13
0 13 3 2
13 174 3 0
174 105 3 0
105 179 3 2
179 1 3 2
1 197 3 2
197 123 3 2
123 121 3 0
121 85 3 0
85 99 3 1
99 178 3 0
178 111 3 1
111 0 3 0
4 11
0 51 4 2
51 186 4 2
186 77 4 1
77 84 4 2
84 44 4 0
44 180 4 2
180 187 4 1
187 137 4 1
137 172 4 1
172 109 4 1
109 0 4 0
5 8
0 106 5 2
106 196 5 2
196 198 5 2
198 194 5 2
194 72 5 2
72 12 5 2
12 34 5 2
34 0 5 0
6 10
0 39 6 0
39 16 6 0
16 113 6 2
113 188 6 2
188 18 6 0
18 63 6 0
63 182 6 0
182 86 6 2
86 120 6 0
120 0 6 0
7 3
0 135 7 1
135 81 7 1
81 0 7 0
8 11
0 47 8 2
47 94 8 1
94 24 8 1
24 76 8 2
76 176 8 2
176 87 8 2
87 125 8 2
125 89 8 2
89 17 8 1
17 36 8 1
36 0 8 0
9 6
0 175 9 2
175 199 9 2
199 189 9 2
189 193 9 2
193 195 9 2
195 0 9 0
10 14
0 183 10 3
183 191 10 3
191 143 10 3
143 114 10 5
114 158 10 5
158 198 10 5
198 73 10 3
73 156 10 5
156 35 10 3
35 68 10 3
68 150 10 3
150 110 10 5
110 159 10 5
159 0 10 0
11 16
0 42 11 4
42 48 11 5
48 30 11 5
30 82 11 3
82 153 11 3
153 46 11 4
46 5 11 3
5 185 11 5
185 101 11 4
101 154 11 3
154 37 11 4
37 26 11 3
26 70 11 5
70 167 11 3
167 136 11 3
136 0 11 0
12 13
0 163 12 3
163 23 12 4
23 143 12 4
143 83 12 5
83 117 12 3
117 171 12 4
171 96 12 3
96 104 12 4
104 192 12 5
192 200 12 4
200 129 12 5
129 142 12 3
142 0 12 0
13 11
0 163 13 5
163 174 13 3
174 66 13 3
66 179 13 4
179 45 13 3
45 197 13 5
197 60 13 4
60 169 13 3
169 178 13 5
178 57 13 4
57 0 13 0
14 8
0 38 14 5
38 166 14 3
166 27 14 3
27 155 14 3
155 80 14 5
80 146 14 3
146 172 14 3
172 0 14 0
15 10
0 145 15 3
145 164 15 3
164 152 15 3
152 173 15 5
173 176 15 4
176 165 15 4
165 199 15 4
199 124 15 5
124 167 15 5
167 0 15 0
16 7
0 145 16 4
145 164 16 5
164 152 16 4
152 155 16 5
155 8 16 4
8 2 16 4
2 0 16 0
17 10
0 166 17 4
166 186 17 5
186 59 17 4
59 149 17 5
149 148 17 5
148 162 17 5
162 29 17 5
29 146 17 5
146 138 17 4
138 0 17 0
18 14
0 160 18 4
160 170 18 3
170 97 18 4
97 157 18 4
157 126 18 4
126 116 18 3
116 147 18 3
147 181 18 5
181 107 18 3
107 184 18 3
184 4 18 4
4 154 18 4
154 79 18 4
79 0 18 0
19 11
0 160 19 5
160 170 19 5
170 157 19 5
157 52 19 5
52 19 19 4
19 153 19 5
153 43 19 5
43 21 19 5
21 188 19 3
188 53 19 5
53 0 19 0
20 10
0 6 20 3
6 158 20 4
158 194 20 4
194 119 20 3
119 156 20 4
156 118 20 3
118 150 20 4
150 78 20 3
78 159 20 4
159 0 20 0
21 16
0 161 21 3
161 74 21 5
74 32 21 3
32 49 21 4
49 177 21 5
177 190 21 4
190 196 21 5
196 134 21 3
134 31 21 4
31 147 21 4
147 165 21 5
165 169 21 4
169 3 21 3
3 61 21 4
61 142 21 4
142 0 21 0
22 5
0 161 22 5
161 103 22 4
103 93 22 4
93 195 22 3
195 0 22 0
23 8
0 144 23 3
144 131 23 4
131 58 23 3
58 149 23 3
149 148 23 3
148 162 23 4
162 182 23 3
182 0 23 0
24 5
0 144 24 5
144 180 24 4
180 187 24 4
187 141 24 3
141 0 24 0
25 5
0 168 25 4
168 151 25 4
151 22 25 5
22 193 25 5
193 0 25 0
26 8
0 168 26 5
168 28 26 3
28 175 26 3
175 189 26 3
189 151 26 5
151 91 26 5
91 67 26 3
67 0 26 0
27 2
0 115 27 4
115 0 27 0
28 3
0 75 28 3
75 141 28 4
141 0 28 0
29 2
0 133 29 3
133 0 29 0
