# Solution for ../instances-HHCRSP/InstanzVNS_HCSRP_200_9.txt
# Cost = 1370.95 Dist = 4082.4 Tard = 18.6845 TMax = 11.7772
# <vehicle> <route length>
# <origin node> <dest node> <vehicle> <service type>
0 7
0 73 0 0
73 43 0 0
43 71 0 0
71 194 0 0
194 189 0 0
189 197 0 0
197 0 0 0
1 11
0 42 1 2
42 35 1 2
35 47 1 2
47 87 1 2
87 58 1 2
58 28 1 2
28 127 1 2
127 174 1 2
174 126 1 2
126 93 1 2
93 0 1 0
2 12
0 54 2 1
54 89 2 1
89 9 2 1
9 4 2 1
4 50 2 1
50 178 2 0
178 134 2 1
134 78 2 1
78 138 2 1
138 74 2 1
74 69 2 0
69 0 2 0
3 10
0 97 3 1
97 82 3 1
82 10 3 1
10 198 3 1
198 181 3 1
181 140 3 0
140 31 3 0
31 135 3 1
135 53 3 0
53 0 3 0
4 11
0 192 4 0
192 30 4 1
30 1 4 1
1 182 4 0
182 123 4 0
123 61 4 0
61 85 4 1
85 55 4 0
55 171 4 0
171 172 4 0
172 0 4 0
5 16
0 16 5 2
16 177 5 0
177 81 5 0
81 195 5 2
195 124 5 2
124 90 5 0
90 33 5 0
33 187 5 2
187 80 5 0
80 20 5 0
20 26 5 0
26 190 5 0
190 188 5 0
188 111 5 2
111 57 5 2
57 0 5 0
6 3
0 32 6 0
32 180 6 0
180 0 6 0
7 14
0 116 7 2
116 79 7 0
79 36 7 2
36 95 7 2
95 196 7 2
196 27 7 0
27 56 7 0
56 175 7 2
175 83 7 0
83 84 7 2
84 112 7 2
112 176 7 2
176 45 7 2
45 0 7 0
8 16
0 64 8 2
64 179 8 1
179 173 8 2
173 11 8 2
11 139 8 2
139 8 8 0
8 72 8 2
72 77 8 2
77 200 8 0
200 193 8 1
193 21 8 1
21 86 8 1
86 18 8 2
18 137 8 1
137 191 8 1
191 0 8 0
9 17
0 59 9 2
59 185 9 2
185 117 9 1
117 98 9 1
98 101 9 1
101 23 9 2
23 96 9 1
96 199 9 2
199 122 9 1
122 105 9 1
105 125 9 1
125 186 9 1
186 184 9 2
184 183 9 2
183 44 9 2
44 60 9 2
60 0 9 0
10 15
0 170 10 4
170 164 10 4
164 147 10 4
147 166 10 5
166 162 10 5
162 67 10 5
67 75 10 5
75 70 10 5
70 175 10 4
175 144 10 4
144 37 10 5
37 129 10 5
129 152 10 5
152 141 10 4
141 0 10 0
11 14
0 170 11 5
170 164 11 5
164 147 11 3
147 166 11 3
166 162 11 3
162 195 11 3
195 115 11 3
115 187 11 3
187 29 11 3
29 152 11 3
152 190 11 3
190 188 11 5
188 40 11 5
40 0 11 0
12 10
0 145 12 4
145 177 12 5
177 113 12 3
113 48 12 5
48 163 12 3
163 103 12 5
103 189 12 5
189 121 12 4
121 153 12 4
153 0 12 0
13 12
0 145 13 5
145 2 13 4
2 179 13 4
179 110 13 3
110 173 13 5
173 158 13 3
158 132 13 3
132 160 13 3
160 200 13 5
200 193 13 5
193 191 13 3
191 0 13 0
14 5
0 154 14 4
154 128 14 5
128 199 14 5
199 157 14 5
157 0 14 0
15 9
0 133 15 3
133 91 15 3
91 154 15 3
154 39 15 3
39 142 15 3
142 198 15 4
198 14 15 4
14 149 15 3
149 0 15 0
16 13
0 52 16 4
52 146 16 3
146 150 16 3
150 161 16 3
161 68 16 4
68 155 16 3
155 196 16 5
196 168 16 4
168 119 16 3
119 15 16 5
15 167 16 3
167 148 16 4
148 0 16 0
17 10
0 156 17 5
156 66 17 3
66 107 17 5
107 5 17 5
5 182 17 5
182 76 17 3
76 169 17 3
169 159 17 3
159 174 17 3
174 0 17 0
18 14
0 146 18 4
146 150 18 5
150 161 18 5
161 22 18 4
22 155 18 5
155 178 18 5
178 168 18 5
168 12 18 4
12 131 18 5
131 24 18 4
24 92 18 4
92 176 18 3
176 51 18 4
51 0 18 0
19 10
0 156 19 4
156 34 19 4
34 109 19 3
109 163 19 4
163 186 19 3
186 184 19 4
184 102 19 3
102 169 19 4
169 159 19 4
159 0 19 0
20 13
0 185 20 5
185 142 20 4
142 46 20 5
46 194 20 5
194 3 20 4
3 181 20 5
181 94 20 4
94 141 20 3
141 183 20 3
183 65 20 5
65 171 20 4
171 172 20 4
172 0 20 0
21 11
0 192 21 5
192 106 21 3
106 158 21 5
158 88 21 4
88 19 21 5
19 160 21 5
160 62 21 3
62 136 21 3
136 167 21 4
167 148 21 5
148 0 21 0
22 11
0 49 22 5
49 130 22 4
130 104 22 4
104 63 22 4
63 6 22 3
6 144 22 3
144 17 22 5
17 38 22 3
38 13 22 4
13 118 22 3
118 0 22 0
23 6
0 165 23 3
165 151 23 3
151 99 23 4
99 7 23 5
7 149 23 4
149 0 23 0
24 2
0 157 24 3
157 0 24 0
25 5
0 165 25 4
165 151 25 4
151 25 25 5
25 100 25 5
100 0 25 0
26 3
0 120 26 4
120 114 26 4
114 0 26 0
27 3
0 143 27 4
143 180 27 5
180 0 27 0
28 4
0 143 28 5
143 41 28 4
41 108 28 5
108 0 28 0
29 3
0 197 29 5
197 153 29 5
153 0 29 0
