# Solution for ../instances-HHCRSP/InstanzVNS_HCSRP_100_5.txt
# Cost = 814.637 Dist = 2443.91 Tard = 0 TMax = 0
# <vehicle> <route length>
# <origin node> <dest node> <vehicle> <service type>
0 16
0 93 0 0
93 14 0 0
14 99 0 0
99 17 0 0
17 91 0 0
91 9 0 2
9 87 0 0
87 39 0 1
39 25 0 1
25 31 0 1
31 97 0 0
97 5 0 0
5 33 0 1
33 92 0 1
92 4 0 2
4 0 0 0
1 7
0 15 1 2
15 3 1 2
3 36 1 2
36 64 1 2
64 94 1 2
94 24 1 2
24 0 1 0
2 6
0 46 2 2
46 100 2 2
100 27 2 2
27 69 2 2
69 89 2 2
89 0 2 0
3 10
0 21 3 0
21 23 3 0
23 34 3 1
34 18 3 1
18 51 3 1
51 86 3 0
86 88 3 0
88 35 3 1
35 95 3 1
95 0 3 0
4 5
0 98 4 1
98 13 4 1
13 96 4 1
96 40 4 1
40 0 4 0
5 8
0 70 5 0
70 56 5 0
56 41 5 0
41 43 5 0
43 32 5 2
32 90 5 0
90 30 5 2
30 0 5 0
6 1
0 0 6 0
7 8
0 81 7 5
81 20 7 3
20 8 7 5
8 19 7 5
19 94 7 3
94 82 7 5
82 76 7 3
76 0 7 0
8 15
0 93 8 4
93 77 8 5
77 78 8 4
78 80 8 4
80 72 8 5
72 87 8 4
87 7 8 4
7 83 8 4
83 48 8 4
48 61 8 5
61 97 8 5
97 89 8 5
89 26 8 4
26 92 8 5
92 0 8 0
9 4
0 81 9 4
81 90 9 5
90 57 9 5
57 0 9 0
10 11
0 45 10 3
45 77 10 3
77 78 10 5
78 80 10 5
80 67 10 3
67 72 10 3
72 100 10 5
100 10 10 3
10 53 10 4
53 85 10 3
85 0 10 0
11 17
0 49 11 5
49 16 11 4
16 60 11 5
60 6 11 5
6 99 11 4
99 11 11 5
11 2 11 4
2 91 11 5
91 63 11 3
63 66 11 3
66 47 11 4
47 68 11 5
68 83 11 5
83 62 11 3
62 88 11 3
88 37 11 4
37 0 11 0
12 12
0 38 12 3
38 54 12 5
54 42 12 5
42 59 12 3
59 52 12 5
52 22 12 5
22 29 12 3
29 86 12 4
86 82 12 4
82 76 12 4
76 95 12 4
95 0 12 0
13 4
0 84 13 3
84 79 13 3
79 75 13 3
75 0 13 0
14 6
0 84 14 4
84 79 14 4
79 1 14 5
1 65 14 4
65 75 14 4
75 0 14 0
15 2
0 73 15 3
73 0 15 0
16 2
0 73 16 4
73 0 16 0
17 8
0 98 17 4
98 50 17 3
50 71 17 3
71 28 17 3
28 74 17 3
74 12 17 3
12 85 17 5
85 0 17 0
18 4
0 58 18 4
58 44 18 3
44 96 18 5
96 0 18 0
19 4
0 71 19 4
71 55 19 5
55 74 19 4
74 0 19 0
