# Solution for ../instances-HHCRSP/InstanzVNS_HCSRP_100_1.txt
# Cost = 1351.28 Dist = 2777.54 Tard = 1052.42 TMax = 223.883
# <vehicle> <route length>
# <origin node> <dest node> <vehicle> <service type>
0 17
0 47 0 0
47 33 0 0
33 86 0 0
86 94 0 0
94 15 0 0
15 48 0 0
48 100 0 0
100 90 0 0
90 66 0 0
66 61 0 0
61 18 0 0
18 38 0 0
38 92 0 0
92 19 0 0
19 46 0 0
46 55 0 0
55 0 0 0
1 11
0 31 1 1
31 56 1 1
56 91 1 2
91 62 1 1
62 60 1 2
60 97 1 1
97 11 1 1
11 53 1 2
53 99 1 2
99 30 1 2
30 0 1 0
2 12
0 42 2 2
42 43 2 1
43 98 2 2
98 70 2 2
70 95 2 2
95 13 2 1
13 87 2 2
87 67 2 2
67 89 2 2
89 58 2 1
58 21 2 2
21 0 2 0
3 9
0 88 3 2
88 17 3 2
17 5 3 2
5 22 3 2
22 57 3 2
57 25 3 2
25 59 3 2
59 7 3 2
7 0 3 0
4 2
0 40 4 2
40 0 4 0
5 6
0 12 5 1
12 41 5 1
41 3 5 1
3 93 5 1
93 96 5 1
96 0 5 0
6 1
0 0 6 0
7 11
0 86 7 4
86 6 7 4
6 94 7 4
94 79 7 3
79 71 7 3
71 97 7 4
97 39 7 3
39 16 7 4
16 29 7 3
29 99 7 5
99 0 7 0
8 11
0 83 8 4
83 98 8 4
98 84 8 5
84 85 8 4
85 26 8 5
26 73 8 5
73 74 8 5
74 32 8 4
32 75 8 5
75 51 8 4
51 0 8 0
9 6
0 83 9 5
83 95 9 4
95 82 9 4
82 87 9 5
87 92 9 4
92 0 9 0
10 11
0 91 10 3
91 65 10 4
65 37 10 3
37 63 10 4
63 23 10 4
23 77 10 4
77 76 10 3
76 64 10 3
64 80 10 3
80 72 10 3
72 0 10 0
11 9
0 49 11 4
49 45 11 3
45 54 11 3
54 24 11 5
24 79 11 4
79 71 11 4
71 36 11 3
36 69 11 5
69 0 11 0
12 9
0 81 12 3
81 20 12 5
20 100 12 3
100 77 12 5
77 76 12 4
76 93 12 5
93 96 12 4
96 28 12 5
28 0 12 0
13 8
0 81 13 4
81 14 13 3
14 27 13 4
27 2 13 4
2 78 13 3
78 90 13 4
90 44 13 3
44 0 13 0
14 1
0 0 14 0
15 11
0 10 15 4
10 50 15 5
50 88 15 3
88 34 15 4
34 78 15 5
78 68 15 4
68 35 15 5
35 1 15 3
1 80 15 4
80 72 15 5
72 0 15 0
16 1
0 0 16 0
17 1
0 0 17 0
18 11
0 8 18 4
8 52 18 3
52 84 18 4
84 85 18 3
85 82 18 3
82 4 18 3
4 73 18 3
73 74 18 3
74 89 18 4
89 75 18 3
75 0 18 0
19 2
0 9 19 4
9 0 19 0
