# Solution for ../instances-HHCRSP/InstanzVNS_HCSRP_300_5.txt
# Cost = 1760.97 Dist = 5207.82 Tard = 61.4752 TMax = 13.6239
# <vehicle> <route length>
# <origin node> <dest node> <vehicle> <service type>
0 14
0 99 0 0
99 255 0 0
255 296 0 0
296 17 0 0
17 91 0 1
91 164 0 0
164 31 0 1
31 294 0 0
294 300 0 0
300 251 0 0
251 146 0 0
146 106 0 1
106 33 0 1
33 0 0 0
1 10
0 260 1 1
260 118 1 1
118 268 1 1
268 77 1 1
77 51 1 1
51 170 1 1
170 102 1 1
102 76 1 1
76 273 1 1
273 0 1 0
2 14
0 286 2 2
286 299 2 2
299 9 2 2
9 291 2 2
291 285 2 1
285 186 2 1
186 39 2 1
39 119 2 1
119 158 2 2
158 27 2 2
27 69 2 2
69 275 2 1
275 4 2 2
4 0 2 0
3 6
0 269 3 0
269 126 3 0
126 274 3 0
274 21 3 0
21 281 3 0
281 0 3 0
4 2
0 193 4 2
193 0 4 0
5 3
0 259 5 0
259 267 5 0
267 0 5 0
6 6
0 266 6 1
266 81 6 1
81 169 6 1
169 175 6 1
175 90 6 1
90 0 6 0
7 11
0 276 7 2
276 261 7 0
261 292 7 0
292 64 7 2
64 88 7 0
88 280 7 0
280 116 7 0
116 24 7 2
24 270 7 0
270 271 7 0
271 0 7 0
8 12
0 288 8 2
288 182 8 2
182 293 8 2
293 253 8 2
253 265 8 2
265 36 8 2
36 3 8 2
3 277 8 2
277 254 8 2
254 289 8 2
289 140 8 2
140 0 8 0
9 8
0 15 9 2
15 167 9 2
167 181 9 2
181 179 9 2
179 258 9 2
258 108 9 2
108 145 9 2
145 0 9 0
10 12
0 195 10 0
195 135 10 2
135 70 10 0
70 295 10 2
295 100 10 2
100 124 10 2
124 30 10 2
30 32 10 2
32 43 10 0
43 298 10 0
298 282 10 0
282 0 10 0
11 14
0 154 11 1
154 93 11 0
93 46 11 2
46 165 11 0
165 272 11 2
272 183 11 2
183 131 11 0
131 284 11 2
284 97 11 1
97 162 11 1
162 25 11 1
25 263 11 1
263 5 11 0
5 0 11 0
12 10
0 71 12 1
71 174 12 1
174 279 12 1
279 161 12 1
161 121 12 1
121 34 12 1
34 178 12 1
178 86 12 1
86 197 12 1
197 0 12 0
13 3
0 297 13 1
297 287 13 1
287 0 13 0
14 15
0 262 14 0
262 256 14 1
256 14 14 0
14 87 14 0
87 283 14 1
283 144 14 1
144 18 14 1
18 147 14 1
147 104 14 0
104 35 14 1
35 156 14 1
156 82 14 1
82 264 14 0
264 40 14 1
40 0 14 0
15 17
0 115 15 0
115 192 15 2
192 180 15 0
180 257 15 2
257 188 15 0
188 23 15 0
23 85 15 0
85 117 15 2
117 278 15 0
278 74 15 0
74 56 15 0
56 171 15 2
171 137 15 0
137 41 15 0
41 290 15 2
290 114 15 0
114 0 15 0
16 2
0 252 16 2
252 0 16 0
17 5
0 84 17 1
84 96 17 1
96 75 17 1
75 13 17 1
13 0 17 0
18 14
0 233 18 4
233 237 18 4
237 206 18 4
206 240 18 4
240 83 18 4
83 223 18 4
223 205 18 4
205 48 18 4
48 213 18 4
213 220 18 4
220 280 18 4
280 243 18 4
243 270 18 4
270 0 18 0
19 13
0 233 19 5
233 286 19 5
286 217 19 5
217 212 19 4
212 130 19 4
130 230 19 4
230 249 19 5
249 103 19 4
103 242 19 5
242 26 19 4
26 275 19 4
275 221 19 4
221 0 19 0
20 17
0 42 20 5
42 245 20 4
245 255 20 5
255 216 20 3
216 200 20 4
200 72 20 4
72 185 20 3
185 127 20 5
127 67 20 3
67 226 20 3
226 68 20 5
68 223 20 5
223 205 20 3
205 263 20 5
263 189 20 5
189 107 20 5
107 0 20 0
21 16
0 245 21 5
245 296 21 4
296 153 21 4
153 11 21 5
11 216 21 5
216 272 21 4
272 53 21 4
53 177 21 5
177 142 21 5
142 284 21 4
284 150 21 5
150 224 21 3
224 89 21 3
89 214 21 3
214 159 21 4
159 0 21 0
22 12
0 111 22 4
111 55 22 5
55 50 22 3
50 65 22 4
65 295 22 4
295 109 22 4
109 120 22 4
120 19 22 5
19 228 22 4
228 265 22 4
265 281 22 3
281 0 22 0
23 18
0 209 23 4
209 229 23 3
229 260 23 4
260 163 23 3
163 10 23 3
10 2 23 4
2 66 23 3
66 291 23 4
291 241 23 3
241 285 23 3
285 155 23 3
155 123 23 4
123 300 23 3
300 92 23 3
92 251 23 5
251 242 23 3
242 221 23 3
221 0 23 0
24 16
0 209 24 5
209 229 24 5
229 59 24 3
59 45 24 3
45 198 24 5
198 60 24 5
60 22 24 5
22 29 24 3
29 227 24 4
227 277 24 3
277 204 24 3
204 151 24 3
151 225 24 3
225 208 24 3
208 232 24 3
232 0 24 0
25 25
0 239 25 3
239 199 25 4
199 219 25 3
219 261 25 3
261 292 25 3
292 52 25 5
52 250 25 3
250 237 25 5
237 217 25 3
217 63 25 3
63 283 25 3
283 157 25 5
157 212 25 5
212 125 25 4
125 230 25 3
230 249 25 3
249 112 25 5
112 149 25 4
149 113 25 3
113 7 25 4
7 254 25 3
254 225 25 4
225 208 25 4
208 232 25 4
232 0 25 0
26 14
0 239 26 4
239 219 26 4
219 6 26 5
6 250 26 5
250 133 26 3
133 62 26 3
62 206 26 3
206 240 26 5
240 213 26 5
213 134 26 3
134 220 26 5
220 243 26 3
243 271 26 5
271 0 26 0
27 13
0 235 27 3
235 138 27 5
138 248 27 3
248 210 27 3
210 236 27 3
236 244 27 3
244 215 27 3
215 141 27 4
141 128 27 3
128 252 27 4
252 267 27 3
267 57 27 5
57 0 27 0
28 12
0 196 28 3
196 218 28 3
218 12 28 3
12 28 28 3
28 222 28 3
222 279 28 5
279 274 28 5
274 278 28 5
278 273 28 5
273 187 28 3
187 201 28 3
201 0 28 0
29 8
0 235 29 4
235 248 29 5
248 210 29 5
210 236 29 5
236 244 29 4
244 215 29 4
215 110 29 5
110 0 29 0
30 7
0 20 30 3
20 246 30 5
246 8 30 5
8 247 30 5
247 79 30 3
79 290 30 5
290 0 30 0
31 13
0 58 31 4
58 98 31 3
98 269 31 4
269 166 31 3
166 54 31 5
54 222 31 5
222 257 31 4
257 105 31 4
105 148 31 4
148 264 31 5
264 234 31 3
234 136 31 5
136 0 31 0
32 9
0 266 32 4
266 259 32 5
259 202 32 4
202 1 32 5
1 207 32 5
207 101 32 5
101 258 32 4
258 231 32 4
231 0 32 0
33 13
0 276 33 4
276 288 33 3
288 152 33 5
152 297 33 3
297 191 33 3
191 132 33 4
132 238 33 4
238 287 33 5
287 211 33 3
211 203 33 3
203 298 33 3
298 282 33 5
282 0 33 0
34 19
0 16 34 4
16 262 34 3
262 172 34 3
172 122 34 4
122 256 34 5
256 78 34 4
78 268 34 3
268 80 34 5
80 299 34 5
299 184 34 3
184 241 34 5
241 168 34 3
168 226 34 5
226 294 34 5
294 47 34 4
47 224 34 4
224 214 34 4
214 61 34 5
61 0 34 0
35 12
0 218 35 5
218 293 35 5
293 94 35 3
94 253 35 3
253 227 35 5
227 204 35 5
204 289 35 4
289 37 35 4
37 173 35 3
173 234 35 5
234 176 35 5
176 0 35 0
36 5
0 143 36 3
143 202 36 3
202 207 36 3
207 231 36 3
231 0 36 0
37 13
0 160 37 5
160 139 37 3
139 49 37 5
49 194 37 4
194 38 37 3
38 228 37 5
228 129 37 3
129 238 37 5
238 211 37 5
211 203 37 5
203 44 37 3
44 73 37 4
73 0 37 0
38 6
0 246 38 4
246 190 38 4
190 247 38 4
247 95 38 4
95 201 38 5
201 0 38 0
39 1
0 0 39 0
