# Solution for ../instances-HHCRSP/InstanzVNS_HCSRP_200_5.txt
# Cost = 1342.18 Dist = 4012.6 Tard = 9.6556 TMax = 4.28539
# <vehicle> <route length>
# <origin node> <dest node> <vehicle> <service type>
0 17
0 14 0 0
14 172 0 1
172 99 0 0
99 46 0 2
46 184 0 1
184 9 0 2
9 17 0 0
17 186 0 2
186 200 0 2
200 69 0 2
69 39 0 1
39 27 0 2
27 97 0 1
97 4 0 2
4 189 0 2
189 33 0 1
33 0 0 0
1 2
0 81 1 1
81 0 1 0
2 7
0 135 2 2
135 195 2 2
195 124 2 2
124 117 2 2
117 173 2 2
173 140 2 2
140 0 2 0
3 12
0 115 3 0
115 182 3 0
182 70 3 0
70 126 3 0
126 23 3 0
23 85 3 0
85 74 3 0
74 41 3 0
41 114 3 0
114 193 3 0
193 137 3 0
137 0 3 0
4 17
0 15 4 2
15 192 4 1
192 188 4 2
188 198 4 2
198 121 4 1
121 180 4 2
180 64 4 2
64 3 4 2
3 36 4 2
36 76 4 1
76 171 4 2
171 40 4 1
40 187 4 2
187 82 4 1
82 35 4 1
35 24 4 2
24 0 4 0
5 19
0 199 5 0
199 93 5 0
93 77 5 1
77 131 5 0
131 118 5 1
118 183 5 1
183 91 5 1
91 185 5 1
185 31 5 1
31 87 5 0
87 119 5 1
119 177 5 0
177 178 5 0
178 5 5 0
5 25 5 1
25 106 5 1
106 88 5 0
88 116 5 0
116 0 5 0
6 4
0 196 6 2
196 100 6 2
100 32 6 2
32 0 6 0
7 9
0 179 7 0
179 181 7 0
181 43 7 0
43 190 7 0
190 191 7 0
191 21 7 0
21 56 7 0
56 104 7 0
104 0 7 0
8 12
0 71 8 1
71 174 8 1
174 194 8 1
194 34 8 1
34 51 8 1
51 18 8 1
18 86 8 1
86 197 8 1
197 102 8 1
102 176 8 1
176 75 8 1
75 0 8 0
9 8
0 175 9 1
175 84 9 1
84 90 9 1
90 30 9 2
30 108 9 2
108 13 9 1
13 96 9 1
96 0 9 0
10 13
0 154 10 3
154 166 10 3
166 199 10 3
199 54 10 5
54 180 10 3
180 52 10 5
52 144 10 5
144 147 10 5
147 29 10 3
29 170 10 3
170 156 10 5
156 148 10 3
148 0 10 0
11 15
0 154 11 5
154 166 11 5
166 192 11 4
192 60 11 5
60 49 11 5
49 188 11 5
188 198 11 4
198 130 11 4
130 83 11 4
83 144 11 4
144 147 11 4
147 105 11 4
105 197 11 4
197 176 11 3
176 0 11 0
12 18
0 153 12 3
153 172 12 5
172 164 12 3
164 11 12 5
11 184 12 4
184 142 12 3
142 53 12 4
53 125 12 4
125 149 12 3
149 157 12 3
157 103 12 4
103 112 12 5
112 62 12 3
62 151 12 4
151 178 12 4
178 37 12 4
37 173 12 4
173 0 12 0
13 15
0 153 13 5
153 164 13 4
164 2 13 4
2 66 13 3
66 155 13 3
155 47 13 4
47 10 13 3
10 168 13 4
168 113 13 3
113 48 13 4
48 7 13 4
7 134 13 3
134 189 13 4
189 159 13 5
159 0 13 0
14 4
0 138 14 5
138 169 14 5
169 179 14 5
179 0 14 0
15 11
0 167 15 3
167 143 15 3
143 195 15 3
195 20 15 3
20 58 15 4
58 128 15 3
128 141 15 4
141 73 15 4
73 132 15 4
132 145 15 3
145 0 15 0
16 5
0 152 16 5
152 98 16 3
98 190 16 3
190 191 16 3
191 0 16 0
17 13
0 167 17 4
167 143 17 5
143 50 17 3
50 182 17 4
182 8 17 5
8 120 17 4
120 12 17 3
12 161 17 3
161 151 17 5
151 170 17 5
170 156 17 4
156 148 17 5
148 0 17 0
18 9
0 152 18 4
152 111 18 4
111 55 18 5
55 38 18 3
38 129 18 3
129 94 18 3
94 109 18 4
109 1 18 5
1 0 18 0
19 16
0 45 19 3
45 78 19 4
78 122 19 4
122 165 19 3
165 163 19 3
163 72 19 4
72 155 19 4
155 185 19 3
185 158 19 4
158 162 19 3
162 26 19 4
26 150 19 4
150 92 19 3
92 123 19 4
123 159 19 4
159 0 19 0
20 9
0 196 20 4
196 174 20 4
174 194 20 3
194 19 20 5
19 65 20 4
65 79 20 3
79 141 20 5
141 193 20 4
193 0 20 0
21 2
0 169 21 3
169 0 21 0
22 20
0 42 22 5
42 6 22 5
6 59 22 3
59 165 22 4
165 163 22 5
163 80 22 5
80 63 22 3
63 183 22 5
183 142 22 4
142 127 22 5
127 186 22 5
186 200 22 3
200 67 22 3
67 168 22 5
168 68 22 5
68 146 22 4
146 89 22 3
89 61 22 5
61 107 22 5
107 0 22 0
23 12
0 160 23 3
160 28 23 3
28 133 23 3
133 22 23 5
22 149 23 5
149 157 23 5
157 177 23 3
177 158 23 5
158 162 23 5
162 146 23 3
146 150 23 3
150 0 23 0
24 5
0 175 24 4
175 181 24 5
181 110 24 5
110 57 24 5
57 0 24 0
25 10
0 160 25 5
160 16 25 4
16 139 25 3
139 161 25 4
161 171 25 5
171 95 25 4
95 187 25 3
187 136 25 5
136 145 25 5
145 0 25 0
26 2
0 101 26 5
101 0 26 0
27 2
0 44 27 3
44 0 27 0
28 1
0 0 28 0
29 1
0 0 29 0
