# Solution for ../instances-HHCRSP/InstanzCPLEX_HCSRP_75_9.txt
# Cost = 710.327 Dist = 2116.86 Tard = 8.40423 TMax = 5.71935
# <vehicle> <route length>
# <origin node> <dest node> <vehicle> <service type>
0 8
0 64 0 1
64 66 0 1
66 1 0 1
1 33 0 0
33 26 0 0
26 30 0 1
30 20 0 0
20 0 0 0
1 1
0 0 1 0
2 8
0 73 2 2
73 43 2 0
43 71 2 1
71 16 2 2
16 23 2 2
23 32 2 0
32 10 2 1
10 0 2 0
3 14
0 35 3 2
35 9 3 1
9 50 3 1
50 67 3 0
67 4 3 1
4 8 3 0
8 75 3 2
75 72 3 1
72 70 3 1
70 18 3 2
18 21 3 1
21 45 3 2
45 74 3 1
74 0 3 0
4 12
0 42 4 2
42 47 4 2
47 36 4 2
36 11 4 2
11 68 4 2
68 27 4 0
27 69 4 2
69 28 4 2
28 44 4 2
44 31 4 0
31 65 4 2
65 0 4 0
5 7
0 73 5 4
73 71 5 5
71 3 5 4
3 41 5 4
41 14 5 4
14 53 5 4
53 0 5 0
6 7
0 63 6 3
63 56 6 5
56 6 6 3
6 37 6 5
37 61 6 5
61 55 6 3
55 0 6 0
7 8
0 52 7 4
52 22 7 4
22 56 7 4
56 68 7 4
68 70 7 4
70 62 7 4
62 24 7 4
24 0 7 0
8 13
0 64 8 4
64 63 8 5
63 67 8 4
67 19 8 5
19 12 8 4
12 75 8 5
75 72 8 3
72 62 8 3
62 15 8 5
15 57 8 3
57 51 8 4
51 74 8 3
74 0 8 0
9 8
0 39 9 3
39 46 9 5
46 58 9 3
58 61 9 4
61 13 9 4
13 65 9 4
65 55 9 5
55 0 9 0
10 9
0 54 10 5
54 66 10 3
66 17 10 5
17 48 10 5
48 58 10 5
58 38 10 3
38 29 10 3
29 40 10 5
40 0 10 0
11 8
0 34 11 4
34 54 11 4
54 49 11 5
49 2 11 4
2 5 11 5
5 69 11 4
69 57 11 5
57 0 11 0
12 4
0 59 12 3
59 25 12 5
25 60 12 3
60 0 12 0
13 4
0 59 13 4
59 7 13 5
7 60 13 5
60 0 13 0
14 2
0 53 14 3
53 0 14 0
