# Solution for ../instances-HHCRSP/InstanzVNS_HCSRP_300_1.txt
# Cost = 1831.93 Dist = 5411.43 Tard = 62.9489 TMax = 21.412
# <vehicle> <route length>
# <origin node> <dest node> <vehicle> <service type>
0 10
0 263 0 1
263 288 0 0
288 294 0 1
294 280 0 1
280 253 0 1
253 281 0 0
281 90 0 0
90 41 0 1
41 110 0 1
110 0 0 0
1 9
0 264 1 2
264 260 1 2
260 169 1 2
169 291 1 2
291 261 1 2
261 30 1 2
30 254 1 2
254 99 1 2
99 0 1 0
2 2
0 266 2 2
266 0 2 0
3 17
0 43 3 1
43 12 3 1
12 287 3 2
287 123 3 2
123 17 3 2
17 137 3 2
137 3 3 1
3 258 3 1
258 295 3 2
295 93 3 2
93 277 3 2
277 274 3 2
274 11 3 1
11 53 3 2
53 158 3 2
158 298 3 1
298 0 3 0
4 9
0 151 4 2
151 70 4 2
70 292 4 2
292 267 4 2
267 252 4 2
252 131 4 2
131 21 4 2
21 192 4 2
192 0 4 0
5 2
0 40 5 2
40 0 5 0
6 6
0 182 6 2
182 176 6 2
176 259 6 2
259 5 6 2
5 22 6 2
22 0 6 0
7 12
0 139 7 0
139 189 7 0
189 262 7 0
262 101 7 0
101 82 7 0
82 18 7 0
18 61 7 0
61 75 7 0
75 100 7 0
100 38 7 0
38 92 7 0
92 0 7 0
8 17
0 255 8 0
255 33 8 0
33 300 8 1
300 299 8 0
299 175 8 0
175 48 8 0
48 77 8 0
77 283 8 0
283 71 8 1
71 184 8 0
184 196 8 0
196 106 8 0
106 191 8 1
191 107 8 0
107 46 8 0
46 58 8 1
58 0 8 0
9 19
0 279 9 0
279 273 9 1
273 104 9 1
104 289 9 0
289 62 9 1
62 160 9 1
160 268 9 2
268 60 9 2
60 142 9 2
142 15 9 0
15 97 9 1
97 265 9 0
265 270 9 1
270 171 9 1
171 276 9 1
276 103 9 0
103 147 9 1
147 269 9 2
269 0 9 0
10 2
0 129 10 2
129 0 10 0
11 5
0 31 11 1
31 98 11 1
98 282 11 1
282 111 11 1
111 0 11 0
12 18
0 148 12 1
148 180 12 0
180 81 12 2
81 47 12 0
47 193 12 0
193 272 12 0
272 56 12 1
56 78 12 1
78 275 12 1
275 278 12 0
278 57 12 2
57 66 12 0
66 59 12 2
59 25 12 2
25 7 12 2
7 257 12 1
257 164 12 1
164 0 12 0
13 11
0 134 13 1
134 42 13 2
42 256 13 1
256 13 13 1
13 150 13 1
150 67 13 2
67 290 13 1
290 284 13 1
284 89 13 1
89 133 13 2
133 0 13 0
14 18
0 181 14 0
181 251 14 0
251 125 14 0
125 120 14 1
120 296 14 0
296 297 14 1
297 166 14 0
166 128 14 1
128 174 14 1
174 293 14 0
293 19 14 0
19 168 14 0
168 271 14 0
271 157 14 1
157 55 14 0
55 285 14 1
285 197 14 1
197 0 14 0
15 4
0 84 15 0
84 286 15 0
286 105 15 0
105 0 15 0
16 1
0 0 16 0
17 2
0 73 17 1
73 0 17 0
18 22
0 232 18 3
232 215 18 4
215 45 18 3
45 37 18 3
37 299 18 5
299 170 18 5
170 205 18 3
205 211 18 4
211 135 18 3
135 94 18 4
94 39 18 3
39 165 18 5
165 204 18 5
204 209 18 5
209 261 18 4
261 283 18 3
283 126 18 4
126 254 18 5
254 224 18 3
224 233 18 4
233 298 18 5
298 0 18 0
19 17
0 263 19 3
263 287 19 3
287 244 19 3
244 249 19 3
249 272 19 3
272 281 19 3
281 230 19 3
230 207 19 3
207 226 19 3
226 258 19 4
258 144 19 4
144 218 19 3
218 220 19 3
220 241 19 3
241 231 19 3
231 116 19 4
116 0 19 0
20 10
0 246 20 3
246 85 20 3
85 109 20 3
109 162 20 4
162 275 20 3
275 278 20 4
278 229 20 3
229 248 20 3
248 143 20 3
143 0 20 0
21 4
0 246 21 4
246 259 21 3
259 229 21 4
229 0 21 0
22 18
0 232 22 5
232 215 22 5
215 24 22 5
24 300 22 3
300 54 22 3
54 172 22 4
172 217 22 3
217 136 22 4
136 76 22 3
76 201 22 3
201 187 22 4
187 242 22 3
242 277 22 4
277 223 22 5
223 274 22 4
274 228 22 5
228 245 22 3
245 0 22 0
23 15
0 239 23 3
239 50 23 5
50 10 23 4
10 219 23 4
219 222 23 4
222 262 23 4
262 206 23 3
206 216 23 4
216 237 23 4
237 290 23 4
290 155 23 3
155 284 23 3
284 212 23 3
212 250 23 5
250 0 23 0
24 15
0 239 24 5
239 255 24 5
255 91 24 3
91 260 24 3
260 159 24 5
159 291 24 3
291 205 24 4
205 211 24 5
211 217 24 4
217 179 24 5
179 200 24 4
200 36 24 3
36 69 24 5
69 233 24 5
233 0 24 0
25 18
0 208 25 3
208 202 25 3
202 279 25 3
279 247 25 4
247 289 25 3
289 235 25 3
235 6 25 4
6 227 25 3
227 63 25 4
63 23 25 4
23 204 25 4
204 209 25 4
209 188 25 3
188 242 25 4
242 223 25 3
223 228 25 3
228 245 25 4
245 0 25 0
26 12
0 208 26 4
208 264 26 5
264 140 26 4
140 102 26 4
102 235 26 5
235 268 26 5
268 221 26 3
221 16 26 4
16 29 26 3
29 167 26 3
167 224 26 4
224 0 26 0
27 16
0 202 27 4
202 247 27 5
247 190 27 3
190 234 27 3
234 65 27 4
65 280 27 5
280 86 27 5
86 118 27 5
118 1 27 3
1 2 27 4
2 214 27 4
214 44 27 3
44 213 27 3
213 210 27 4
210 225 27 3
225 0 27 0
28 13
0 117 28 5
117 273 28 4
273 294 28 5
294 234 28 5
234 253 28 5
253 119 28 4
119 227 28 5
227 207 28 5
207 153 28 5
153 276 28 4
276 96 28 5
96 269 28 5
269 0 28 0
29 11
0 115 29 3
115 186 29 5
186 288 29 4
288 244 29 5
244 249 29 5
249 113 29 5
113 199 29 5
199 132 29 3
132 214 29 5
214 271 29 3
271 0 29 0
30 11
0 219 30 5
219 222 30 5
222 88 30 5
88 206 30 5
206 216 30 5
216 237 30 5
237 26 30 5
26 141 30 4
141 72 30 4
72 240 30 4
240 0 30 0
31 3
0 266 31 3
266 248 31 5
248 0 31 0
32 7
0 83 32 5
83 286 32 5
286 236 32 3
236 9 32 4
9 243 32 3
243 51 32 4
51 0 32 0
33 12
0 8 33 4
8 177 33 4
177 122 33 5
122 52 33 3
52 95 33 5
95 256 33 4
256 161 33 5
161 236 33 5
236 87 33 5
87 32 33 4
32 212 33 5
212 0 33 0
34 9
0 149 34 4
149 146 34 4
146 68 34 4
68 282 34 5
282 152 34 4
152 183 34 5
183 34 34 4
34 185 34 4
185 0 34 0
35 14
0 154 35 5
154 14 35 3
14 20 35 5
20 198 35 5
198 138 35 3
138 79 35 3
79 221 35 5
221 265 35 4
265 270 35 5
270 156 35 3
156 213 35 4
213 210 35 5
210 225 35 5
225 0 35 0
36 10
0 292 36 4
292 238 36 3
238 267 36 5
267 252 36 5
252 35 36 5
35 130 36 5
130 293 36 4
293 163 36 3
163 240 36 5
240 0 36 0
37 15
0 203 37 3
203 127 37 3
127 251 37 4
251 49 37 4
49 27 37 4
27 114 37 5
114 230 37 5
230 226 37 4
226 64 37 3
64 295 37 5
295 218 37 4
218 220 37 4
220 241 37 5
241 231 37 5
231 0 37 0
38 15
0 203 38 4
203 296 38 5
296 297 38 3
297 178 38 3
178 194 38 5
194 145 38 5
145 201 38 4
201 112 38 4
112 195 38 5
195 80 38 5
80 28 38 5
28 257 38 5
257 121 38 4
121 285 38 3
285 0 38 0
39 9
0 108 39 3
108 238 39 4
238 124 39 4
124 4 39 3
4 173 39 4
173 243 39 4
243 74 39 4
74 250 39 3
250 0 39 0
