# Solution for ../instances-HHCRSP/InstanzCPLEX_HCSRP_75_8.txt
# Cost = 666.863 Dist = 2000.59 Tard = 0 TMax = 0
# <vehicle> <route length>
# <origin node> <dest node> <vehicle> <service type>
0 11
0 45 0 2
45 10 0 0
10 11 0 0
11 21 0 0
21 23 0 2
23 17 0 0
17 6 0 2
6 12 0 2
12 71 0 0
71 5 0 0
5 0 0 0
1 12
0 42 1 0
42 65 1 0
65 33 1 1
33 22 1 1
22 40 1 0
40 64 1 0
64 44 1 1
44 48 1 1
48 51 1 0
51 72 1 1
72 18 1 1
18 0 1 0
2 3
0 66 2 0
66 16 2 0
16 0 2 0
3 9
0 68 3 1
68 74 3 1
74 36 3 1
36 4 3 1
4 32 3 1
32 67 3 1
67 27 3 1
27 73 3 2
73 0 3 0
4 6
0 70 4 2
70 75 4 2
75 13 4 2
13 46 4 2
46 69 4 2
69 0 4 0
5 12
0 61 5 3
61 7 5 3
7 55 5 3
55 70 5 3
70 64 5 4
64 24 5 4
24 53 5 3
53 39 5 4
39 72 5 3
72 69 5 4
69 35 5 4
35 0 5 0
6 12
0 49 6 5
49 8 6 5
8 25 6 5
25 65 6 4
65 1 6 4
1 54 6 4
54 56 6 3
56 58 6 3
58 38 6 4
38 41 6 5
41 31 6 5
31 0 6 0
7 10
0 61 7 4
61 55 7 5
55 75 7 5
75 53 7 5
53 47 7 4
47 34 7 5
34 62 7 3
62 3 7 4
3 73 7 3
73 0 7 0
8 13
0 60 8 3
60 68 8 3
68 50 8 4
50 63 8 3
63 26 8 3
26 20 8 3
20 19 8 3
19 2 8 4
2 67 8 5
67 30 8 5
30 9 8 5
9 52 8 4
52 0 8 0
9 5
0 57 9 3
57 59 9 3
59 63 9 5
63 14 9 5
14 0 9 0
10 5
0 57 10 5
57 59 10 5
59 74 10 5
74 29 10 3
29 0 10 0
11 9
0 60 11 4
60 43 11 4
43 54 11 5
54 56 11 4
56 58 11 4
58 37 11 5
37 62 11 5
62 71 11 5
71 0 11 0
12 2
0 15 12 4
15 0 12 0
13 3
0 66 13 4
66 28 13 3
28 0 13 0
14 1
0 0 14 0
