# Solution for ../instances-HHCRSP/InstanzVNS_HCSRP_300_3.txt
# Cost = 1523.02 Dist = 4555.06 Tard = 10.9571 TMax = 3.03067
# <vehicle> <route length>
# <origin node> <dest node> <vehicle> <service type>
0 16
0 298 0 0
298 9 0 1
9 33 0 0
33 40 0 1
40 125 0 1
125 122 0 0
122 284 0 1
284 108 0 1
108 191 0 1
191 121 0 0
121 128 0 0
128 17 0 0
17 289 0 1
289 178 0 0
178 60 0 0
60 0 0 0
1 8
0 261 1 0
261 161 1 0
161 34 1 0
34 62 1 1
62 266 1 1
266 157 1 1
157 3 1 0
3 0 1 0
2 8
0 61 2 2
61 293 2 2
293 294 2 2
294 88 2 2
88 89 2 2
89 276 2 2
276 138 2 2
138 0 2 0
3 11
0 23 3 1
23 260 3 0
260 251 3 1
251 288 3 1
288 10 3 1
10 142 3 1
142 184 3 1
184 133 3 1
133 38 3 0
38 258 3 1
258 0 3 0
4 11
0 147 4 1
147 265 4 1
265 264 4 1
264 63 4 1
63 26 4 1
26 164 4 1
164 4 4 1
4 90 4 1
90 273 4 1
273 279 4 1
279 0 4 0
5 21
0 114 5 0
114 111 5 1
111 252 5 0
252 20 5 1
20 80 5 1
80 286 5 0
286 257 5 0
257 6 5 0
6 47 5 2
47 45 5 2
45 287 5 0
287 123 5 1
123 67 5 1
67 137 5 0
137 5 5 0
5 270 5 0
270 130 5 2
130 31 5 2
31 269 5 1
269 139 5 0
139 0 5 0
6 10
0 296 6 0
296 107 6 1
107 181 6 1
181 179 6 0
179 91 6 0
91 68 6 0
68 188 6 0
188 41 6 1
41 255 6 1
255 0 6 0
7 14
0 271 7 2
271 50 7 2
50 143 7 2
143 262 7 2
262 59 7 0
59 22 7 0
22 117 7 0
117 253 7 0
253 272 7 0
272 283 7 0
283 118 7 2
118 159 7 0
159 103 7 2
103 0 7 0
8 4
0 285 8 1
285 169 8 1
169 65 8 1
65 0 8 0
9 4
0 166 9 0
166 193 9 0
193 256 9 0
256 0 9 0
10 15
0 281 10 0
281 35 10 2
35 177 10 2
177 190 10 0
190 151 10 1
151 112 10 2
112 171 10 2
171 149 10 1
149 43 10 2
43 155 10 0
155 87 10 2
87 126 10 0
126 54 10 1
54 292 10 2
292 0 10 0
11 9
0 2 11 2
2 124 11 2
124 156 11 2
156 1 11 2
1 268 11 2
268 154 11 2
154 136 11 2
136 263 11 2
263 0 11 0
12 11
0 290 12 2
290 259 12 0
259 254 12 2
254 299 12 2
299 291 12 0
291 162 12 2
162 300 12 2
300 140 12 2
140 97 12 0
97 135 12 0
135 0 12 0
13 3
0 21 13 1
21 199 13 1
199 0 13 0
14 7
0 172 14 2
172 165 14 1
165 163 14 1
163 79 14 2
79 185 14 1
185 72 14 2
72 0 14 0
15 9
0 195 15 2
195 280 15 2
280 168 15 2
168 274 15 2
274 282 15 2
282 277 15 2
277 86 15 2
86 76 15 2
76 0 15 0
16 8
0 29 16 2
29 64 16 2
64 297 16 2
297 189 16 2
189 278 16 0
278 69 16 2
69 275 16 0
275 0 16 0
17 3
0 295 17 1
295 267 17 1
267 0 17 0
18 10
0 222 18 5
222 251 18 3
251 288 18 5
288 294 18 3
294 212 18 3
212 244 18 5
244 227 18 3
227 258 18 5
258 225 18 3
225 0 18 0
19 13
0 222 19 4
222 116 19 3
116 28 19 5
28 212 19 4
212 46 19 4
46 268 19 3
268 244 19 4
244 73 19 4
73 227 19 4
227 186 19 4
186 200 19 4
200 225 19 4
225 0 19 0
20 18
0 232 20 3
232 74 20 3
74 110 20 5
110 7 20 3
7 71 20 5
71 109 20 3
109 197 20 3
197 223 20 3
223 216 20 3
216 174 20 3
174 51 20 3
51 82 20 5
82 57 20 3
57 52 20 3
52 289 20 4
289 204 20 3
204 66 20 3
66 0 20 0
21 18
0 232 21 4
232 298 21 4
298 229 21 4
229 44 21 4
44 221 21 3
221 145 21 5
145 238 21 4
238 250 21 3
250 247 21 4
247 175 21 3
175 246 21 4
246 84 21 3
84 287 21 4
287 270 21 3
270 204 21 5
204 134 21 4
134 141 21 5
141 0 21 0
22 14
0 152 22 4
152 15 22 3
15 264 22 4
264 215 22 4
215 242 22 3
242 218 22 3
218 249 22 3
249 153 22 3
153 58 22 4
58 14 22 4
14 210 22 3
210 214 22 3
214 228 22 3
228 0 22 0
23 13
0 261 23 4
261 219 23 4
219 100 23 4
100 115 23 3
115 230 23 4
230 83 23 4
83 92 23 4
92 187 23 3
187 243 23 3
243 207 23 4
207 263 23 4
263 256 23 4
256 0 23 0
24 13
0 36 24 3
36 229 24 5
229 102 24 4
102 32 24 5
32 119 24 3
119 75 24 4
75 173 24 4
173 85 24 4
85 277 24 3
277 104 24 5
104 269 24 4
269 167 24 4
167 0 24 0
25 12
0 260 25 5
260 113 25 4
113 281 25 4
281 129 25 5
129 285 25 3
285 27 25 5
27 49 25 4
49 230 25 5
230 278 25 3
278 30 25 5
30 275 25 3
275 0 25 0
26 8
0 296 26 5
296 293 26 5
293 213 26 5
213 206 26 5
206 217 26 5
217 240 26 5
240 255 26 5
255 0 26 0
27 13
0 226 27 3
226 198 27 3
198 182 27 4
182 98 27 5
98 223 27 5
223 216 27 5
216 8 27 4
8 160 27 5
160 266 27 3
266 19 27 4
19 99 27 3
99 234 27 4
234 0 27 0
28 17
0 226 28 5
226 205 28 3
205 252 28 4
252 280 28 4
280 286 28 3
286 257 28 3
257 274 28 3
274 218 28 5
218 249 28 5
249 192 28 4
192 253 28 5
253 272 28 5
272 273 28 4
273 101 28 5
101 210 28 5
210 214 28 5
214 0 28 0
29 8
0 42 29 5
42 290 29 3
290 24 29 5
24 219 29 5
219 245 29 3
245 150 29 5
150 224 29 3
224 0 29 0
30 14
0 205 30 4
205 262 30 3
262 146 30 5
146 250 30 5
250 247 30 5
247 246 30 5
246 237 30 3
237 202 30 4
202 233 30 4
233 78 30 5
78 11 30 3
11 170 30 4
170 292 30 5
292 0 30 0
31 12
0 70 31 5
70 271 31 5
271 96 31 5
96 196 31 5
196 127 31 4
127 215 31 5
215 242 31 4
242 282 31 5
282 120 31 5
120 283 31 5
283 228 31 4
228 0 31 0
32 15
0 241 32 5
241 248 32 5
248 265 32 3
265 254 32 5
254 299 32 5
299 213 32 3
213 206 32 3
206 236 32 3
236 105 32 5
105 231 32 5
231 243 32 5
243 207 32 3
207 81 32 5
81 77 32 5
77 0 32 0
33 13
0 241 33 4
241 248 33 4
248 291 33 5
291 276 33 5
276 148 33 3
148 300 33 5
300 95 33 5
95 53 33 3
53 48 33 5
48 220 33 3
220 39 33 3
39 203 33 3
203 0 33 0
34 14
0 132 34 4
132 176 34 4
176 55 34 3
55 221 34 4
221 238 34 5
238 183 34 4
183 284 34 3
284 12 34 4
12 131 34 4
131 94 34 4
94 211 34 3
211 201 34 4
201 234 34 5
234 0 34 0
35 9
0 208 35 4
208 259 35 4
259 16 35 4
16 180 35 4
180 236 35 4
236 231 35 4
231 220 35 4
220 203 35 4
203 0 35 0
36 6
0 208 36 5
208 217 36 4
217 240 36 3
240 37 36 3
37 25 36 4
25 0 36 0
37 8
0 209 37 3
209 235 37 4
235 239 37 3
239 93 37 5
93 297 37 5
297 295 37 4
295 267 37 4
267 0 37 0
38 9
0 209 38 5
209 235 38 5
235 239 38 5
239 56 38 4
56 106 38 5
106 144 38 4
144 245 38 4
245 224 38 5
224 0 38 0
39 11
0 158 39 3
158 13 39 5
13 18 39 3
18 194 39 5
194 237 39 4
237 202 39 5
202 233 39 5
233 211 39 4
211 201 39 5
201 279 39 3
279 0 39 0
