# Solution for ../instances-HHCRSP/InstanzCPLEX_HCSRP_50_10.txt
# Cost = 616.354 Dist = 1768.92 Tard = 63.7111 TMax = 16.4323
# <vehicle> <route length>
# <origin node> <dest node> <vehicle> <service type>
0 10
0 50 0 0
50 2 0 0
2 33 0 0
33 4 0 0
4 16 0 0
16 46 0 0
46 14 0 0
14 47 0 0
47 48 0 0
48 0 0 0
1 9
0 45 1 2
45 32 1 2
32 29 1 2
29 24 1 2
24 44 1 2
44 27 1 2
27 43 1 2
43 30 1 2
30 0 1 0
2 12
0 49 2 1
49 22 2 1
22 7 2 1
7 34 2 2
34 11 2 1
11 26 2 1
26 35 2 1
35 18 2 1
18 19 2 1
19 31 2 2
31 28 2 2
28 0 2 0
3 6
0 41 3 5
41 17 3 4
17 40 3 5
40 47 3 5
47 48 3 5
48 0 3 0
4 4
0 41 4 3
41 25 4 5
25 46 4 5
46 0 4 0
5 13
0 49 5 4
49 37 5 4
37 39 5 3
39 3 5 3
3 8 5 4
8 23 5 3
23 6 5 4
6 36 5 3
36 1 5 3
1 42 5 4
42 21 5 5
21 13 5 3
13 0 5 0
6 2
0 50 6 4
50 0 6 0
7 1
0 0 7 0
8 7
0 37 8 5
37 39 8 4
39 38 8 4
38 20 8 4
20 44 8 5
44 40 8 3
40 0 8 0
9 11
0 5 9 4
5 12 9 5
12 45 9 5
45 15 9 3
15 38 9 5
38 9 9 3
9 36 9 4
36 43 9 3
43 42 9 5
42 10 9 4
10 0 9 0
