# Solution for ../instances-HHCRSP/InstanzCPLEX_HCSRP_50_9.txt
# Cost = 554.628 Dist = 1663.89 Tard = 0 TMax = 0
# <vehicle> <route length>
# <origin node> <dest node> <vehicle> <service type>
0 12
0 4 0 1
4 27 0 0
27 11 0 2
11 50 0 1
50 8 0 0
8 26 0 0
26 1 0 1
1 30 0 1
30 28 0 2
28 44 0 0
44 31 0 0
31 0 0 0
1 7
0 47 1 2
47 35 1 2
35 9 1 1
9 16 1 2
16 46 1 2
46 10 1 1
10 0 1 0
2 11
0 49 2 0
49 23 2 2
23 43 2 2
43 32 2 0
32 33 2 0
33 48 2 1
48 20 2 0
20 21 2 1
21 18 2 2
18 45 2 1
45 0 2 0
3 11
0 42 3 3
42 36 3 5
36 50 3 3
50 19 3 5
19 6 3 3
6 15 3 5
15 38 3 3
38 37 3 3
37 29 3 3
29 40 3 3
40 0 3 0
4 6
0 22 4 4
22 36 4 4
36 12 4 4
12 24 4 4
24 45 4 3
45 0 4 0
5 10
0 42 5 4
42 2 5 4
2 47 5 3
47 5 5 5
5 17 5 5
17 48 5 5
48 38 5 4
38 37 5 5
37 40 5 5
40 0 5 0
6 7
0 34 6 4
34 49 6 5
49 39 6 3
39 3 6 4
3 13 6 4
13 41 6 3
41 0 6 0
7 5
0 25 7 5
25 7 7 5
7 46 7 3
46 14 7 4
14 0 7 0
8 4
0 43 8 5
43 39 8 4
39 44 8 5
44 0 8 0
9 2
0 41 9 5
41 0 9 0
