# Solution for ../instances-HHCRSP/InstanzCPLEX_HCSRP_50_9.txt
# Cost = 543.674 Dist = 1609.77 Tard = 13.0245 TMax = 8.22982
# <vehicle> <route length>
# <origin node> <dest node> <vehicle> <service type>
0 14
0 49 0 0
49 9 0 1
9 35 0 2
35 27 0 0
27 8 0 0
8 30 0 1
30 1 0 1
1 26 0 0
26 48 0 1
48 20 0 0
20 28 0 2
28 44 0 0
44 31 0 0
31 0 0 0
1 8
0 47 1 2
47 4 1 1
4 11 1 2
11 50 1 1
50 45 1 1
45 18 1 2
18 21 1 1
21 0 1 0
2 8
0 16 2 2
16 23 2 2
23 43 2 2
43 32 2 0
32 10 2 1
10 33 2 0
33 46 2 2
46 0 2 0
3 4
0 49 3 5
49 39 3 3
39 44 3 5
44 0 3 0
4 11
0 34 4 4
34 5 4 5
5 47 4 3
47 2 4 4
2 17 4 5
17 48 4 5
48 38 4 3
38 37 4 3
37 29 4 3
29 40 4 3
40 0 4 0
5 11
0 42 5 3
42 36 5 4
36 22 5 4
22 50 5 3
50 19 5 5
19 6 5 3
6 15 5 5
15 38 5 4
38 37 5 5
37 13 5 4
13 0 5 0
6 7
0 42 6 4
42 36 6 5
36 12 6 4
12 24 6 4
24 45 6 3
45 40 6 5
40 0 6 0
7 5
0 25 7 5
25 7 7 5
7 46 7 3
46 14 7 4
14 0 7 0
8 5
0 43 8 5
43 39 8 4
39 3 8 4
3 41 8 3
41 0 8 0
9 2
0 41 9 5
41 0 9 0
