# Solution for ../instances-HHCRSP/InstanzVNS_HCSRP_200_6.txt
# Cost = 1398.65 Dist = 4192.02 Tard = 2.53409 TMax = 1.39154
# <vehicle> <route length>
# <origin node> <dest node> <vehicle> <service type>
0 14
0 67 0 2
67 13 0 0
13 195 0 1
195 192 0 2
192 47 0 2
47 53 0 1
53 190 0 2
190 174 0 1
174 126 0 1
126 127 0 1
127 113 0 0
113 114 0 0
114 172 0 0
172 0 0 0
1 10
0 198 1 2
198 60 1 2
60 173 1 2
173 3 1 2
3 188 1 2
188 186 1 2
186 73 1 2
73 12 1 2
12 176 1 2
176 0 1 0
2 15
0 122 2 1
122 66 2 0
66 183 2 1
183 51 2 2
51 97 2 2
97 20 2 2
20 134 2 0
134 61 2 1
61 94 2 0
94 80 2 1
80 24 2 1
24 196 2 1
196 109 2 0
109 58 2 1
58 0 2 0
3 16
0 43 3 1
43 36 3 1
36 25 3 2
25 82 3 2
82 184 3 1
184 19 3 1
19 104 3 1
104 189 3 2
189 23 3 1
23 129 3 2
129 40 3 2
40 15 3 1
15 1 3 1
1 191 3 2
191 106 3 1
106 0 3 0
4 12
0 4 4 0
4 171 4 0
171 33 4 0
33 95 4 1
95 18 4 0
18 182 4 0
182 72 4 0
72 136 4 0
136 177 4 1
177 26 4 0
26 76 4 1
76 0 4 0
5 8
0 16 5 0
16 131 5 0
131 193 5 0
193 2 5 0
2 103 5 0
103 78 5 0
78 77 5 0
77 0 5 0
6 9
0 178 6 2
178 194 6 2
194 197 6 2
197 92 6 2
92 133 6 2
133 64 6 2
64 99 6 2
99 175 6 2
175 0 6 0
7 14
0 5 7 1
5 139 7 2
139 22 7 2
22 30 7 2
30 31 7 2
31 111 7 1
111 128 7 2
128 185 7 1
185 121 7 1
121 119 7 2
119 98 7 2
98 180 7 1
180 79 7 2
79 0 7 0
8 5
0 124 8 2
124 200 8 1
200 116 8 2
116 187 8 2
187 0 8 0
9 11
0 90 9 0
90 44 9 0
44 199 9 0
199 41 9 0
41 59 9 1
59 112 9 1
112 181 9 0
181 132 9 0
132 85 9 1
85 179 9 0
179 0 9 0
10 13
0 144 10 3
144 65 10 3
65 198 10 3
198 195 10 3
195 138 10 3
138 153 10 3
153 141 10 3
141 158 10 3
158 52 10 3
52 189 10 3
189 149 10 3
149 123 10 3
123 0 10 0
11 13
0 144 11 5
144 11 11 4
11 48 11 4
48 152 11 4
152 89 11 4
89 173 11 4
173 74 11 5
74 107 11 4
107 101 11 3
101 163 11 4
163 29 11 3
29 191 11 5
191 0 11 0
12 5
0 56 12 5
56 167 12 5
167 146 12 5
146 164 12 5
164 0 12 0
13 11
0 154 13 3
154 148 13 3
148 137 13 5
137 162 13 3
162 177 13 5
177 147 13 3
147 170 13 3
170 28 13 5
28 163 13 3
163 176 13 5
176 0 13 0
14 15
0 154 14 5
154 148 14 5
148 193 14 3
193 140 14 5
140 7 14 5
7 194 14 3
194 105 14 5
105 130 14 3
130 147 14 5
147 170 14 5
170 166 14 5
166 169 14 3
169 180 14 5
180 14 14 3
14 0 14 0
15 7
0 45 15 5
45 6 15 5
6 160 15 3
160 159 15 5
159 142 15 5
142 156 15 5
156 0 15 0
16 7
0 167 16 4
167 146 16 4
146 81 16 4
81 181 16 4
181 142 16 4
142 156 16 4
156 0 16 0
17 3
0 143 17 5
143 86 17 5
86 0 17 0
18 13
0 8 18 4
8 55 18 4
55 182 18 4
182 21 18 3
21 71 18 5
71 9 18 4
9 149 18 5
149 108 18 4
108 135 18 4
135 166 18 4
166 117 18 4
117 175 18 3
175 0 18 0
19 12
0 54 19 3
54 183 19 4
183 27 19 4
27 162 19 4
162 91 19 4
91 185 19 4
185 32 19 4
32 120 19 5
120 69 19 3
69 125 19 3
125 169 19 5
169 0 19 0
20 12
0 49 20 4
49 50 20 3
50 143 20 3
143 39 20 5
39 63 20 3
63 68 20 5
68 83 20 4
83 75 20 4
75 70 20 3
70 96 20 3
96 42 20 4
42 0 20 0
21 3
0 160 21 5
160 187 21 5
187 0 21 0
22 15
0 35 22 5
35 165 22 4
165 93 22 5
93 153 22 4
153 46 22 4
46 192 22 4
192 190 22 5
190 174 22 5
174 38 22 5
38 87 22 5
87 155 22 4
155 150 22 4
150 168 22 3
168 110 22 3
110 0 22 0
23 12
0 165 23 5
165 171 23 4
171 152 23 5
152 141 23 5
141 158 23 4
158 84 23 5
84 100 23 4
100 102 23 5
102 155 23 5
155 150 23 5
150 168 23 5
168 0 23 0
24 6
0 159 24 4
159 199 24 4
199 197 24 4
197 57 24 3
57 164 24 4
164 0 24 0
25 9
0 151 25 5
151 157 25 5
157 145 25 3
145 17 25 5
17 188 25 3
188 186 25 5
186 196 25 3
196 172 25 5
172 0 25 0
26 4
0 200 26 3
200 161 26 3
161 179 26 3
179 0 26 0
27 4
0 178 27 4
178 10 27 5
10 161 27 4
161 0 27 0
28 3
0 37 28 4
37 34 28 5
34 0 28 0
29 9
0 151 29 4
151 88 29 4
88 157 29 4
157 145 29 4
145 184 29 5
184 62 29 4
62 118 29 4
118 115 29 5
115 0 29 0
