# Solution for ../instances-HHCRSP/InstanzVNS_HCSRP_300_5.txt
# Cost = 1745.7 Dist = 5223.56 Tard = 8.06116 TMax = 5.48356
# <vehicle> <route length>
# <origin node> <dest node> <vehicle> <service type>
0 13
0 261 0 0
261 292 0 0
292 296 0 0
296 91 0 1
91 131 0 0
131 51 0 1
51 86 0 1
86 170 0 1
170 88 0 0
88 271 0 0
271 116 0 0
116 197 0 1
197 0 0 0
1 11
0 279 1 1
279 161 1 1
161 121 1 1
121 34 1 1
34 147 1 1
147 18 1 1
18 35 1 1
35 156 1 1
156 82 1 1
82 40 1 1
40 0 1 0
2 15
0 272 2 2
272 77 2 1
77 268 2 1
268 118 2 1
118 286 2 2
286 283 2 1
283 144 2 1
144 254 2 2
254 178 2 1
178 158 2 2
158 275 2 1
275 4 2 2
4 106 2 1
106 33 2 1
33 0 2 0
3 9
0 269 3 0
269 126 3 0
126 180 3 0
180 188 3 0
188 23 3 0
23 85 3 0
85 104 3 0
104 264 3 0
264 0 3 0
4 5
0 15 4 2
15 167 4 2
167 179 4 2
179 181 4 2
181 0 4 0
5 5
0 195 5 0
195 114 5 0
114 41 5 0
41 267 5 0
267 0 5 0
6 13
0 154 6 1
154 260 6 1
260 256 6 1
256 186 6 1
186 285 6 1
285 39 6 1
39 119 6 1
119 31 6 1
31 162 6 1
162 97 6 1
97 25 6 1
25 263 6 1
263 0 6 0
7 13
0 93 7 0
93 255 7 0
255 99 7 0
99 165 7 0
165 46 7 2
46 17 7 0
17 183 7 2
183 284 7 2
284 5 7 0
5 280 7 0
280 24 7 2
24 270 7 0
270 0 7 0
8 11
0 276 8 2
276 182 8 2
182 288 8 2
288 293 8 2
293 253 8 2
253 36 8 2
36 64 8 2
64 3 8 2
3 277 8 2
277 289 8 2
289 0 8 0
9 8
0 192 9 2
192 257 9 2
257 117 9 2
117 140 9 2
140 171 9 2
171 145 9 2
145 108 9 2
108 0 9 0
10 14
0 14 10 0
14 262 10 0
262 9 10 2
9 299 10 2
299 164 10 0
164 291 10 2
291 87 10 0
87 300 10 0
300 294 10 0
294 27 10 2
27 69 10 2
69 251 10 0
251 146 10 0
146 0 10 0
11 15
0 297 11 1
297 124 11 2
124 70 11 0
70 295 11 2
295 100 11 2
100 102 11 1
102 265 11 2
265 21 11 0
21 287 11 1
287 43 11 0
43 32 11 2
32 30 11 2
30 298 11 0
298 282 11 0
282 0 11 0
12 4
0 266 12 1
266 81 12 1
81 90 12 1
90 0 12 0
13 2
0 175 13 1
175 0 13 0
14 13
0 115 14 0
115 71 14 1
71 174 14 1
174 274 14 0
274 278 14 0
278 273 14 1
273 74 14 0
74 56 14 0
56 76 14 1
76 281 14 0
281 137 14 0
137 13 14 1
13 0 14 0
15 3
0 259 15 0
259 258 15 2
258 0 15 0
16 5
0 135 16 2
135 252 16 2
252 193 16 2
193 290 16 2
290 0 16 0
17 5
0 169 17 1
169 84 17 1
84 96 17 1
96 75 17 1
75 0 17 0
18 14
0 245 18 4
245 272 18 4
272 78 18 4
78 233 18 4
233 130 18 4
130 237 18 4
237 240 18 4
240 83 18 4
83 213 18 4
213 220 18 4
220 280 18 4
280 205 18 4
205 243 18 4
243 0 18 0
19 15
0 245 19 5
245 296 19 4
296 216 19 5
216 11 19 5
11 142 19 5
142 284 19 4
284 177 19 5
177 48 19 4
48 53 19 4
53 223 19 4
223 213 19 5
213 220 19 5
220 271 19 5
271 270 19 4
270 0 19 0
20 17
0 38 20 3
38 261 20 3
261 139 20 3
139 292 20 3
292 52 20 5
52 172 20 3
172 299 20 5
299 168 20 3
168 226 20 3
226 68 20 5
68 223 20 5
223 224 20 3
224 150 20 5
150 205 20 3
205 263 20 5
263 243 20 3
243 0 20 0
21 14
0 235 21 3
235 210 21 3
210 297 21 3
297 50 21 3
50 109 21 4
109 55 21 5
55 295 21 4
295 120 21 4
120 19 21 5
19 129 21 3
129 228 21 4
228 265 21 4
265 281 21 3
281 0 21 0
22 11
0 235 22 4
235 210 22 5
210 236 22 3
236 244 22 4
244 215 22 4
215 141 22 4
141 128 22 3
128 252 22 4
252 267 22 3
267 57 22 5
57 0 22 0
23 28
0 218 23 3
218 229 23 3
229 59 23 3
59 260 23 4
260 163 23 3
163 241 23 3
241 268 23 3
268 233 23 5
233 217 23 3
217 125 23 4
125 63 23 3
63 212 23 4
212 157 23 5
157 283 23 3
283 249 23 3
249 230 23 3
230 112 23 5
112 113 23 3
113 7 23 4
7 254 23 3
254 225 23 3
225 208 23 3
208 232 23 3
232 105 23 4
105 148 23 4
148 234 23 3
234 136 23 5
136 0 23 0
24 20
0 218 24 5
218 229 24 5
229 45 24 3
45 262 24 3
262 241 24 5
241 80 24 5
80 217 24 5
217 286 24 5
286 149 24 4
149 212 24 5
212 103 24 4
103 249 24 5
249 230 24 4
230 151 24 3
151 225 24 4
225 208 24 4
208 232 24 4
232 173 24 3
173 176 24 5
176 0 24 0
25 11
0 269 25 4
269 279 25 5
279 166 25 3
166 222 25 3
222 264 25 5
264 1 25 5
1 207 25 3
207 101 25 5
101 231 25 3
231 258 25 4
258 0 25 0
26 19
0 219 26 3
219 153 26 4
153 255 26 5
255 216 26 3
216 200 26 4
200 72 26 4
72 185 26 3
185 127 26 5
127 67 26 3
67 226 26 5
226 47 26 4
47 294 26 5
294 224 26 4
224 214 26 3
214 242 26 3
242 221 26 3
221 189 26 5
189 107 26 5
107 0 26 0
27 18
0 219 27 4
219 122 27 4
122 184 27 3
184 256 27 5
256 10 27 3
10 2 27 4
2 66 27 3
66 291 27 4
291 155 27 3
155 285 27 3
285 300 27 3
300 92 27 3
92 251 27 5
251 123 27 4
123 26 27 4
26 275 27 4
275 159 27 4
159 0 27 0
28 12
0 98 28 3
98 202 28 3
202 54 28 5
54 209 28 5
209 28 28 3
28 12 28 3
12 274 28 5
274 278 28 5
278 273 28 5
273 187 28 3
187 201 28 3
201 0 28 0
29 15
0 276 29 4
276 160 29 5
160 239 29 3
239 199 29 4
199 6 29 5
6 133 29 3
133 250 29 3
250 62 29 3
62 206 29 3
206 227 29 4
227 204 29 3
204 277 29 3
277 37 29 4
37 289 29 4
289 0 29 0
30 7
0 248 30 3
248 138 30 5
138 236 30 5
236 244 30 3
244 215 30 3
215 110 30 5
110 0 30 0
31 18
0 248 31 5
248 239 31 4
239 49 31 5
49 29 31 3
29 22 31 5
22 237 31 5
237 240 31 5
240 250 31 5
250 206 31 4
206 227 31 5
227 204 31 5
204 134 31 3
134 89 31 3
89 61 31 5
61 214 31 4
214 242 31 5
242 221 31 4
221 0 31 0
32 3
0 202 32 4
202 207 32 5
207 0 32 0
33 4
0 266 33 4
266 259 33 5
259 231 33 4
231 0 33 0
34 8
0 196 34 3
196 60 34 5
60 198 34 5
198 209 34 4
209 257 34 4
257 222 34 5
222 234 34 5
234 0 34 0
35 14
0 16 35 4
16 42 35 5
42 293 35 5
293 253 35 3
253 94 35 3
94 194 35 4
194 228 35 5
228 238 35 4
238 287 35 5
287 211 35 3
211 203 35 3
203 44 35 3
44 73 35 4
73 0 35 0
36 1
0 0 36 0
37 12
0 111 37 4
111 288 37 3
288 152 37 5
152 65 37 4
65 132 37 4
132 238 37 5
238 191 37 3
191 211 37 5
211 203 37 5
203 298 37 3
298 282 37 5
282 0 37 0
38 10
0 58 38 4
58 143 38 3
143 246 38 4
246 20 38 3
20 8 38 5
8 247 38 4
247 190 38 4
190 95 38 4
95 201 38 5
201 0 38 0
39 5
0 246 39 5
246 247 39 5
247 79 39 3
79 290 39 5
290 0 39 0
