# Solution for ../instances-HHCRSP/InstanzVNS_HCSRP_200_4.txt
# Cost = 1147.71 Dist = 3438.94 Tard = 2.8035 TMax = 1.40175
# <vehicle> <route length>
# <origin node> <dest node> <vehicle> <service type>
0 15
0 191 0 2
191 196 0 2
196 194 0 2
194 88 0 2
88 128 0 2
128 62 0 0
62 171 0 0
171 41 0 0
41 192 0 2
192 200 0 2
200 56 0 2
56 121 0 0
121 64 0 0
64 11 0 2
11 0 0 0
1 19
0 13 1 2
13 183 1 2
183 177 1 1
177 190 1 0
190 198 1 2
198 20 1 0
20 54 1 0
54 176 1 2
176 173 1 1
173 76 1 2
76 87 1 2
87 181 1 0
181 184 1 0
184 10 1 1
10 132 1 1
132 112 1 2
112 9 1 0
9 95 1 1
95 0 1 0
2 10
0 50 2 0
50 69 2 0
69 77 2 1
77 44 2 0
44 187 2 1
187 137 2 1
137 182 2 0
182 63 2 0
63 120 2 0
120 0 2 0
3 14
0 39 3 0
39 16 3 0
16 92 3 1
92 113 3 2
113 98 3 2
98 127 3 0
127 185 3 2
185 140 3 1
140 188 3 2
188 102 3 0
102 100 3 0
100 18 3 0
18 65 3 1
65 0 3 0
4 13
0 51 4 2
51 94 4 1
94 33 4 0
33 14 4 2
14 130 4 0
130 7 4 1
7 108 4 0
108 24 4 1
24 135 4 1
135 99 4 1
99 81 4 1
81 195 4 2
195 0 4 0
5 7
0 106 5 2
106 189 5 2
189 175 5 2
175 199 5 2
199 12 5 2
12 34 5 2
34 0 5 0
6 12
0 105 6 0
105 174 6 0
174 179 6 2
179 1 6 2
1 197 6 2
197 123 6 2
123 85 6 0
85 72 6 2
72 125 6 2
125 178 6 0
178 89 6 2
89 0 6 0
7 10
0 55 7 1
55 71 7 1
71 90 7 1
90 139 7 1
139 40 7 1
40 25 7 1
25 36 7 1
36 17 7 1
17 111 7 1
111 0 7 0
8 9
0 122 8 2
122 15 8 2
15 186 8 2
186 180 8 2
180 84 8 2
84 86 8 2
86 172 8 1
172 109 8 1
109 0 8 0
9 3
0 47 9 2
47 193 9 2
193 0 9 0
10 12
0 191 10 3
191 114 10 5
114 143 10 3
143 83 10 5
83 117 10 3
117 156 10 5
156 68 10 3
68 150 10 3
150 78 10 3
78 118 10 3
118 159 10 5
159 0 10 0
11 15
0 163 11 3
163 49 11 4
49 183 11 3
183 177 11 5
177 190 11 4
190 198 11 5
198 196 11 5
196 134 11 3
134 147 11 3
147 169 11 3
169 178 11 5
178 165 11 4
165 167 11 3
167 136 11 3
136 0 11 0
12 18
0 163 12 5
163 32 12 3
32 74 12 5
74 23 12 4
23 143 12 4
143 194 12 4
194 119 12 3
119 73 12 3
73 158 12 4
158 156 12 4
156 171 12 4
171 104 12 4
104 192 12 5
192 200 12 4
200 96 12 3
96 129 12 5
129 142 12 3
142 0 12 0
13 11
0 157 13 4
157 52 13 5
52 19 13 4
19 153 13 3
153 43 13 5
43 46 13 4
46 185 13 5
185 101 13 4
101 154 13 3
154 79 13 4
79 0 13 0
14 12
0 157 14 5
157 126 14 4
126 116 14 3
116 147 14 4
147 181 14 5
181 107 14 3
107 4 14 4
4 184 14 3
184 26 14 3
26 37 14 4
37 154 14 4
154 0 14 0
15 12
0 38 15 5
38 166 15 3
166 27 15 3
27 59 15 4
59 149 15 5
149 148 15 5
148 162 15 5
162 29 15 5
29 146 15 5
146 172 15 3
172 138 15 4
138 0 15 0
16 6
0 166 16 4
166 186 16 5
186 180 16 4
180 187 16 4
187 141 16 3
141 0 16 0
17 13
0 160 17 4
160 145 17 4
145 170 17 5
170 97 17 4
97 164 17 5
164 152 17 4
152 176 17 4
176 173 17 5
173 70 17 5
70 124 17 5
124 199 17 4
199 167 17 5
167 0 17 0
18 10
0 160 18 5
160 145 18 3
145 170 18 3
170 164 18 3
164 152 18 3
152 155 18 3
155 80 18 5
80 8 18 4
8 2 18 4
2 0 18 0
19 8
0 168 19 4
168 28 19 3
28 189 19 3
189 151 19 4
151 175 19 3
175 91 19 5
91 67 19 3
67 0 19 0
20 5
0 168 20 5
168 133 20 3
133 151 20 5
151 22 20 5
22 0 20 0
21 11
0 66 21 3
66 174 21 3
174 179 21 4
179 45 21 3
45 197 21 5
197 60 21 4
60 31 21 4
31 169 21 4
169 165 21 5
165 57 21 4
57 0 21 0
22 9
0 6 22 3
6 158 22 5
158 110 22 5
110 150 22 4
150 35 22 3
35 61 22 4
61 3 22 3
3 142 22 4
142 0 22 0
23 9
0 144 23 3
144 131 23 4
131 58 23 3
58 149 23 3
149 148 23 3
148 162 23 4
162 146 23 3
146 182 23 3
182 0 23 0
24 12
0 144 24 5
144 48 24 5
48 82 24 3
82 30 24 5
30 42 24 4
42 155 24 5
155 153 24 5
153 5 24 3
5 21 24 5
21 188 24 3
188 53 24 5
53 0 24 0
25 5
0 161 25 5
161 103 25 4
103 93 25 4
93 159 25 4
159 0 25 0
26 3
0 161 26 3
161 195 26 3
195 0 26 0
27 2
0 193 27 5
193 0 27 0
28 4
0 115 28 4
115 75 28 3
75 141 28 4
141 0 28 0
29 1
0 0 29 0
