# Solution for ../instances-HHCRSP/InstanzCPLEX_HCSRP_25_3.txt
# Cost = 402.797 Dist = 914.893 Tard = 212.594 TMax = 80.9043
# <vehicle> <route length>
# <origin node> <dest node> <vehicle> <service type>
0 5
0 6 0 0
6 17 0 0
17 5 0 0
5 3 0 0
3 0 0 0
1 10
0 23 1 2
23 9 1 1
9 22 1 2
22 4 1 1
4 24 1 2
24 10 1 1
10 1 1 2
1 2 1 2
2 25 1 0
25 0 1 0
2 11
0 15 2 3
15 20 2 4
20 7 2 3
7 22 2 5
22 13 2 5
13 18 2 3
18 19 2 3
19 8 2 4
8 12 2 4
12 11 2 3
11 0 2 0
3 6
0 23 3 5
23 16 3 4
16 24 3 3
24 21 3 4
21 25 3 5
25 0 3 0
4 6
0 20 4 5
20 18 4 4
18 19 4 4
19 14 4 4
14 21 4 5
21 0 4 0
