# Solution for ../instances-HHCRSP/InstanzCPLEX_HCSRP_75_6.txt
# Cost = 736.95 Dist = 2196.37 Tard = 10.8013 TMax = 3.68169
# <vehicle> <route length>
# <origin node> <dest node> <vehicle> <service type>
0 14
0 67 0 1
67 65 0 1
65 4 0 0
4 13 0 0
13 74 0 0
74 33 0 0
33 19 0 1
19 15 0 1
15 23 0 1
23 12 0 2
12 24 0 1
24 73 0 1
73 1 0 1
1 0 0 0
1 7
0 30 1 2
30 66 1 2
66 20 1 2
20 3 1 2
3 47 1 2
47 40 1 2
40 0 1 0
2 10
0 16 2 0
16 25 2 2
25 51 2 2
51 18 2 0
18 2 2 0
2 44 2 0
44 41 2 0
41 68 2 2
68 70 2 0
70 0 2 0
3 2
0 22 3 2
22 0 3 0
4 11
0 5 4 1
5 36 4 1
36 43 4 1
43 31 4 2
31 64 4 1
64 26 4 0
26 72 4 2
72 71 4 0
71 69 4 2
69 75 4 1
75 0 4 0
5 7
0 35 5 5
35 67 5 3
67 62 5 5
62 66 5 3
66 17 5 5
17 58 5 3
58 0 5 0
6 8
0 56 6 4
56 45 6 5
45 39 6 5
39 6 6 5
6 63 6 5
63 59 6 5
59 68 6 5
68 0 6 0
7 3
0 56 7 5
56 75 7 4
75 0 7 0
8 10
0 60 8 4
60 65 8 5
65 27 8 4
27 55 8 3
55 52 8 3
52 46 8 4
46 53 8 3
53 61 8 4
61 73 8 4
73 0 8 0
9 11
0 60 9 5
60 48 9 4
48 11 9 4
11 74 9 3
74 53 9 4
53 61 9 5
61 38 9 5
38 29 9 3
29 28 9 5
28 58 9 5
58 0 9 0
10 10
0 62 10 4
62 8 10 4
8 55 10 4
55 9 10 4
9 21 10 3
21 72 10 4
72 71 10 4
71 69 10 4
69 14 10 3
14 0 10 0
11 7
0 54 11 4
54 50 11 3
50 63 11 4
63 59 11 4
59 57 11 3
57 42 11 4
42 0 11 0
12 6
0 54 12 5
54 7 12 5
7 32 12 4
32 64 12 3
64 10 12 5
10 0 12 0
13 6
0 49 13 4
49 37 13 4
37 34 13 5
34 57 13 5
57 70 13 5
70 0 13 0
14 1
0 0 14 0
