# Solution for ../instances-HHCRSP/InstanzVNS_HCSRP_200_1.txt
# Cost = 1425.48 Dist = 4273.28 Tard = 1.57831 TMax = 1.57831
# <vehicle> <route length>
# <origin node> <dest node> <vehicle> <service type>
0 12
0 18 0 0
18 61 0 0
61 174 0 0
174 183 0 0
183 19 0 0
19 199 0 0
199 195 0 0
195 185 0 0
185 197 0 0
197 107 0 0
107 46 0 0
46 0 0 0
1 16
0 81 1 2
81 182 1 2
182 17 1 2
17 123 1 2
123 186 1 2
186 178 1 2
178 193 1 2
193 194 1 2
194 137 1 2
137 5 1 2
5 59 1 2
59 57 1 2
57 131 1 2
131 40 1 2
40 133 1 2
133 0 1 0
2 8
0 134 2 1
134 177 2 1
177 98 2 1
98 12 2 1
12 56 2 1
56 41 2 1
41 110 2 1
110 0 2 0
3 7
0 42 3 2
42 70 3 2
70 67 3 2
67 173 3 2
173 21 3 2
21 22 3 2
22 0 3 0
4 8
0 180 4 1
180 176 4 1
176 78 4 1
78 128 4 1
128 111 4 1
111 58 4 1
58 89 4 1
89 0 4 0
5 6
0 43 5 1
43 31 5 1
31 13 5 1
13 73 5 1
73 192 5 1
192 0 5 0
6 13
0 181 6 2
181 190 6 1
190 172 6 1
172 60 6 2
60 62 6 1
62 71 6 1
71 188 6 2
188 184 6 2
184 53 6 2
53 30 6 2
30 200 6 2
200 99 6 2
99 0 6 0
7 16
0 33 7 0
33 198 7 2
198 175 7 0
175 15 7 0
15 90 7 0
90 3 7 1
3 187 7 0
187 93 7 2
93 103 7 0
103 106 7 0
106 66 7 0
66 191 7 2
191 25 7 2
25 7 7 2
7 55 7 0
55 0 7 0
8 12
0 47 8 0
47 120 8 1
120 125 8 0
125 104 8 1
104 48 8 0
48 77 8 0
77 97 8 1
97 179 8 0
179 11 8 1
11 171 8 1
171 196 8 0
196 0 8 0
9 12
0 139 9 0
139 189 9 0
189 82 9 0
82 101 9 0
101 84 9 0
84 100 9 0
100 105 9 0
105 129 9 2
129 38 9 0
38 92 9 0
92 75 9 0
75 0 9 0
10 18
0 154 10 3
154 159 10 3
159 140 10 4
140 160 10 4
160 6 10 4
6 142 10 4
142 54 10 3
54 16 10 4
16 39 10 3
39 94 10 4
94 165 10 4
165 126 10 4
126 184 10 5
184 153 10 3
153 171 10 5
171 196 10 5
196 156 10 3
156 0 10 0
11 7
0 149 11 3
149 115 11 3
115 168 11 3
168 44 11 3
44 152 11 3
152 163 11 3
163 0 11 0
12 7
0 154 12 5
154 159 12 5
159 160 12 5
160 142 12 3
142 165 12 5
165 200 12 3
200 0 12 0
13 17
0 180 13 4
180 149 13 5
149 166 13 3
166 186 13 4
186 178 13 5
178 2 13 4
2 193 13 5
193 194 13 3
194 1 13 3
1 132 13 3
132 199 13 4
199 35 13 5
35 72 13 4
72 185 13 4
185 197 13 5
197 143 13 5
143 0 13 0
14 9
0 182 14 4
182 166 14 4
166 146 14 4
146 68 14 4
68 162 14 4
162 34 14 4
34 157 14 4
157 141 14 4
141 0 14 0
15 8
0 8 15 4
8 151 15 3
151 161 15 4
161 155 15 4
155 32 15 4
32 74 15 4
74 143 15 4
143 0 15 0
16 14
0 198 16 5
198 24 16 5
24 175 16 5
175 170 16 4
170 102 16 4
102 169 16 4
169 23 16 4
23 144 16 4
144 112 16 4
112 187 16 4
187 147 16 4
147 116 16 4
116 80 16 5
80 0 16 0
17 16
0 177 17 5
177 189 17 3
189 85 17 3
85 109 17 3
109 26 17 5
26 146 17 5
146 130 17 5
130 162 17 3
162 176 17 3
176 168 17 5
168 183 17 4
183 124 17 4
124 4 17 3
4 152 17 5
152 163 17 4
163 0 17 0
18 5
0 95 18 5
95 122 18 5
122 87 18 5
87 150 18 3
150 0 18 0
19 15
0 127 19 3
127 45 19 3
45 138 19 3
138 170 19 5
170 169 19 3
169 79 19 3
79 135 19 3
135 179 19 3
179 188 19 3
188 69 19 5
69 36 19 3
36 167 19 3
167 29 19 3
29 158 19 3
158 0 19 0
20 17
0 181 20 4
181 190 20 5
190 20 20 5
20 172 20 4
172 37 20 3
37 65 20 4
65 136 20 4
136 63 20 4
63 119 20 4
119 114 20 5
114 145 20 4
145 64 20 3
64 76 20 3
76 153 20 5
153 167 20 5
167 158 20 5
158 0 20 0
21 7
0 88 21 5
88 174 21 3
174 157 21 5
157 141 21 5
141 28 21 5
28 164 21 3
164 0 21 0
22 7
0 151 22 4
151 83 22 5
83 52 22 3
52 161 22 5
161 155 22 5
155 51 22 4
51 0 22 0
23 9
0 50 23 5
50 117 23 5
117 27 23 4
27 118 23 5
118 145 23 5
145 113 23 5
113 191 23 3
191 164 23 4
164 0 23 0
24 11
0 148 24 3
148 14 24 3
14 91 24 3
91 86 24 5
86 49 24 4
49 144 24 5
144 195 24 4
195 147 24 5
147 96 24 5
96 156 24 4
156 0 24 0
25 5
0 148 25 4
148 10 25 4
10 121 25 4
121 192 25 3
192 0 25 0
26 4
0 9 26 4
9 150 26 5
150 173 26 4
173 0 26 0
27 2
0 108 27 3
108 0 27 0
28 1
0 0 28 0
29 1
0 0 29 0
