# Solution for ../instances-HHCRSP/InstanzCPLEX_HCSRP_75_9.txt
# Cost = 719.748 Dist = 2159.24 Tard = 0 TMax = 0
# <vehicle> <route length>
# <origin node> <dest node> <vehicle> <service type>
0 8
0 4 0 1
4 50 0 1
50 67 0 0
67 8 0 0
8 70 0 1
70 30 0 1
30 20 0 0
20 0 0 0
1 5
0 64 1 1
64 66 1 1
66 71 1 1
71 10 1 1
10 0 1 0
2 10
0 16 2 2
16 47 2 2
47 35 2 2
35 9 2 1
9 1 2 1
1 33 2 0
33 26 2 0
26 69 2 2
69 28 2 2
28 0 2 0
3 12
0 42 3 2
42 36 3 2
36 11 3 2
11 27 3 0
27 68 3 2
68 75 3 2
75 72 3 1
72 21 3 1
21 18 3 2
18 45 3 2
45 74 3 1
74 0 3 0
4 8
0 73 4 2
73 43 4 0
43 32 4 0
32 23 4 2
23 31 4 0
31 65 4 2
65 44 4 2
44 0 4 0
5 8
0 64 5 4
64 56 5 4
56 67 5 4
67 63 5 5
63 58 5 5
58 61 5 4
61 55 5 5
55 0 5 0
6 8
0 56 6 5
56 63 6 3
63 58 6 3
58 38 6 3
38 29 6 3
29 40 6 5
40 57 6 3
57 0 6 0
7 4
0 73 7 4
73 14 7 4
14 53 7 4
53 0 7 0
8 8
0 54 8 4
54 34 8 4
34 66 8 3
66 17 8 5
17 48 8 5
48 61 8 5
61 55 8 3
55 0 8 0
9 10
0 54 9 5
54 49 9 5
49 2 9 4
2 5 9 5
5 6 9 3
6 68 9 4
68 70 9 4
70 62 9 3
62 24 9 4
24 0 9 0
10 3
0 25 10 5
25 60 10 3
60 0 10 0
11 14
0 52 11 4
52 22 11 4
22 19 11 5
19 12 11 4
12 75 11 5
75 72 11 3
72 62 11 4
62 15 11 5
15 37 11 5
37 69 11 4
69 57 11 5
57 51 11 4
51 74 11 3
74 0 11 0
12 5
0 59 12 3
59 39 12 3
39 46 12 5
46 53 12 3
53 0 12 0
13 7
0 59 13 4
59 71 13 5
71 41 13 4
41 3 13 4
3 13 13 4
13 65 13 4
65 0 13 0
14 3
0 7 14 5
7 60 14 5
60 0 14 0
