# Solution for ../instances-HHCRSP/InstanzVNS_HCSRP_300_9.txt
# Cost = 1978.02 Dist = 5858.89 Tard = 46.1359 TMax = 29.0245
# <vehicle> <route length>
# <origin node> <dest node> <vehicle> <service type>
0 14
0 50 0 1
50 161 0 1
161 287 0 0
287 4 0 1
4 281 0 1
281 255 0 1
255 264 0 0
264 286 0 0
286 83 0 0
83 8 0 0
8 86 0 1
86 137 0 1
137 267 0 0
267 0 0 0
1 13
0 101 1 1
101 98 1 1
98 97 1 1
97 142 1 1
142 294 1 1
294 252 1 1
252 122 1 1
122 85 1 1
85 292 1 1
292 254 1 1
254 105 1 1
105 293 1 1
293 0 1 0
2 10
0 298 2 0
298 275 2 0
275 295 2 0
295 33 2 0
33 184 2 0
184 140 2 0
140 251 2 0
251 55 2 0
55 174 2 0
174 0 2 0
3 7
0 82 3 1
82 268 3 0
268 274 3 1
274 194 3 0
194 96 3 1
96 31 3 0
31 0 3 0
4 7
0 71 4 0
71 73 4 0
73 32 4 0
32 284 4 0
284 151 4 0
151 53 4 0
53 0 4 0
5 16
0 272 5 2
272 35 5 2
35 150 5 2
150 262 5 2
262 166 5 0
166 95 5 2
95 77 5 2
77 158 5 2
158 144 5 0
144 279 5 2
279 20 5 0
20 28 5 2
28 169 5 2
169 278 5 0
278 183 5 0
183 0 5 0
6 10
0 81 6 0
81 147 6 0
147 162 6 0
162 299 6 0
299 123 6 0
123 90 6 0
90 26 6 0
26 61 6 0
61 141 6 0
141 0 6 0
7 4
0 289 7 1
289 273 7 0
273 43 7 0
43 0 7 0
8 1
0 0 8 0
9 16
0 42 9 2
42 16 9 2
16 269 9 1
269 47 9 2
47 58 9 2
58 1 9 1
1 186 9 2
186 265 9 1
265 127 9 2
127 125 9 1
125 148 9 1
148 111 9 2
111 74 9 1
74 138 9 1
138 57 9 2
57 0 9 0
10 9
0 116 10 2
116 89 10 1
89 288 10 2
288 87 10 2
87 30 10 1
30 188 10 2
188 152 10 1
152 260 10 2
260 0 10 0
11 13
0 59 11 2
59 54 11 1
54 64 11 2
64 277 11 1
277 180 11 1
180 266 11 2
266 143 11 1
143 271 11 2
271 135 11 1
135 253 11 2
253 60 11 2
60 93 11 2
93 0 11 0
12 1
0 0 12 0
13 10
0 117 13 1
117 177 13 0
177 9 13 1
9 195 13 0
195 80 13 0
80 134 13 1
134 78 13 1
78 21 13 1
21 176 13 0
176 0 13 0
14 18
0 280 14 2
280 36 14 2
36 178 14 2
178 297 14 0
297 79 14 0
79 27 14 0
27 56 14 0
56 124 14 2
124 283 14 0
283 257 14 0
257 182 14 2
182 187 14 0
187 69 14 0
69 259 14 2
259 291 14 0
291 258 14 0
258 261 14 0
261 0 14 0
15 13
0 146 15 2
146 11 15 2
11 84 15 2
84 139 15 2
139 300 15 2
300 18 15 2
18 193 15 2
193 72 15 2
72 191 15 2
191 45 15 2
45 276 15 2
276 112 15 2
112 0 15 0
16 8
0 185 16 2
185 23 16 2
23 197 16 2
197 270 16 2
270 296 16 2
296 285 16 2
285 290 16 2
290 0 16 0
17 9
0 282 17 2
282 263 17 1
263 10 17 1
10 126 17 2
126 256 17 2
256 44 17 2
44 172 17 1
172 157 17 2
157 0 17 0
18 10
0 238 18 3
238 128 18 5
128 109 18 3
109 294 18 3
294 211 18 3
211 163 18 4
163 265 18 3
265 13 18 4
13 296 18 4
296 0 18 0
19 9
0 238 19 4
238 289 19 5
289 273 19 3
273 202 19 4
202 204 19 3
204 41 19 4
41 256 19 3
256 250 19 3
250 0 19 0
20 17
0 107 20 5
107 216 20 3
216 113 20 3
113 226 20 3
226 6 20 3
6 229 20 3
229 225 20 3
225 283 20 4
283 232 20 3
232 257 20 3
257 190 20 4
190 38 20 3
38 291 20 5
291 258 20 4
258 118 20 3
118 261 20 5
261 0 20 0
21 14
0 216 21 5
216 226 21 5
226 248 21 5
248 205 21 3
205 76 21 3
76 209 21 3
209 37 21 5
37 230 21 3
230 235 21 3
235 233 21 3
233 247 21 3
247 237 21 3
237 40 21 5
40 0 21 0
22 13
0 227 22 4
227 242 22 4
242 231 22 5
231 22 22 4
22 281 22 4
281 221 22 4
221 201 22 4
201 286 22 5
286 88 22 4
88 131 22 5
131 213 22 5
213 260 22 4
260 0 22 0
23 16
0 227 23 5
227 242 23 5
242 231 23 3
231 155 23 4
155 168 23 3
168 297 23 3
297 75 23 5
75 132 23 3
132 300 23 5
300 175 23 3
175 259 23 4
259 15 23 5
15 233 23 4
233 247 23 5
247 237 23 5
237 0 23 0
24 8
0 243 24 5
243 234 24 3
234 100 24 5
100 165 24 5
165 263 24 3
263 7 24 5
7 219 24 3
219 0 24 0
25 15
0 243 25 4
243 234 25 4
234 217 25 4
217 298 25 5
298 99 25 4
99 120 25 4
120 25 25 5
25 224 25 3
224 284 25 5
284 218 25 3
218 266 25 3
266 244 25 3
244 240 25 4
240 241 25 3
241 0 25 0
26 12
0 272 26 5
272 104 26 4
104 287 26 5
287 106 26 3
106 19 26 5
19 229 26 5
229 225 26 4
225 232 26 4
232 230 26 5
230 235 26 4
235 51 26 4
51 0 26 0
27 12
0 217 27 5
217 154 27 5
154 275 27 3
275 206 27 5
206 295 27 3
295 48 27 5
48 211 27 5
211 252 27 5
252 251 27 5
251 102 27 3
102 293 27 5
293 0 27 0
28 20
0 49 28 5
49 239 28 4
239 179 28 5
179 223 28 3
223 262 28 5
262 210 28 3
210 67 28 5
67 63 28 4
63 173 28 4
173 299 28 3
299 208 28 4
208 220 28 4
220 29 28 3
29 254 28 3
254 249 28 4
249 65 28 5
65 171 28 5
171 278 28 4
278 159 28 5
159 0 28 0
29 15
0 239 29 5
239 223 29 5
223 68 29 4
68 210 29 4
210 196 29 5
196 119 29 3
119 201 29 3
201 200 29 3
200 160 29 4
160 24 29 4
24 212 29 4
212 245 29 3
245 92 29 4
92 276 29 3
276 0 29 0
30 11
0 170 30 3
170 2 30 4
2 130 30 4
130 206 30 4
206 248 30 4
248 205 30 4
205 115 30 3
115 209 30 4
209 279 30 4
279 236 30 3
236 0 30 0
31 16
0 156 31 3
156 34 31 4
34 39 31 3
39 91 31 3
91 189 31 3
189 277 31 3
277 3 31 4
3 199 31 3
199 215 31 3
215 181 31 3
181 153 31 5
153 270 31 3
270 253 31 3
253 14 31 4
14 219 31 5
219 0 31 0
32 11
0 268 32 4
268 274 32 5
274 228 32 3
228 203 32 3
203 103 32 5
103 121 32 4
121 46 32 5
46 285 32 3
285 94 32 4
94 290 32 3
290 0 32 0
33 4
0 246 33 5
246 222 33 3
222 207 33 3
207 0 33 0
34 12
0 164 34 4
164 269 34 3
269 66 34 3
66 288 34 5
288 5 34 5
5 110 34 3
110 129 34 5
129 208 34 5
208 220 34 5
220 213 34 3
213 136 34 3
136 0 34 0
35 7
0 246 35 4
246 282 35 4
282 222 35 5
222 114 35 4
114 149 35 4
149 207 35 4
207 0 35 0
36 14
0 52 36 4
52 192 36 3
192 280 36 4
280 255 36 5
255 264 36 4
264 12 36 4
12 221 36 3
221 62 36 3
62 70 36 5
70 212 36 5
212 245 36 4
245 267 36 5
267 167 36 4
167 0 36 0
37 11
0 214 37 3
214 133 37 3
133 224 37 5
224 218 37 5
218 215 37 5
215 198 37 5
198 271 37 5
271 244 37 5
244 240 37 5
240 241 37 5
241 0 37 0
38 9
0 214 38 5
214 145 38 4
145 228 38 5
228 203 38 4
203 17 38 5
17 292 38 5
292 249 38 5
249 236 38 4
236 0 38 0
39 5
0 202 39 5
202 204 39 5
204 108 39 5
108 250 39 5
250 0 39 0
