# Solution for ../instances-HHCRSP/InstanzVNS_HCSRP_300_9.txt
# Cost = 1942.21 Dist = 5804.62 Tard = 17.0052 TMax = 5.00372
# <vehicle> <route length>
# <origin node> <dest node> <vehicle> <service type>
0 10
0 4 0 1
4 147 0 0
147 161 0 1
161 50 0 1
50 56 0 0
56 8 0 0
8 83 0 0
83 21 0 1
21 176 0 0
176 0 0 0
1 4
0 97 1 1
97 101 1 1
101 142 1 1
142 0 1 0
2 14
0 268 2 0
268 81 2 0
81 287 2 0
287 162 2 0
162 166 2 0
166 264 2 0
264 286 2 0
286 299 2 0
299 144 2 0
144 26 2 0
26 61 2 0
61 141 2 0
141 31 2 0
31 0 2 0
3 14
0 73 3 0
73 117 3 1
117 54 3 1
54 98 3 1
98 143 3 1
143 180 3 1
180 277 3 1
277 265 3 1
265 33 3 0
33 252 3 1
252 184 3 0
184 125 3 1
125 261 3 0
261 0 3 0
4 7
0 71 4 0
71 298 4 0
298 284 4 0
284 151 4 0
151 53 4 0
53 140 4 0
140 0 4 0
5 18
0 64 5 2
64 275 5 0
275 177 5 0
177 47 5 2
47 124 5 2
124 283 5 0
283 84 5 2
84 195 5 0
195 257 5 0
257 182 5 2
182 187 5 0
187 69 5 0
69 291 5 0
291 258 5 0
258 127 5 2
127 296 5 2
296 251 5 0
251 0 5 0
6 4
0 273 6 0
273 43 6 0
43 32 6 0
32 0 6 0
7 15
0 274 7 1
274 294 7 1
294 295 7 0
295 123 7 0
123 80 7 0
80 30 7 1
30 90 7 0
90 254 7 1
254 20 7 0
20 105 7 1
105 292 7 1
292 278 7 0
278 183 7 0
183 172 7 1
172 0 7 0
8 1
0 0 8 0
9 15
0 280 9 2
280 36 9 2
36 281 9 1
281 11 9 2
11 255 9 1
255 139 9 2
139 77 9 2
77 72 9 2
72 86 9 1
86 193 9 2
193 137 9 1
137 18 9 2
18 191 9 2
191 260 9 2
260 0 9 0
10 13
0 35 10 2
35 262 10 2
262 146 10 2
146 95 10 2
95 150 10 2
150 158 10 2
158 134 10 1
134 78 10 1
78 57 10 2
57 152 10 1
152 188 10 2
188 169 10 2
169 0 10 0
11 14
0 42 11 2
42 269 11 1
269 89 11 1
89 272 11 2
272 9 11 1
9 58 11 2
58 1 11 1
1 186 11 2
186 148 11 1
148 111 11 2
111 259 11 2
259 74 11 1
74 138 11 1
138 0 11 0
12 1
0 0 12 0
13 10
0 289 13 1
289 82 13 1
82 96 13 1
96 194 13 0
194 85 13 1
85 122 13 1
122 293 13 1
293 55 13 0
55 174 13 0
174 0 13 0
14 11
0 116 14 2
116 297 14 0
297 27 14 0
27 178 14 2
178 79 14 0
79 300 14 2
300 267 14 0
267 276 14 2
276 45 14 2
45 112 14 2
112 0 14 0
15 9
0 16 15 2
16 288 15 2
288 87 15 2
87 279 15 2
279 28 15 2
28 44 15 2
44 256 15 2
256 157 15 2
157 0 15 0
16 11
0 185 16 2
185 59 16 2
59 23 16 2
23 197 16 2
197 270 16 2
270 285 16 2
285 290 16 2
290 126 16 2
126 60 16 2
60 93 16 2
93 0 16 0
17 8
0 282 17 2
282 263 17 1
263 10 17 1
10 266 17 2
266 271 17 2
271 135 17 1
135 253 17 2
253 0 17 0
18 18
0 227 18 4
227 242 18 4
242 231 18 3
231 22 18 4
22 132 18 3
132 155 18 4
155 168 18 3
168 19 18 5
19 75 18 5
75 300 18 5
300 175 18 3
175 15 18 5
15 233 18 4
233 247 18 3
247 190 18 4
190 237 18 3
237 40 18 5
40 0 18 0
19 18
0 227 19 5
227 242 19 5
242 231 19 5
231 297 19 3
297 106 19 3
106 6 19 3
6 229 19 3
229 201 19 3
201 286 19 5
286 225 19 4
225 232 19 4
232 257 19 3
257 38 19 3
38 291 19 5
291 258 19 4
258 118 19 3
118 261 19 5
261 0 19 0
20 10
0 156 20 3
156 154 20 5
154 206 20 4
206 275 20 3
275 265 20 3
265 13 20 4
13 252 20 5
252 296 20 4
296 251 20 5
251 0 20 0
21 11
0 170 21 3
170 206 21 5
206 295 21 3
295 48 21 5
48 76 21 3
76 205 21 3
205 209 21 3
209 37 21 5
37 230 21 3
230 235 21 3
235 0 21 0
22 11
0 268 22 4
268 274 22 5
274 228 22 5
228 5 22 5
5 220 22 4
220 208 22 4
208 129 22 5
129 51 22 4
51 230 22 5
230 235 22 4
235 0 22 0
23 7
0 228 23 3
228 203 23 3
203 249 23 4
249 254 23 3
254 29 23 3
29 236 23 3
236 0 23 0
24 8
0 223 24 3
223 287 24 5
287 196 24 5
196 119 24 3
119 210 24 3
210 131 24 5
131 213 24 3
213 0 24 0
25 16
0 145 25 4
145 223 25 5
223 280 25 4
280 281 25 4
281 12 25 4
12 255 25 5
255 264 25 4
264 210 25 4
210 212 25 4
212 221 25 3
221 245 25 3
245 62 25 3
62 259 25 4
259 167 25 4
167 276 25 3
276 0 25 0
26 17
0 239 26 4
239 164 26 4
164 2 26 4
2 269 26 3
269 113 26 3
113 107 26 5
107 163 26 4
163 211 26 3
211 103 26 5
103 203 26 4
203 249 26 5
249 292 26 5
292 278 26 4
278 159 26 5
159 171 26 5
171 65 26 5
65 0 26 0
27 14
0 239 27 5
239 179 27 5
179 272 27 5
272 226 27 3
226 216 27 3
216 248 27 5
248 115 27 3
115 299 27 3
299 225 27 3
225 232 27 3
232 233 27 3
233 247 27 5
247 237 27 5
237 0 27 0
28 15
0 243 28 4
243 234 28 3
234 217 28 4
217 298 28 5
298 25 28 5
25 120 28 4
120 91 28 3
91 215 28 5
215 198 28 5
198 266 28 3
266 271 28 5
271 244 28 5
244 240 28 5
240 241 28 5
241 0 28 0
29 13
0 243 29 5
243 234 29 4
234 217 29 5
217 284 29 5
284 224 29 3
224 218 29 3
218 153 29 5
153 181 29 3
181 46 29 5
46 285 29 3
285 94 29 4
94 290 29 3
290 0 29 0
30 13
0 214 30 3
214 133 30 3
133 34 30 4
34 189 30 3
189 39 30 3
39 277 30 3
277 3 30 4
3 199 30 3
199 215 30 3
215 244 30 3
244 240 30 4
240 241 30 3
241 0 30 0
31 8
0 214 31 5
214 128 31 5
128 294 31 3
294 109 31 3
109 211 31 5
211 102 31 3
102 293 31 5
293 0 31 0
32 16
0 49 32 5
49 104 32 4
104 262 32 5
262 67 32 5
67 63 32 4
63 173 32 4
173 68 32 4
68 229 32 5
229 201 32 4
201 70 32 5
70 212 32 5
212 221 32 4
221 245 32 4
245 267 32 5
267 92 32 4
92 0 32 0
33 8
0 238 33 3
238 289 33 5
289 273 33 3
273 202 33 5
202 204 33 3
204 108 33 5
108 250 33 3
250 0 33 0
34 8
0 238 34 4
238 202 34 4
202 204 34 5
204 250 34 5
250 121 34 4
121 256 34 3
256 41 34 4
41 0 34 0
35 12
0 52 35 4
52 130 35 4
130 192 35 3
192 226 35 5
226 216 35 5
216 248 35 4
248 283 35 4
283 205 35 4
205 209 35 4
209 279 35 4
279 236 35 4
236 0 35 0
36 8
0 165 36 5
165 100 36 5
100 99 36 4
99 224 36 5
224 218 36 5
218 270 36 3
270 253 36 3
253 0 36 0
37 14
0 66 37 3
66 288 37 5
288 17 37 5
17 110 37 3
110 220 37 5
220 208 37 5
208 88 37 4
88 200 37 3
200 24 37 4
24 160 37 4
160 136 37 3
136 213 37 5
213 260 37 4
260 0 37 0
38 8
0 246 38 4
246 282 38 4
282 222 38 5
222 114 38 4
114 149 38 4
149 219 38 5
219 207 38 4
207 0 38 0
39 8
0 246 39 5
246 222 39 3
222 263 39 3
263 7 39 5
7 14 39 4
14 219 39 3
219 207 39 3
207 0 39 0
