# Solution for ../instances-HHCRSP/InstanzVNS_HCSRP_300_4.txt
# Cost = 1564.42 Dist = 4672.15 Tard = 14.9529 TMax = 6.15295
# <vehicle> <route length>
# <origin node> <dest node> <vehicle> <service type>
0 10
0 160 0 1
160 69 0 0
69 186 0 0
186 285 0 0
285 263 0 0
263 140 0 1
140 100 0 0
100 18 0 0
18 65 0 1
65 0 0 0
1 10
0 300 1 0
300 266 1 0
266 105 1 0
105 20 1 0
20 121 1 0
121 85 1 0
85 178 1 0
178 291 1 0
291 265 1 0
265 0 1 0
2 13
0 90 2 1
90 139 2 1
139 55 2 1
55 191 2 1
191 262 2 0
262 260 2 0
260 62 2 0
62 41 2 0
41 192 2 1
192 256 2 1
256 64 2 0
64 276 2 1
276 0 2 0
3 14
0 283 3 2
283 122 3 2
122 15 3 2
15 284 3 2
284 149 3 0
149 77 3 1
77 16 3 0
16 148 3 2
148 286 3 1
286 137 3 1
137 255 3 2
255 102 3 0
102 252 3 1
252 0 3 0
4 12
0 251 4 2
251 261 4 2
261 183 4 2
183 279 4 0
279 290 4 0
290 277 4 2
277 288 4 0
288 87 4 2
87 258 4 2
258 34 4 2
34 292 4 0
292 0 4 0
5 16
0 106 5 2
106 287 5 2
287 278 5 1
278 254 5 1
254 158 5 2
158 264 5 2
264 25 5 1
25 271 5 2
271 12 5 2
12 176 5 2
176 135 5 1
135 81 5 1
81 17 5 1
17 167 5 1
167 95 5 1
95 0 5 0
6 16
0 275 6 2
275 39 6 0
39 92 6 1
92 144 6 2
144 50 6 0
50 257 6 2
257 44 6 0
44 113 6 2
113 162 6 0
162 280 6 0
280 84 6 2
84 86 6 2
86 146 6 1
146 132 6 1
132 296 6 0
296 0 6 0
7 5
0 166 7 2
166 14 7 2
14 47 7 2
47 152 7 2
152 0 7 0
8 14
0 270 8 1
270 174 8 1
174 273 8 2
273 289 8 2
289 163 8 1
163 88 8 2
88 197 8 2
197 123 8 2
123 269 8 1
269 72 8 2
72 125 8 2
125 56 8 2
56 89 8 2
89 0 8 0
9 2
0 195 9 2
195 0 9 0
10 13
0 71 10 1
71 13 10 2
13 259 10 1
259 128 10 2
128 1 10 2
1 281 10 2
281 297 10 2
297 299 10 2
299 142 10 1
142 99 10 1
99 111 10 1
111 11 10 2
11 0 10 0
11 8
0 170 11 0
170 298 11 0
298 54 11 0
54 295 11 0
295 181 11 0
181 165 11 0
165 294 11 0
294 0 11 0
12 10
0 157 12 0
157 293 12 0
293 33 12 0
33 127 12 0
127 63 12 0
63 185 12 2
185 98 12 2
98 120 12 0
120 112 12 2
112 0 12 0
13 12
0 168 13 1
168 94 13 1
94 51 13 2
51 155 13 1
155 268 13 1
268 24 13 1
24 108 13 0
108 184 13 2
184 76 13 2
76 282 13 2
282 36 13 1
36 0 13 0
14 3
0 130 14 0
130 9 14 0
9 0 14 0
15 1
0 0 15 0
16 11
0 7 16 1
7 40 16 1
40 173 16 1
173 253 16 1
253 267 16 1
267 272 16 1
272 274 16 1
274 10 16 1
10 109 16 1
109 193 16 1
193 0 16 0
17 1
0 0 17 0
18 16
0 283 18 5
283 38 18 5
38 284 18 5
284 59 18 4
59 241 18 3
241 232 18 4
232 187 18 3
187 19 18 4
19 205 18 4
205 188 18 4
188 43 18 5
43 286 18 3
286 224 18 3
224 255 18 5
255 252 18 4
252 0 18 0
19 17
0 251 19 5
251 226 19 5
226 261 19 4
261 212 19 4
212 259 19 5
259 239 19 5
239 243 19 4
243 237 19 4
237 260 19 4
260 235 19 4
235 223 19 5
223 240 19 5
240 208 19 4
208 236 19 4
236 218 19 4
218 222 19 4
222 0 19 0
20 15
0 226 20 3
226 32 20 3
32 212 20 3
212 239 20 3
239 243 20 3
243 237 20 5
237 281 20 5
281 297 20 5
297 299 20 3
299 104 20 4
104 96 20 3
96 208 20 5
208 236 20 3
236 256 20 5
256 0 20 0
21 15
0 231 21 4
231 202 21 4
202 275 21 5
275 246 21 4
246 131 21 4
131 245 21 5
245 201 21 4
201 241 21 4
241 232 21 5
232 80 21 5
80 101 21 4
101 233 21 4
233 234 21 4
234 141 21 4
141 0 21 0
22 13
0 231 22 5
231 202 22 5
202 246 22 5
246 204 22 3
204 263 22 5
263 257 22 3
257 180 22 3
180 207 22 3
207 138 22 4
138 296 22 4
296 8 22 4
8 154 22 3
154 0 22 0
23 15
0 103 23 4
103 287 23 3
287 6 23 3
6 278 23 3
278 213 23 3
213 227 23 3
227 210 23 3
210 126 23 4
126 133 23 3
133 268 23 5
268 79 23 4
79 37 23 4
37 67 23 3
67 282 23 3
282 0 23 0
24 9
0 27 24 3
27 115 24 4
115 298 24 3
298 189 24 5
189 175 24 4
175 70 24 5
70 4 24 4
4 2 24 4
2 0 24 0
25 13
0 203 25 4
203 279 25 3
279 31 25 4
31 196 25 5
196 134 25 3
134 216 25 4
216 93 25 4
93 253 25 3
253 295 25 5
295 91 25 5
91 26 25 3
26 200 25 4
200 0 25 0
26 16
0 203 26 5
203 228 26 3
228 244 26 3
244 198 26 4
198 190 26 3
190 177 26 4
177 209 26 3
209 147 26 5
147 211 26 4
211 288 26 3
288 258 26 3
258 150 26 4
150 35 26 3
35 225 26 3
225 276 26 3
276 0 26 0
27 16
0 145 27 4
145 161 27 5
161 228 27 5
228 244 27 4
244 194 27 4
194 119 27 3
119 290 27 5
290 114 27 5
114 277 27 5
277 171 27 4
171 73 27 3
73 220 27 3
220 249 27 3
249 294 27 4
294 57 27 4
57 0 27 0
28 15
0 97 28 4
97 164 28 3
164 248 28 4
248 116 28 3
116 213 28 5
213 227 28 4
227 210 28 5
210 264 28 4
264 219 28 4
219 217 28 3
217 199 28 5
199 124 28 5
124 22 28 5
22 151 28 5
151 0 28 0
29 11
0 58 29 3
58 82 29 3
82 52 29 5
52 42 29 4
42 285 29 3
285 204 29 5
204 46 29 4
46 21 29 5
21 53 29 5
53 207 29 5
207 0 29 0
30 16
0 206 30 3
206 230 30 3
230 270 30 5
270 49 30 4
49 289 30 3
289 238 30 3
238 214 30 3
214 83 30 5
83 60 30 4
60 235 30 5
235 223 30 3
223 240 30 3
240 3 30 3
3 225 30 5
225 118 30 3
118 0 30 0
31 16
0 206 31 5
206 230 31 5
230 179 31 3
179 300 31 3
300 273 31 4
273 266 31 5
266 45 31 3
45 143 31 5
143 269 31 4
269 156 31 3
156 78 31 3
78 110 31 5
110 250 31 4
250 136 31 3
136 265 31 4
265 0 31 0
32 11
0 248 32 5
248 254 32 5
254 216 32 5
216 271 32 3
271 219 32 5
219 217 32 5
217 68 32 3
68 250 32 3
250 159 32 3
159 129 32 5
129 0 32 0
33 12
0 48 33 5
48 30 33 5
30 245 33 3
245 201 33 5
201 153 33 4
153 205 33 5
205 280 33 5
280 5 33 3
5 29 33 5
29 224 33 5
224 182 33 3
182 0 33 0
34 9
0 215 34 3
215 242 34 3
242 293 34 5
293 274 34 5
274 75 34 3
75 233 34 5
233 172 34 3
172 234 34 3
234 0 34 0
35 9
0 215 35 4
215 242 35 4
242 107 35 3
107 267 35 3
267 272 35 4
272 229 35 4
229 221 35 4
221 292 35 4
292 0 35 0
36 6
0 28 36 3
28 209 36 4
209 211 36 5
211 229 36 5
229 221 36 5
221 0 36 0
37 15
0 23 37 4
23 66 37 3
66 74 37 5
74 238 37 5
238 214 37 4
214 262 37 5
262 117 37 3
117 169 37 5
169 61 37 4
61 220 37 5
220 249 37 5
249 291 37 5
291 218 37 5
218 222 37 5
222 0 37 0
38 2
0 247 38 3
247 0 38 0
39 2
0 247 39 4
247 0 39 0
