# Solution for ../instances-HHCRSP/InstanzVNS_HCSRP_100_8.txt
# Cost = 762.684 Dist = 2276.78 Tard = 6.74665 TMax = 4.52417
# <vehicle> <route length>
# <origin node> <dest node> <vehicle> <service type>
0 7
0 10 0 0
10 42 0 0
42 40 0 0
40 95 0 0
95 62 0 0
62 46 0 2
46 0 0 0
1 15
0 33 1 1
33 65 1 0
65 22 1 1
22 45 1 2
45 55 1 0
55 97 1 0
97 53 1 1
53 100 1 1
100 89 1 0
89 13 1 2
13 44 1 1
44 98 1 2
98 99 1 0
99 88 1 1
88 0 1 0
2 2
0 11 2 0
11 0 2 0
3 5
0 54 3 1
54 4 3 1
4 32 3 1
32 66 3 1
66 0 3 0
4 5
0 60 4 2
60 87 4 2
87 23 4 2
23 90 4 2
90 0 4 0
5 9
0 91 5 2
91 86 5 2
86 68 5 2
68 6 5 2
6 12 5 2
12 56 5 2
56 58 5 2
58 93 5 2
93 0 5 0
6 14
0 57 6 1
57 92 6 1
92 21 6 0
21 17 6 0
17 94 6 0
94 36 6 1
36 96 6 1
96 5 6 0
5 16 6 0
16 27 6 1
27 48 6 1
48 51 6 0
51 18 6 1
18 0 6 0
7 13
0 50 7 4
50 26 7 3
26 14 7 5
14 20 7 3
20 78 7 4
78 94 7 3
94 19 7 3
19 30 7 5
30 90 7 3
90 29 7 3
29 9 7 5
9 85 7 4
85 0 7 0
8 12
0 25 8 5
25 8 8 5
8 82 8 3
82 75 8 3
75 83 8 3
83 24 8 4
24 34 8 5
34 47 8 4
47 39 8 4
39 99 8 3
99 88 8 3
88 0 8 0
9 5
0 59 9 3
59 84 9 3
84 74 9 3
74 85 9 5
85 0 9 0
10 10
0 7 10 3
7 97 10 4
97 64 10 3
64 3 10 4
3 73 10 3
73 69 10 3
69 72 10 3
72 35 10 4
35 79 10 3
79 0 10 0
11 8
0 43 11 4
43 61 11 4
61 1 11 4
1 76 11 4
76 98 11 4
98 80 11 4
80 71 11 4
71 0 11 0
12 7
0 82 12 5
82 75 12 4
75 83 12 4
83 100 12 3
100 89 12 4
89 72 12 4
72 0 12 0
13 9
0 91 13 5
91 86 13 5
86 92 13 5
92 78 13 5
78 63 13 5
63 15 13 4
15 52 13 4
52 28 13 3
28 0 13 0
14 3
0 87 14 4
87 77 14 4
77 0 14 0
15 8
0 49 15 5
49 95 15 5
95 37 15 5
37 73 15 5
73 81 15 5
81 31 15 5
31 93 15 5
93 0 15 0
16 5
0 84 16 5
84 74 16 5
74 2 16 4
2 67 16 5
67 0 16 0
17 5
0 70 17 5
70 76 17 3
76 80 17 5
80 71 17 3
71 0 17 0
18 7
0 77 18 3
77 96 18 3
96 41 18 5
41 38 18 4
38 81 18 3
81 79 18 4
79 0 18 0
19 1
0 0 19 0
