# Solution for ../instances-HHCRSP/InstanzVNS_HCSRP_200_2.txt
# Cost = 1361.87 Dist = 4065.58 Tard = 15.8981 TMax = 4.12452
# <vehicle> <route length>
# <origin node> <dest node> <vehicle> <service type>
0 15
0 91 0 0
91 132 0 1
132 172 0 1
172 182 0 0
182 181 0 1
181 171 0 1
171 140 0 1
140 138 0 1
138 129 0 1
129 113 0 1
113 106 0 0
106 21 0 0
21 56 0 1
56 6 0 0
6 0 0 0
1 6
0 189 1 2
189 121 1 2
121 90 1 2
90 16 1 2
16 100 1 2
100 0 1 0
2 17
0 198 2 0
198 61 2 2
61 11 2 2
11 26 2 0
26 196 2 0
196 2 2 0
2 45 2 0
45 66 2 2
66 34 2 2
34 187 2 2
187 10 2 0
10 65 2 2
65 179 2 2
179 176 2 2
176 15 2 2
15 12 2 2
12 0 2 0
3 15
0 108 3 1
108 173 3 1
173 174 3 2
174 136 3 2
136 133 3 1
133 103 3 2
103 72 3 2
72 180 3 2
180 41 3 2
41 19 3 2
19 184 3 2
184 4 3 1
4 42 3 1
42 97 3 2
97 0 3 0
4 4
0 59 4 2
59 175 4 2
175 3 4 2
3 0 4 0
5 14
0 96 5 1
96 177 5 1
177 9 5 1
9 71 5 1
71 67 5 0
67 14 5 0
14 54 5 1
54 183 5 1
183 80 5 1
80 114 5 0
114 31 5 1
31 188 5 1
188 105 5 0
105 0 5 0
6 8
0 39 6 1
39 200 6 1
200 92 6 1
92 38 6 1
38 116 6 0
116 185 6 1
185 192 6 0
192 0 6 0
7 2
0 43 7 2
43 0 7 0
8 11
0 46 8 0
46 123 8 1
123 199 8 0
199 83 8 0
83 115 8 0
115 117 8 1
117 191 8 0
191 57 8 0
57 128 8 1
128 7 8 0
7 0 8 0
9 17
0 120 9 1
120 190 9 0
190 186 9 1
186 40 9 2
40 17 9 1
17 193 9 2
193 131 9 1
131 44 9 1
44 36 9 2
36 194 9 1
194 197 9 0
197 195 9 1
195 178 9 2
178 33 9 1
33 32 9 0
32 82 9 1
82 0 9 0
10 16
0 89 10 5
89 161 10 4
161 168 10 4
168 172 10 5
172 151 10 4
151 49 10 4
49 170 10 4
170 196 10 4
196 84 10 4
84 156 10 5
156 167 10 4
167 188 10 4
188 149 10 4
149 74 10 4
74 155 10 4
155 0 10 0
11 14
0 161 11 3
161 168 11 3
168 151 11 3
151 182 11 3
182 170 11 5
170 27 11 4
27 124 11 4
124 68 11 4
68 18 11 3
18 153 11 4
153 78 11 3
78 187 11 3
187 165 11 3
165 0 11 0
12 22
0 198 12 3
198 146 12 4
146 118 12 4
118 77 12 4
77 147 12 3
147 145 12 4
145 144 12 4
144 81 12 3
81 135 12 5
135 25 12 4
25 122 12 3
122 160 12 3
160 159 12 3
159 111 12 4
111 150 12 3
150 130 12 3
130 148 12 3
148 139 12 3
139 184 12 4
184 47 12 4
47 24 12 4
24 0 12 0
13 6
0 157 13 5
157 175 13 3
175 86 13 3
86 112 13 5
112 185 13 5
185 0 13 0
14 9
0 157 14 4
157 141 14 4
141 102 14 3
102 164 14 3
164 143 14 3
143 87 14 4
87 142 14 3
142 166 14 4
166 0 14 0
15 7
0 162 15 4
162 107 15 4
107 99 15 4
99 163 15 4
163 152 15 4
152 169 15 4
169 0 15 0
16 12
0 146 16 5
146 173 16 3
173 147 16 5
147 145 16 5
145 144 16 5
144 73 16 3
73 156 16 3
156 88 16 3
88 167 16 5
167 58 16 4
58 79 16 3
79 0 16 0
17 19
0 177 17 5
177 154 17 3
154 1 17 4
1 104 17 3
104 28 17 5
28 181 17 4
181 75 17 5
75 171 17 5
171 158 17 4
158 48 17 3
48 29 17 3
29 160 17 5
160 159 17 4
159 150 17 5
150 55 17 5
55 179 17 3
179 155 17 3
155 176 17 3
176 0 17 0
18 3
0 63 18 4
63 30 18 4
30 0 18 0
19 16
0 154 19 5
154 110 19 5
110 62 19 4
62 162 19 5
162 22 19 3
22 101 19 3
101 183 19 4
183 125 19 4
125 180 19 4
180 85 19 4
85 191 19 5
191 23 19 5
23 76 19 3
76 148 19 5
148 165 19 4
165 0 19 0
20 12
0 8 20 3
8 13 20 4
13 174 20 5
174 94 20 5
94 158 20 5
158 109 20 5
109 134 20 4
134 5 20 3
5 153 20 5
153 35 20 4
35 149 20 5
149 0 20 0
21 3
0 20 21 5
20 69 21 4
69 0 21 0
22 17
0 137 22 3
137 189 22 3
189 93 22 3
93 50 22 5
50 53 22 4
53 199 22 5
199 52 22 4
52 141 22 5
141 163 22 3
163 152 22 5
152 169 22 3
169 164 22 5
164 143 22 5
143 64 22 3
64 142 22 4
142 166 22 5
166 0 22 0
23 4
0 200 23 3
200 60 23 5
60 192 23 3
192 0 23 0
24 16
0 126 24 5
126 190 24 3
190 127 24 5
127 186 24 3
186 193 24 4
193 119 24 5
119 98 24 4
98 51 24 5
51 70 24 5
70 194 24 3
194 95 24 3
95 37 24 3
37 197 24 4
197 195 24 4
195 178 24 4
178 0 24 0
25 1
0 0 25 0
26 1
0 0 26 0
27 1
0 0 27 0
28 1
0 0 28 0
29 1
0 0 29 0
