# Solution for ../instances-HHCRSP/InstanzVNS_HCSRP_300_9.txt
# Cost = 1958.81 Dist = 5778.73 Tard = 82.6782 TMax = 15.0077
# <vehicle> <route length>
# <origin node> <dest node> <vehicle> <service type>
0 9
0 281 0 1
281 79 0 0
79 27 0 0
27 56 0 0
56 8 0 0
8 86 0 1
86 137 0 1
137 267 0 0
267 0 0 0
1 5
0 82 1 1
82 274 1 1
274 96 1 1
96 289 1 1
289 0 1 0
2 6
0 298 2 0
298 284 2 0
284 151 2 0
151 53 2 0
53 140 2 0
140 0 2 0
3 14
0 89 3 1
89 287 3 0
287 297 3 0
297 4 3 1
4 161 3 1
161 162 3 0
162 299 3 0
299 30 3 1
30 144 3 0
144 78 3 1
78 134 3 1
134 21 3 1
21 176 3 0
176 0 3 0
4 4
0 268 4 0
268 194 4 0
194 31 4 0
31 0 4 0
5 14
0 16 5 2
16 272 5 2
272 288 5 2
288 87 5 2
87 90 5 0
90 20 5 0
20 61 5 0
61 28 5 2
28 169 5 2
169 141 5 0
141 278 5 0
278 44 5 2
44 157 5 2
157 0 5 0
6 13
0 71 6 0
71 177 6 0
177 283 6 0
283 195 6 0
195 80 6 0
80 123 6 0
123 257 6 0
257 69 6 0
69 187 6 0
187 291 6 0
291 258 6 0
258 261 6 0
261 0 6 0
7 11
0 117 7 1
117 275 7 0
275 277 7 1
277 265 7 1
265 295 7 0
295 33 7 0
33 252 7 1
252 184 7 0
184 251 7 0
251 55 7 0
55 0 7 0
8 3
0 43 8 0
43 273 8 0
273 0 8 0
9 13
0 280 9 2
280 36 9 2
36 255 9 1
255 50 9 1
50 84 9 2
84 178 9 2
178 300 9 2
300 259 9 2
259 111 9 2
111 74 9 1
74 148 9 1
148 138 9 1
138 0 9 0
10 15
0 64 10 2
64 54 10 1
54 47 10 2
47 124 10 2
124 9 10 1
9 182 10 2
182 58 10 2
58 1 10 1
1 186 10 2
186 125 10 1
125 127 10 2
127 296 10 2
296 285 10 2
285 290 10 2
290 0 10 0
11 13
0 42 11 2
42 97 11 1
97 101 11 1
101 59 11 2
59 142 11 1
142 23 11 2
23 98 11 1
98 143 11 1
143 266 11 2
266 180 11 1
180 271 11 2
271 135 11 1
135 0 11 0
12 3
0 73 12 0
73 32 12 0
32 0 12 0
13 14
0 269 13 1
269 294 13 1
294 122 13 1
122 85 13 1
85 254 13 1
254 26 13 0
26 152 13 1
152 105 13 1
105 292 13 1
292 293 13 1
293 183 13 0
183 174 13 0
174 172 13 1
172 0 13 0
14 18
0 116 14 2
116 81 14 0
81 166 14 0
166 147 14 0
147 264 14 0
264 11 14 2
11 139 14 2
139 286 14 0
286 83 14 0
83 77 14 2
77 72 14 2
72 193 14 2
193 18 14 2
18 191 14 2
191 45 14 2
45 276 14 2
276 112 14 2
112 0 14 0
15 11
0 35 15 2
35 262 15 2
262 146 15 2
146 95 15 2
95 150 15 2
150 158 15 2
158 279 15 2
279 57 15 2
57 188 15 2
188 260 15 2
260 0 15 0
16 5
0 185 16 2
185 256 16 2
256 93 16 2
93 60 16 2
60 0 16 0
17 8
0 282 17 2
282 263 17 1
263 10 17 1
10 253 17 2
253 270 17 2
270 197 17 2
197 126 17 2
126 0 17 0
18 19
0 281 18 4
281 280 18 4
280 22 18 4
22 297 18 3
297 231 18 3
231 132 18 3
132 75 18 5
75 12 18 4
12 221 18 4
221 62 18 3
62 19 18 5
19 175 18 3
175 259 18 4
259 15 18 5
15 233 18 3
233 247 18 3
247 237 18 3
237 40 18 5
40 0 18 0
19 15
0 66 19 3
66 130 19 4
130 206 19 4
206 2 19 4
2 269 19 3
269 211 19 3
211 294 19 3
294 128 19 5
128 109 19 3
109 203 19 4
203 103 19 5
103 121 19 4
121 256 19 3
256 250 19 3
250 0 19 0
20 16
0 214 20 3
214 206 20 5
206 226 20 5
226 216 20 5
216 6 20 3
6 229 20 3
229 225 20 3
225 232 20 3
232 257 20 3
257 190 20 4
190 38 20 3
38 291 20 5
291 258 20 4
258 118 20 3
118 261 20 5
261 0 20 0
21 12
0 214 21 5
214 272 21 5
272 288 21 5
288 211 21 5
211 17 21 5
17 203 21 3
203 254 21 3
254 236 21 3
236 249 21 5
249 292 21 5
292 293 21 5
293 0 21 0
22 13
0 217 22 4
217 120 22 4
120 25 22 5
25 224 22 5
224 284 22 5
284 218 22 5
218 198 22 5
198 215 22 5
215 271 22 5
271 244 22 5
244 240 22 4
240 241 22 5
241 0 22 0
23 13
0 133 23 3
133 217 23 5
217 156 23 3
156 154 23 5
154 199 23 3
199 265 23 3
265 295 23 3
295 13 23 4
13 252 23 5
252 102 23 3
102 296 23 4
296 251 23 5
251 0 23 0
24 13
0 239 24 5
239 228 24 3
228 179 24 5
179 110 24 3
110 67 24 5
67 210 24 3
210 119 24 3
119 201 24 3
201 286 24 5
286 208 24 5
208 220 24 5
220 29 24 3
29 0 24 0
25 19
0 239 25 4
239 228 25 5
228 164 25 4
164 113 25 3
113 107 25 5
107 163 25 4
163 48 25 5
48 76 25 3
76 248 25 5
248 205 25 3
205 115 25 3
115 209 25 3
209 236 25 4
236 249 25 4
249 278 25 4
278 159 25 5
159 171 25 5
171 65 25 5
65 0 25 0
26 8
0 274 26 5
274 5 26 5
5 129 26 5
129 208 26 4
208 220 26 4
220 213 26 3
213 260 26 4
260 0 26 0
27 13
0 170 27 3
170 223 27 3
223 287 27 5
287 242 27 5
242 255 27 5
255 70 27 5
70 221 27 3
221 212 27 5
212 200 27 3
200 131 27 5
131 213 27 5
213 136 27 3
136 0 27 0
28 18
0 223 28 5
223 68 28 4
68 196 28 5
196 242 28 4
242 264 28 4
264 210 28 4
210 88 28 4
88 201 28 4
201 160 28 4
160 212 28 4
212 245 28 3
245 24 28 4
24 92 28 4
92 233 28 4
233 247 28 5
247 237 28 5
237 276 28 3
276 0 28 0
29 16
0 243 29 4
243 234 29 3
234 298 29 5
298 91 29 3
91 34 29 4
34 275 29 3
275 39 29 3
39 277 29 3
277 3 29 4
3 189 29 3
189 215 29 3
215 266 29 3
266 244 29 3
244 240 29 5
240 241 29 3
241 0 29 0
30 15
0 145 30 4
145 192 30 3
192 52 30 4
52 227 30 4
227 106 30 3
106 226 30 3
226 216 30 3
216 283 30 4
283 248 30 4
248 205 30 4
205 209 30 4
209 279 30 4
279 230 30 3
230 235 30 3
235 0 30 0
31 12
0 243 31 5
243 234 31 4
234 99 31 4
99 224 31 3
224 218 31 3
218 153 31 5
153 181 31 3
181 46 31 5
46 285 31 3
285 94 31 4
94 290 31 3
290 0 31 0
32 11
0 268 32 4
268 49 32 5
49 227 32 5
227 231 32 5
231 155 32 4
155 168 32 3
168 300 32 5
300 245 32 4
245 267 32 5
267 167 32 4
167 0 32 0
33 11
0 246 33 5
246 165 33 5
165 222 33 3
222 263 33 3
263 100 33 5
100 7 33 5
7 253 33 3
253 270 33 3
270 219 33 3
219 207 33 3
207 0 33 0
34 9
0 246 34 4
246 282 34 4
282 222 34 5
222 114 34 4
114 14 34 4
14 219 34 5
219 207 34 4
207 149 34 4
149 0 34 0
35 13
0 104 35 4
104 262 35 5
262 63 35 4
63 173 35 4
173 299 35 3
299 229 35 5
229 225 35 4
225 232 35 4
232 37 35 5
37 51 35 4
51 230 35 5
230 235 35 4
235 0 35 0
36 7
0 238 36 3
238 289 36 5
289 204 36 3
204 41 36 4
41 108 36 5
108 250 36 5
250 0 36 0
37 4
0 238 37 4
238 204 37 5
204 202 37 4
202 0 37 0
38 2
0 202 38 5
202 0 38 0
39 2
0 273 39 3
273 0 39 0
