# Solution for ../instances-HHCRSP/InstanzVNS_HCSRP_300_5.txt
# Cost = 1739.58 Dist = 5173.86 Tard = 29.8699 TMax = 15
# <vehicle> <route length>
# <origin node> <dest node> <vehicle> <service type>
0 15
0 93 0 0
93 165 0 0
165 255 0 0
255 99 0 0
99 296 0 0
296 17 0 0
17 91 0 1
91 164 0 0
164 31 0 1
31 162 0 1
162 97 0 1
97 25 0 1
25 263 0 1
263 5 0 0
5 0 0 0
1 7
0 260 1 1
260 118 1 1
118 268 1 1
268 77 1 1
77 178 1 1
178 86 1 1
86 0 1 0
2 14
0 272 2 2
272 46 2 2
46 299 2 2
299 9 2 2
9 291 2 2
291 286 2 2
286 144 2 1
144 254 2 2
254 18 2 1
18 35 2 1
35 156 2 1
156 82 2 1
82 40 2 1
40 0 2 0
3 4
0 115 3 0
115 274 3 0
274 264 3 0
264 0 3 0
4 12
0 276 4 2
276 288 4 2
288 182 4 2
182 293 4 2
293 253 4 2
253 265 4 2
265 36 4 2
36 3 4 2
3 277 4 2
277 289 4 2
289 140 4 2
140 0 4 0
5 3
0 259 5 0
259 267 5 0
267 0 5 0
6 9
0 154 6 1
154 121 6 1
121 34 6 1
34 51 6 1
51 170 6 1
170 102 6 1
102 197 6 1
197 76 6 1
76 0 6 0
7 15
0 195 7 0
195 135 7 2
135 124 7 2
124 70 7 0
70 295 7 2
295 100 7 2
100 21 7 0
21 64 7 2
64 88 7 0
88 280 7 0
280 116 7 0
116 271 7 0
271 24 7 2
24 270 7 0
270 0 7 0
8 8
0 15 8 2
15 167 8 2
167 181 8 2
181 179 8 2
179 258 8 2
258 108 8 2
108 145 8 2
145 0 8 0
9 3
0 252 9 2
252 193 9 2
193 0 9 0
10 12
0 261 10 0
261 292 10 0
292 131 10 0
131 183 10 2
183 284 10 2
284 27 10 2
27 294 10 0
294 69 10 2
69 158 10 2
158 146 10 0
146 4 10 2
4 0 10 0
11 20
0 269 11 0
269 126 11 0
126 192 11 2
192 257 11 2
257 180 11 0
180 188 11 0
188 161 11 1
161 117 11 2
117 23 11 0
23 104 11 0
104 147 11 1
147 85 11 0
85 278 11 0
278 273 11 1
273 74 11 0
74 56 11 0
56 281 11 0
281 171 11 2
171 137 11 0
137 0 11 0
12 4
0 297 12 1
297 287 12 1
287 90 12 1
90 0 12 0
13 5
0 71 13 1
71 174 13 1
174 279 13 1
279 175 13 1
175 0 13 0
14 15
0 262 14 0
262 14 14 0
14 256 14 1
256 186 14 1
186 285 14 1
285 87 14 0
87 283 14 1
283 119 14 1
119 39 14 1
39 300 14 0
300 251 14 0
251 275 14 1
275 106 14 1
106 33 14 1
33 0 14 0
15 8
0 41 15 0
41 114 15 0
114 43 15 0
43 32 15 2
32 30 15 2
30 298 15 0
298 282 15 0
282 0 15 0
16 2
0 290 16 2
290 0 16 0
17 8
0 266 17 1
266 81 17 1
81 169 17 1
169 84 17 1
84 96 17 1
96 75 17 1
75 13 17 1
13 0 17 0
18 11
0 245 18 4
245 272 18 4
272 53 18 4
53 223 18 4
223 83 18 4
83 213 18 4
213 220 18 4
220 48 18 4
48 205 18 4
205 243 18 4
243 0 18 0
19 14
0 42 19 5
42 245 19 5
245 216 19 5
216 153 19 4
153 255 19 5
255 142 19 5
142 177 19 5
177 284 19 4
284 150 19 5
150 224 19 4
224 214 19 4
214 61 19 5
61 107 19 5
107 0 19 0
20 20
0 172 20 3
172 216 20 3
216 11 20 5
11 296 20 4
296 200 20 4
200 72 20 4
72 185 20 3
185 127 20 5
127 67 20 3
67 226 20 3
226 68 20 5
68 223 20 5
223 213 20 5
213 134 20 3
134 220 20 5
220 189 20 5
189 205 20 3
205 263 20 5
263 243 20 3
243 0 20 0
21 18
0 16 21 4
16 45 21 3
45 80 21 5
80 163 21 3
163 184 21 3
184 299 21 5
299 268 21 3
268 241 21 3
241 233 21 4
233 168 21 3
168 226 21 5
226 47 21 4
47 294 21 5
294 224 21 3
224 214 21 3
214 89 21 3
89 159 21 4
159 0 21 0
22 18
0 209 22 4
209 229 22 3
229 59 22 3
59 217 22 3
217 212 22 4
212 63 22 3
63 149 22 4
149 286 22 5
286 283 22 3
283 157 22 5
157 103 22 4
103 125 22 4
125 113 22 3
113 254 22 3
254 7 22 4
7 242 22 3
242 221 22 3
221 0 22 0
23 18
0 209 23 5
209 229 23 5
229 260 23 4
260 217 23 5
217 212 23 5
212 10 23 3
10 2 23 4
2 155 23 3
155 285 23 3
285 300 23 3
300 92 23 3
92 251 23 5
251 123 23 4
123 275 23 4
275 26 23 4
26 242 23 5
242 221 23 4
221 0 23 0
24 13
0 98 24 3
98 202 24 3
202 269 24 4
269 54 24 5
54 222 24 3
222 166 24 3
166 279 24 5
279 12 24 3
12 278 24 5
278 273 24 5
273 187 24 3
187 228 24 4
228 0 24 0
25 23
0 160 25 5
160 239 25 3
239 219 25 3
219 6 25 5
6 133 25 3
133 52 25 5
52 292 25 3
292 49 25 5
49 139 25 3
139 206 25 3
206 250 25 3
250 240 25 4
240 237 25 4
237 249 25 3
249 112 25 5
112 230 25 3
230 225 25 3
225 208 25 3
208 105 25 4
105 232 25 3
232 148 25 4
148 234 25 3
234 0 25 0
26 20
0 239 26 4
239 219 26 4
219 199 26 4
199 261 26 3
261 38 26 3
38 50 26 3
50 109 26 4
109 55 26 5
55 120 26 4
120 19 26 5
19 295 26 4
295 65 26 4
65 132 26 4
132 238 26 4
238 287 26 5
287 211 26 3
211 203 26 3
203 44 26 3
44 73 26 4
73 0 26 0
27 14
0 259 27 5
259 202 27 4
202 222 27 5
222 257 27 4
257 198 27 5
198 151 27 3
151 29 27 3
29 204 27 3
204 227 27 4
227 62 27 3
62 280 27 4
280 271 27 5
271 270 27 4
270 0 27 0
28 10
0 235 28 3
235 210 28 3
210 297 28 3
297 238 28 5
238 191 28 3
191 211 28 5
211 203 28 5
203 298 28 3
298 282 28 5
282 0 28 0
29 12
0 235 29 4
235 210 29 5
210 236 29 3
236 244 29 4
244 215 29 4
215 141 29 4
141 252 29 4
252 267 29 3
267 57 29 5
57 231 29 3
231 207 29 3
207 0 29 0
30 8
0 248 30 3
248 138 30 5
138 236 30 5
236 244 30 3
244 215 30 3
215 110 30 5
110 128 30 3
128 0 30 0
31 8
0 276 31 4
276 288 31 3
288 196 31 3
196 247 31 4
247 190 31 4
190 79 31 3
79 290 31 5
290 0 31 0
32 10
0 248 32 5
248 152 32 5
152 111 32 4
111 201 32 5
201 274 32 5
274 1 32 5
1 136 32 5
136 264 32 5
264 234 32 5
234 0 32 0
33 17
0 262 33 3
262 78 33 4
78 122 33 4
122 256 33 5
256 66 33 3
66 291 33 4
291 241 33 5
241 233 33 5
233 130 33 4
130 249 33 5
249 230 33 4
230 225 33 4
225 208 33 4
208 232 33 4
232 173 33 3
173 176 33 5
176 0 33 0
34 14
0 218 34 3
218 28 34 3
28 60 34 5
60 22 34 5
22 206 34 4
206 250 34 5
250 240 34 5
240 237 34 5
237 204 34 5
204 227 34 5
227 277 34 3
277 289 34 4
289 37 34 4
37 0 34 0
35 9
0 218 35 5
218 293 35 5
293 253 35 3
253 194 35 4
194 94 35 3
94 265 35 4
265 129 35 3
129 228 35 5
228 0 35 0
36 2
0 20 36 3
20 0 36 0
37 8
0 58 37 4
58 266 37 4
266 143 37 3
143 101 37 5
101 258 37 4
258 231 37 4
231 207 37 5
207 0 37 0
38 7
0 246 38 4
246 247 38 5
247 8 38 5
8 201 38 3
201 281 38 3
281 95 38 4
95 0 38 0
39 2
0 246 39 5
246 0 39 0
