# Solution for ../instances-HHCRSP/InstanzCPLEX_HCSRP_50_2.txt
# Cost = 610.437 Dist = 1749.14 Tard = 46.5655 TMax = 35.6029
# <vehicle> <route length>
# <origin node> <dest node> <vehicle> <service type>
0 13
0 46 0 0
46 11 0 2
11 26 0 0
26 2 0 0
2 10 0 0
10 19 0 2
19 34 0 2
34 15 0 2
15 21 0 0
21 12 0 2
12 32 0 0
32 47 0 2
47 0 0 0
1 5
0 50 1 2
50 44 1 2
44 3 1 2
3 16 1 2
16 0 1 0
2 13
0 9 2 1
9 14 2 0
14 49 2 2
49 45 2 1
45 48 2 1
48 17 2 1
17 43 2 1
43 7 2 0
7 6 2 0
6 33 2 1
33 4 2 1
4 31 2 1
31 0 2 0
3 6
0 1 3 4
1 23 3 5
23 36 3 5
36 42 3 3
42 47 3 3
47 0 3 0
4 5
0 39 4 3
39 50 4 3
50 38 4 3
38 20 4 5
20 0 4 0
5 4
0 39 5 4
39 38 5 4
38 37 5 4
37 0 5 0
6 4
0 46 6 5
46 43 6 5
43 30 6 4
30 0 6 0
7 10
0 8 7 3
8 27 7 4
27 49 7 4
49 45 7 4
45 41 7 4
41 25 7 4
25 36 7 3
36 42 7 4
42 24 7 4
24 0 7 0
8 10
0 40 8 3
40 28 8 5
28 13 8 4
13 29 8 3
29 48 8 4
48 41 8 5
41 5 8 3
5 18 8 3
18 35 8 4
35 0 8 0
9 5
0 40 9 4
40 22 9 3
22 44 9 5
44 37 9 5
37 0 9 0
