# Solution for ../instances-HHCRSP/InstanzCPLEX_HCSRP_75_6.txt
# Cost = 745.377 Dist = 2227.73 Tard = 4.71712 TMax = 3.68169
# <vehicle> <route length>
# <origin node> <dest node> <vehicle> <service type>
0 11
0 5 0 1
5 36 0 1
36 43 0 1
43 31 0 2
31 64 0 1
64 26 0 0
26 71 0 0
71 72 0 2
72 69 0 2
69 75 0 1
75 0 0 0
1 7
0 30 1 2
30 66 1 2
66 20 1 2
20 3 1 2
3 47 1 2
47 12 1 2
12 0 1 0
2 10
0 16 2 0
16 25 2 2
25 51 2 2
51 18 2 0
18 2 2 0
2 44 2 0
44 41 2 0
41 68 2 2
68 70 2 0
70 0 2 0
3 2
0 22 3 2
22 0 3 0
4 14
0 67 4 1
67 65 4 1
65 4 4 0
4 13 4 0
13 74 4 0
74 33 4 0
33 19 4 1
19 40 4 2
40 15 4 1
15 23 4 1
23 24 4 1
24 73 4 1
73 1 4 1
1 0 4 0
5 6
0 67 5 3
67 62 5 5
62 66 5 3
66 17 5 5
17 58 5 3
58 0 5 0
6 12
0 49 6 4
49 7 6 5
7 8 6 4
8 55 6 3
55 52 6 3
52 46 6 4
46 53 6 3
53 61 6 4
61 73 6 4
73 38 6 5
38 29 6 3
29 0 6 0
7 9
0 60 7 4
60 65 7 5
65 27 7 4
27 55 7 4
55 9 7 4
9 21 7 3
21 28 7 5
28 32 7 4
32 0 7 0
8 8
0 60 8 5
60 48 8 4
48 11 8 4
11 74 8 3
74 53 8 4
53 61 8 5
61 58 8 5
58 0 8 0
9 6
0 45 9 5
45 39 9 5
39 6 9 5
6 64 9 3
64 10 9 5
10 0 9 0
10 3
0 56 10 4
56 75 10 4
75 0 10 0
11 7
0 54 11 4
54 50 11 3
50 63 11 4
63 59 11 4
59 57 11 3
57 42 11 4
42 0 11 0
12 2
0 56 12 5
56 0 12 0
13 8
0 54 13 5
54 35 13 5
35 62 13 4
62 71 13 4
71 72 13 4
72 69 13 4
69 14 13 3
14 0 13 0
14 8
0 37 14 4
37 34 14 5
34 63 14 5
63 59 14 5
59 68 14 5
68 57 14 5
57 70 14 5
70 0 14 0
