# Solution for ../instances-HHCRSP/InstanzVNS_HCSRP_200_9.txt
# Cost = 1322.79 Dist = 3961.44 Tard = 5.43561 TMax = 1.48919
# <vehicle> <route length>
# <origin node> <dest node> <vehicle> <service type>
0 8
0 73 0 0
73 43 0 0
43 71 0 0
71 194 0 0
194 189 0 0
189 61 0 0
61 55 0 0
55 0 0 0
1 6
0 185 1 2
185 59 1 2
59 16 1 2
16 183 1 2
183 44 1 2
44 0 1 0
2 13
0 179 2 1
179 50 2 1
50 27 2 0
27 4 2 1
4 56 2 0
56 83 2 0
83 86 2 1
86 200 2 0
200 193 2 1
193 137 2 1
137 21 2 1
21 191 2 1
191 0 2 0
3 13
0 82 3 1
82 54 3 1
54 98 3 1
98 101 3 1
101 10 3 1
10 197 3 0
197 198 3 1
198 181 3 1
181 140 3 0
140 31 3 0
31 135 3 1
135 53 3 0
53 0 3 0
4 14
0 177 4 0
177 192 4 0
192 30 4 1
30 182 4 0
182 123 4 0
123 1 4 1
1 26 4 0
26 186 4 1
186 20 4 0
20 125 4 1
125 105 4 1
105 171 4 0
171 172 4 0
172 0 4 0
5 15
0 11 5 2
11 79 5 0
79 36 5 2
36 95 5 2
95 196 5 2
196 178 5 0
178 8 5 0
8 139 5 2
139 77 5 2
77 72 5 2
72 18 5 2
18 176 5 2
176 112 5 2
112 45 5 2
45 0 5 0
6 3
0 32 6 0
32 180 6 0
180 0 6 0
7 15
0 64 7 2
64 116 7 2
116 81 7 0
81 35 7 2
35 173 7 2
173 58 7 2
58 87 7 2
87 33 7 0
33 90 7 0
90 187 7 2
187 80 7 0
80 190 7 0
190 188 7 0
188 126 7 2
126 0 7 0
8 17
0 117 8 1
117 42 8 2
42 89 8 1
89 47 8 2
47 9 8 1
9 124 8 2
124 195 8 2
195 84 8 2
84 175 8 2
175 134 8 1
134 78 8 1
78 138 8 1
138 74 8 1
74 69 8 0
69 57 8 2
57 111 8 2
111 0 8 0
9 13
0 23 9 2
23 97 9 1
97 96 9 1
96 199 9 2
199 122 9 1
122 184 9 2
184 85 9 1
85 28 9 2
28 127 9 2
127 174 9 2
174 93 9 2
93 60 9 2
60 0 9 0
10 11
0 99 10 4
99 185 10 5
185 7 10 5
7 142 10 4
142 46 10 5
46 194 10 5
194 3 10 4
3 198 10 4
198 14 10 4
14 149 10 4
149 0 10 0
11 15
0 179 11 4
179 104 11 4
104 147 11 3
147 22 11 4
22 155 11 3
155 168 11 4
168 196 11 5
196 119 11 3
119 70 11 5
70 75 11 5
75 175 11 4
175 92 11 4
92 176 11 3
176 167 11 3
167 0 11 0
12 17
0 145 12 4
145 177 12 5
177 147 12 4
147 155 12 5
155 168 12 5
168 178 12 5
178 12 12 4
12 132 12 3
132 160 12 3
160 158 12 3
158 62 12 3
62 24 12 4
24 131 12 5
131 200 12 5
200 193 12 5
193 191 12 3
191 0 12 0
13 10
0 145 13 5
145 192 13 5
192 106 13 3
106 88 13 4
88 19 13 5
19 160 13 5
160 158 13 5
158 136 13 3
136 167 13 4
167 0 13 0
14 10
0 170 14 4
170 154 14 4
154 128 14 5
128 199 14 5
199 121 14 4
121 189 14 5
189 65 14 5
65 171 14 4
171 172 14 4
172 0 14 0
15 8
0 91 15 3
91 154 15 3
154 109 15 3
109 163 15 3
163 169 15 3
169 159 15 3
159 174 15 3
174 0 15 0
16 9
0 170 16 5
170 164 16 4
164 110 16 3
110 173 16 5
173 15 16 5
15 129 16 5
129 51 16 4
51 148 16 4
148 0 16 0
17 3
0 143 17 5
143 180 17 5
180 0 17 0
18 4
0 143 18 4
143 120 18 4
120 114 18 4
114 0 18 0
19 4
0 133 19 3
133 153 19 4
153 157 19 3
157 0 19 0
20 12
0 164 20 5
164 130 20 4
130 52 20 4
52 113 20 3
113 2 20 4
2 163 20 4
163 103 20 5
103 184 20 4
184 102 20 3
102 169 20 4
169 159 20 4
159 0 20 0
21 5
0 165 21 3
165 100 21 5
100 25 21 5
25 151 21 3
151 0 21 0
22 3
0 165 22 4
165 151 22 4
151 0 22 0
23 17
0 146 23 3
146 150 23 3
150 68 23 4
68 161 23 3
161 166 23 3
166 162 23 3
162 6 23 3
6 63 23 4
63 144 23 3
144 37 23 5
37 38 23 3
38 17 23 5
17 13 23 4
13 94 23 4
94 141 23 3
141 183 23 3
183 0 23 0
24 6
0 49 24 5
49 39 24 3
39 142 24 3
142 181 24 5
181 149 24 3
149 0 24 0
25 17
0 146 25 4
146 150 25 5
150 161 25 5
161 166 25 5
166 162 25 5
162 67 25 5
67 144 25 4
144 195 25 3
195 115 25 3
115 187 25 3
187 29 25 3
29 152 25 3
152 190 25 3
190 188 25 5
188 40 25 5
40 148 25 5
148 0 25 0
26 5
0 156 26 4
156 41 26 4
41 108 26 5
108 157 26 5
157 0 26 0
27 13
0 156 27 5
156 34 27 4
34 66 27 3
66 107 27 5
107 76 27 3
76 5 27 5
5 182 27 5
182 48 27 5
48 186 27 3
186 152 27 5
152 141 27 4
141 118 27 3
118 0 27 0
28 3
0 153 28 5
153 197 28 5
197 0 28 0
29 1
0 0 29 0
