# Solution for ../instances-HHCRSP/InstanzCPLEX_HCSRP_50_3.txt
# Cost = 554.235 Dist = 1652.2 Tard = 5.9005 TMax = 4.60233
# <vehicle> <route length>
# <origin node> <dest node> <vehicle> <service type>
0 11
0 50 0 0
50 23 0 1
23 49 0 2
49 10 0 1
10 1 0 2
1 2 0 2
2 34 0 0
34 29 0 2
29 46 0 0
46 48 0 2
48 0 0 0
1 12
0 33 1 0
33 22 1 0
22 35 1 2
35 6 1 0
6 45 1 2
45 47 1 0
47 43 1 0
43 17 1 0
17 5 1 0
5 31 1 2
31 3 1 0
3 0 1 0
2 7
0 20 2 1
20 9 2 1
9 44 2 1
44 26 2 1
26 4 2 1
4 21 2 1
21 0 2 0
3 10
0 15 3 3
15 36 3 4
36 40 3 3
40 44 3 4
44 32 3 5
32 12 3 4
12 47 3 5
47 43 3 5
43 11 3 3
11 0 3 0
4 7
0 28 4 5
28 38 4 5
38 48 4 5
48 39 4 3
39 30 4 5
30 37 4 5
37 0 4 0
5 5
0 50 5 4
50 49 5 4
49 42 5 4
42 16 5 4
16 0 5 0
6 10
0 36 6 5
36 40 6 4
40 7 6 3
7 45 6 4
45 8 6 4
8 13 6 5
13 18 6 3
18 19 6 4
19 25 6 4
25 0 6 0
7 3
0 41 7 4
41 14 7 4
14 0 7 0
8 8
0 42 8 3
42 27 8 5
27 24 8 5
24 46 8 4
46 38 8 4
38 39 8 5
39 37 8 4
37 0 8 0
9 2
0 41 9 3
41 0 9 0
