# Solution for ../instances-HHCRSP/InstanzVNS_HCSRP_300_2.txt
# Cost = 1891.63 Dist = 5636.45 Tard = 21.8068 TMax = 16.6477
# <vehicle> <route length>
# <origin node> <dest node> <vehicle> <service type>
0 14
0 258 0 1
258 283 0 0
283 26 0 0
26 138 0 1
138 129 0 1
129 45 0 0
45 262 0 0
262 10 0 0
10 105 0 0
105 292 0 1
292 179 0 0
179 106 0 0
106 165 0 1
165 0 0 0
1 19
0 251 1 2
251 297 1 1
297 61 1 2
61 108 1 1
108 263 1 2
263 173 1 2
173 168 1 2
168 266 1 2
266 274 1 2
274 158 1 1
158 140 1 1
140 167 1 2
167 80 1 1
80 159 1 2
159 19 1 2
19 281 1 2
281 280 1 2
280 285 1 1
285 0 1 0
2 7
0 293 2 0
293 161 2 0
161 14 2 0
14 284 2 0
284 67 2 0
67 265 2 0
265 0 2 0
3 5
0 154 3 2
154 254 3 2
254 162 3 2
162 296 3 2
296 0 3 0
4 15
0 71 4 1
71 198 4 2
198 287 4 1
287 146 4 1
146 276 4 2
276 294 4 2
294 131 4 1
131 44 4 1
44 191 4 1
191 40 4 2
40 36 4 2
36 267 4 1
267 268 4 2
268 4 4 1
4 0 4 0
5 10
0 120 5 1
120 199 5 0
199 278 5 1
278 115 5 0
115 277 5 1
277 288 5 0
288 82 5 1
82 256 5 1
256 128 5 1
128 0 5 0
6 18
0 272 6 0
272 11 6 2
11 255 6 1
255 259 6 2
259 147 6 1
147 182 6 1
182 145 6 1
145 133 6 1
133 282 6 1
282 41 6 2
41 160 6 1
160 103 6 2
103 113 6 1
113 12 6 2
12 21 6 0
21 253 6 0
253 42 6 1
42 0 6 0
7 4
0 121 7 2
121 100 7 2
100 90 7 2
90 0 7 0
8 5
0 46 8 0
46 290 8 0
290 83 8 0
83 7 8 0
7 0 8 0
9 2
0 175 9 0
175 0 9 0
10 1
0 0 10 0
11 10
0 96 11 1
96 189 11 2
189 275 11 2
275 177 11 1
177 295 11 1
295 59 11 2
59 17 11 1
17 117 11 1
117 279 11 1
279 0 11 0
12 2
0 16 12 2
16 0 12 0
13 18
0 9 13 1
9 132 13 1
132 172 13 2
172 196 13 1
196 136 13 2
136 261 13 0
261 257 13 1
257 2 13 0
2 114 13 0
114 286 13 2
286 31 13 1
31 66 13 2
66 34 13 2
34 270 13 1
270 149 13 1
149 65 13 2
65 15 13 2
15 0 13 0
14 4
0 39 14 1
39 298 14 1
298 166 14 1
166 0 14 0
15 13
0 299 15 1
299 123 15 1
123 3 15 2
3 38 15 1
38 92 15 1
92 43 15 2
43 260 15 2
260 116 15 0
116 300 15 2
300 273 15 1
273 264 15 2
264 185 15 0
185 0 15 0
16 18
0 193 16 1
193 54 16 1
54 91 16 0
91 72 16 2
72 269 16 0
269 289 16 0
289 252 16 0
252 180 16 0
180 271 16 0
271 197 16 2
197 6 16 0
6 57 16 0
57 33 16 1
33 56 16 1
56 97 16 2
97 291 16 1
291 32 16 0
32 0 16 0
17 2
0 157 17 2
157 0 17 0
18 19
0 258 18 3
258 283 18 3
283 170 18 3
170 208 18 3
208 73 18 3
73 244 18 3
244 88 18 3
88 229 18 3
229 204 18 3
204 239 18 3
239 187 18 5
187 188 18 3
188 286 18 3
286 134 18 4
134 250 18 3
250 281 18 5
281 280 18 4
280 155 18 4
155 0 18 0
19 15
0 293 19 4
293 251 19 5
251 118 19 4
118 276 19 5
276 294 19 5
294 22 19 3
22 85 19 4
85 271 19 4
271 98 19 4
98 95 19 3
95 169 19 5
169 233 19 3
233 219 19 4
219 273 19 4
273 0 19 0
20 15
0 297 20 4
297 272 20 5
272 255 20 4
255 208 20 4
208 244 20 5
244 229 20 4
229 204 20 5
204 239 20 4
239 213 20 3
213 74 20 4
74 292 20 4
292 202 20 4
202 176 20 4
176 285 20 5
285 0 20 0
21 18
0 1 21 4
1 225 21 3
225 287 21 5
287 200 21 5
200 77 21 4
77 174 21 3
174 263 21 5
263 151 21 3
151 144 21 5
144 156 21 5
156 261 21 5
261 257 21 3
257 250 21 4
250 270 21 3
270 18 21 3
18 153 21 3
153 35 21 4
35 0 21 0
22 4
0 210 22 4
210 60 22 5
60 298 22 4
298 0 22 0
23 2
0 210 23 5
210 0 23 0
24 21
0 225 24 5
225 290 24 3
290 275 24 4
275 137 24 3
137 127 24 5
127 110 24 5
110 163 24 5
163 295 24 4
295 51 24 5
51 194 24 5
194 119 24 5
119 99 24 4
99 101 24 3
101 76 24 3
76 238 24 4
238 296 24 3
296 224 24 3
224 201 24 3
201 256 24 5
256 245 24 3
245 0 24 0
25 12
0 211 25 4
211 236 25 3
236 62 25 4
62 228 25 3
228 249 25 3
249 102 25 3
102 64 25 3
64 192 25 4
192 69 25 4
69 86 25 3
86 20 25 5
20 0 25 0
26 10
0 211 26 5
211 236 26 4
236 107 26 4
107 186 26 4
186 37 26 3
37 238 26 5
238 70 26 5
70 279 26 5
279 223 26 3
223 0 26 0
27 14
0 230 27 5
230 241 27 4
241 299 27 4
299 50 27 5
50 126 27 5
126 220 27 4
220 248 27 4
248 52 27 4
52 228 27 4
228 249 27 4
249 63 27 4
63 143 27 4
143 245 27 4
245 0 27 0
28 19
0 104 28 3
104 8 28 3
8 181 28 5
181 259 28 3
259 94 28 5
94 75 28 5
75 171 28 4
171 222 28 3
222 282 28 3
282 84 28 4
84 5 28 3
5 246 28 3
246 205 28 3
205 209 28 3
209 130 28 3
130 253 28 3
253 184 28 5
184 217 28 4
217 0 28 0
29 18
0 230 29 3
230 241 29 5
241 93 29 3
93 141 29 4
141 190 29 4
190 220 29 5
220 248 29 3
248 152 29 3
152 30 29 4
30 112 29 5
112 260 29 4
260 142 29 4
142 300 29 5
300 87 29 4
87 233 29 4
233 219 29 5
219 264 29 5
264 0 29 0
30 17
0 206 30 4
206 242 30 3
242 212 30 4
212 243 30 3
243 221 30 4
221 266 30 4
266 218 30 3
218 269 30 4
269 216 30 4
216 29 30 3
29 234 30 3
234 109 30 5
109 78 30 3
78 213 30 4
213 262 30 5
262 202 30 5
202 0 30 0
31 20
0 206 31 5
206 242 31 4
242 212 31 5
212 243 31 4
243 221 31 5
221 28 31 5
28 274 31 3
274 13 31 4
13 122 31 3
122 25 31 4
25 252 31 5
252 111 31 4
111 150 31 4
150 55 31 5
55 232 31 3
232 139 31 3
139 24 31 4
24 178 31 5
178 223 31 5
223 0 31 0
32 15
0 254 32 5
254 227 32 3
227 284 32 4
284 240 32 3
240 135 32 5
135 218 32 5
218 48 32 3
48 216 32 5
216 234 32 5
234 58 32 4
58 237 32 4
237 268 32 3
268 235 32 4
235 217 32 5
217 0 32 0
33 13
0 207 33 4
207 203 33 3
203 231 33 3
231 214 33 3
214 27 33 4
27 49 33 4
49 124 33 4
124 68 33 4
68 246 33 4
246 205 33 4
205 209 33 4
209 226 33 4
226 0 33 0
34 3
0 53 34 4
53 247 34 3
247 0 34 0
35 15
0 89 35 5
89 227 35 4
227 240 35 5
240 222 35 4
222 81 35 3
81 183 35 3
183 148 35 3
148 265 35 4
265 277 35 5
277 23 35 5
23 195 35 3
195 237 35 5
237 235 35 5
235 226 35 5
226 0 35 0
36 12
0 207 36 5
207 203 36 4
203 231 36 4
231 214 36 5
214 289 36 4
289 125 36 4
125 267 36 5
267 79 36 3
79 232 36 5
232 47 36 4
47 291 36 3
291 0 36 0
37 7
0 164 37 5
164 278 37 3
278 247 37 5
247 288 37 5
288 224 37 5
224 201 37 4
201 0 37 0
38 2
0 215 38 3
215 0 38 0
39 2
0 215 39 5
215 0 39 0
