# Solution for ../instances-HHCRSP/InstanzVNS_HCSRP_300_9.txt
# Cost = 1991.35 Dist = 5917.21 Tard = 45.3628 TMax = 11.4703
# <vehicle> <route length>
# <origin node> <dest node> <vehicle> <service type>
0 16
0 161 0 1
161 281 0 1
281 297 0 0
297 4 0 1
4 50 0 1
50 255 0 1
255 264 0 0
264 83 0 0
83 286 0 0
286 8 0 0
8 86 0 1
86 137 0 1
137 267 0 0
267 21 0 1
21 176 0 0
176 0 0 0
1 6
0 82 1 1
82 96 1 1
96 142 1 1
142 10 1 1
10 263 1 1
263 0 1 0
2 11
0 268 2 0
268 81 2 0
81 147 2 0
147 166 2 0
166 144 2 0
144 26 2 0
26 20 2 0
20 61 2 0
61 141 2 0
141 278 2 0
278 0 2 0
3 11
0 71 3 0
71 298 3 0
298 97 3 1
97 98 3 1
98 143 3 1
143 180 3 1
180 151 3 0
151 135 3 1
135 53 3 0
53 140 3 0
140 0 3 0
4 15
0 177 4 0
177 287 4 0
287 162 4 0
162 299 4 0
299 90 4 0
90 123 4 0
123 80 4 0
80 195 4 0
195 257 4 0
257 187 4 0
187 69 4 0
69 291 4 0
291 258 4 0
258 261 4 0
261 0 4 0
5 15
0 262 5 2
262 146 5 2
146 11 5 2
11 36 5 2
36 79 5 0
79 27 5 0
27 56 5 0
56 124 5 2
124 283 5 0
283 84 5 2
84 259 5 2
259 45 5 2
45 112 5 2
112 276 5 2
276 0 5 0
6 3
0 273 6 0
273 43 6 0
43 0 6 0
7 5
0 289 7 1
289 274 7 1
274 194 7 0
194 31 7 0
31 0 7 0
8 1
0 0 8 0
9 13
0 64 9 2
64 54 9 1
54 47 9 2
47 9 9 1
9 182 9 2
182 58 9 2
58 1 9 1
1 186 9 2
186 125 9 1
125 127 9 2
127 285 9 2
285 290 9 2
290 0 9 0
10 13
0 35 10 2
35 116 10 2
116 272 10 2
272 150 10 2
150 95 10 2
95 77 10 2
77 158 10 2
158 134 10 1
134 78 10 1
78 169 10 2
169 44 10 2
44 172 10 1
172 0 10 0
11 15
0 42 11 2
42 16 11 2
16 269 11 1
269 294 11 1
294 122 11 1
122 85 11 1
85 105 11 1
105 292 11 1
292 254 11 1
254 28 11 2
28 256 11 2
256 157 11 2
157 93 11 2
93 60 11 2
60 0 11 0
12 1
0 0 12 0
13 13
0 101 13 1
101 117 13 1
117 275 13 0
275 277 13 1
277 33 13 0
33 295 13 0
295 265 13 1
265 252 13 1
252 55 13 0
55 293 13 1
293 183 13 0
183 174 13 0
174 0 13 0
14 11
0 59 14 2
59 73 14 0
73 282 14 2
282 32 14 0
32 284 14 0
284 266 14 2
266 271 14 2
271 184 14 0
184 296 14 2
296 251 14 0
251 0 14 0
15 10
0 280 15 2
280 178 15 2
178 300 15 2
300 139 15 2
139 72 15 2
72 193 15 2
193 18 15 2
18 191 15 2
191 260 15 2
260 0 15 0
16 7
0 185 16 2
185 23 16 2
23 197 16 2
197 270 16 2
270 253 16 2
253 126 16 2
126 0 16 0
17 13
0 89 17 1
89 288 17 2
288 87 17 2
87 279 17 2
279 30 17 1
30 152 17 1
152 188 17 2
188 57 17 2
57 74 17 1
74 148 17 1
148 111 17 2
111 138 17 1
138 0 17 0
18 7
0 100 18 5
100 165 18 5
165 7 18 5
7 14 18 4
14 219 18 3
219 207 18 3
207 0 18 0
19 12
0 234 19 3
234 99 19 4
99 25 19 5
25 120 19 4
120 218 19 3
218 284 19 5
284 224 19 3
224 266 19 3
266 244 19 3
244 240 19 4
240 241 19 3
241 0 19 0
20 16
0 234 20 4
234 298 20 5
298 156 20 3
156 154 20 5
154 91 20 3
91 39 20 3
39 277 20 3
277 189 20 3
189 3 20 4
3 215 20 3
215 198 20 5
198 271 20 5
271 244 20 5
244 240 20 5
240 241 20 5
241 0 20 0
21 13
0 262 21 5
262 231 21 3
231 297 21 3
297 75 21 5
75 132 21 3
132 168 21 3
168 19 21 5
19 62 21 3
62 201 21 3
201 286 21 5
286 136 21 3
136 213 21 3
213 0 21 0
22 12
0 281 22 4
281 231 22 5
231 22 22 4
22 155 22 4
155 300 22 5
300 221 22 4
221 70 22 5
70 24 22 4
24 212 22 4
212 245 22 4
245 92 22 4
92 0 22 0
23 16
0 164 23 4
164 227 23 4
227 216 23 3
216 226 23 3
226 225 23 4
225 229 23 3
229 6 23 3
6 15 23 5
15 175 23 3
175 259 23 4
259 233 23 3
233 247 23 3
247 190 23 4
190 237 23 3
237 40 23 5
40 0 23 0
24 14
0 227 24 5
227 216 24 5
216 226 24 5
226 225 24 3
225 229 24 5
229 299 24 3
299 208 24 5
208 220 24 5
220 29 24 3
29 249 24 5
249 236 24 3
236 230 24 3
230 235 24 3
235 0 24 0
25 17
0 268 25 4
268 239 25 4
239 228 25 3
228 104 25 4
104 173 25 4
173 63 25 4
63 67 25 5
67 210 25 3
210 88 25 4
88 208 25 4
208 220 25 4
220 129 25 5
129 37 25 5
37 51 25 4
51 230 25 5
230 235 25 4
235 0 25 0
26 17
0 239 26 5
239 228 26 5
228 272 26 5
272 288 26 5
288 209 26 3
209 115 26 3
115 248 26 4
248 283 26 4
283 205 26 3
205 232 26 3
232 257 26 3
257 38 26 3
38 291 26 5
291 258 26 4
258 118 26 3
118 261 26 5
261 0 26 0
27 10
0 246 27 5
246 217 27 5
217 133 27 3
133 218 27 5
218 224 27 5
224 181 27 3
181 46 27 5
46 285 27 3
285 290 27 3
290 0 27 0
28 13
0 246 28 4
246 217 28 4
217 34 28 4
34 275 28 3
275 206 28 4
206 295 28 3
295 248 28 5
248 205 28 4
205 232 28 4
232 233 28 4
233 247 28 5
247 237 28 5
237 0 28 0
29 16
0 49 29 5
49 130 29 4
130 2 29 4
2 269 29 3
269 294 29 3
294 128 29 5
128 109 29 3
109 211 29 3
211 163 29 4
163 48 29 5
48 13 29 4
13 252 29 5
252 296 29 4
296 251 29 5
251 94 29 4
94 0 29 0
30 6
0 243 30 4
243 282 30 4
282 222 30 3
222 114 30 4
114 149 30 4
149 0 30 0
31 10
0 289 31 5
289 238 31 3
238 274 31 5
274 203 31 4
203 17 31 5
17 279 31 4
279 254 31 3
254 249 31 4
249 236 31 4
236 0 31 0
32 6
0 243 32 5
243 222 32 5
222 263 32 3
263 219 32 5
219 207 32 4
207 0 32 0
33 11
0 170 33 3
170 214 33 3
214 179 33 5
179 110 33 3
110 5 33 5
5 203 33 3
203 292 33 5
292 103 33 5
103 159 33 5
159 256 33 3
256 0 33 0
34 14
0 214 34 5
214 145 34 4
145 66 34 3
66 113 34 3
113 107 34 5
107 76 34 3
76 209 34 4
209 211 34 5
211 102 34 3
102 293 34 5
293 278 34 4
278 171 34 5
171 65 34 5
65 0 34 0
35 14
0 223 35 3
223 68 35 4
68 287 35 5
287 242 35 4
242 255 35 5
255 264 35 4
264 12 35 4
12 221 35 3
221 212 35 5
212 245 35 3
245 267 35 5
267 167 35 4
167 276 35 3
276 0 35 0
36 14
0 223 36 5
223 106 36 3
106 280 36 4
280 242 36 5
242 196 36 5
196 210 36 4
210 119 36 3
119 201 36 4
201 160 36 4
160 200 36 3
200 131 36 5
131 213 36 5
213 260 36 4
260 0 36 0
37 10
0 192 37 3
192 52 37 4
52 206 37 5
206 265 37 3
265 199 37 3
199 215 37 5
215 153 37 5
153 270 37 3
270 253 37 3
253 0 37 0
38 7
0 238 38 4
238 202 38 4
202 204 38 5
204 41 38 4
41 121 38 4
121 250 38 5
250 0 38 0
39 6
0 273 39 3
273 202 39 5
202 204 39 3
204 108 39 5
108 250 39 3
250 0 39 0
