# Solution for ../instances-HHCRSP/InstanzVNS_HCSRP_200_1.txt
# Cost = 1429.11 Dist = 4266.4 Tard = 15.2105 TMax = 5.70328
# <vehicle> <route length>
# <origin node> <dest node> <vehicle> <service type>
0 13
0 139 0 0
139 189 0 0
189 101 0 0
101 82 0 0
82 19 0 0
19 183 0 0
183 90 0 0
90 195 0 0
195 199 0 0
199 185 0 0
185 197 0 0
197 46 0 0
46 0 0 0
1 15
0 42 1 2
42 182 1 2
182 17 1 2
17 186 1 2
186 178 1 2
178 193 1 2
193 194 1 2
194 123 1 2
123 5 1 2
5 59 1 2
59 57 1 2
57 131 1 2
131 40 1 2
40 133 1 2
133 0 1 0
2 10
0 134 2 1
134 177 2 1
177 98 2 1
98 12 2 1
12 111 2 1
111 128 2 1
128 78 2 1
78 176 2 1
176 192 2 1
192 0 2 0
3 9
0 181 3 2
181 81 3 2
81 137 3 2
137 184 3 2
184 53 3 2
53 30 3 2
30 200 3 2
200 99 3 2
99 0 3 0
4 8
0 43 4 1
43 180 4 1
180 56 4 1
56 120 4 1
120 3 4 1
3 41 4 1
41 110 4 1
110 0 4 0
5 3
0 31 5 1
31 89 5 1
89 0 5 0
6 9
0 70 6 2
70 13 6 1
13 67 6 2
67 73 6 1
73 22 6 2
22 21 6 2
21 173 6 2
173 58 6 1
58 0 6 0
7 21
0 125 7 0
125 33 7 0
33 198 7 2
198 175 7 0
175 104 7 1
104 60 7 2
60 62 7 1
62 71 7 1
71 15 7 0
15 179 7 0
179 188 7 2
188 93 7 2
93 187 7 0
187 103 7 0
103 106 7 0
106 66 7 0
66 191 7 2
191 25 7 2
25 7 7 2
7 107 7 0
107 0 7 0
8 10
0 47 8 0
47 190 8 1
190 172 8 1
172 48 8 0
48 77 8 0
77 97 8 1
97 11 8 1
11 171 8 1
171 196 8 0
196 0 8 0
9 12
0 174 9 0
174 18 9 0
18 61 9 0
61 84 9 0
84 100 9 0
100 105 9 0
105 129 9 2
129 38 9 0
38 92 9 0
92 75 9 0
75 55 9 0
55 0 9 0
10 15
0 52 10 3
52 177 10 5
177 85 10 3
85 189 10 3
189 26 10 5
26 109 10 3
109 146 10 5
146 152 10 5
152 163 10 3
163 168 10 5
168 183 10 4
183 124 10 4
124 4 10 3
4 173 10 4
173 0 10 0
11 9
0 127 11 3
127 159 11 3
159 54 11 3
54 39 11 3
39 158 11 3
158 29 11 3
29 167 11 3
167 36 11 3
36 0 11 0
12 17
0 159 12 5
159 138 12 3
138 24 12 5
24 175 12 5
175 170 12 5
170 45 12 3
45 169 12 3
169 79 12 3
79 135 12 3
135 179 12 3
179 188 12 3
188 76 12 3
76 153 12 3
153 171 12 5
171 156 12 3
156 196 12 5
196 0 12 0
13 16
0 182 13 4
182 149 13 5
149 166 13 3
166 186 13 4
186 178 13 5
178 2 13 4
2 193 13 5
193 194 13 3
194 132 13 3
132 116 13 4
116 80 13 5
80 1 13 3
1 195 13 4
195 147 13 4
147 96 13 5
96 0 13 0
14 9
0 8 14 4
8 151 14 4
151 161 14 4
161 155 14 4
155 51 14 4
51 32 14 4
32 74 14 4
74 143 14 4
143 0 14 0
15 10
0 180 15 4
180 149 15 3
149 166 15 4
166 146 15 4
146 152 15 3
152 163 15 4
163 168 15 3
168 68 15 4
68 44 15 3
44 0 15 0
16 15
0 181 16 4
181 27 16 4
27 172 16 4
172 6 16 4
6 160 16 4
160 142 16 4
142 16 16 4
16 94 16 4
94 165 16 4
165 126 16 4
126 184 16 5
184 158 16 5
158 167 16 5
167 69 16 5
69 0 16 0
17 13
0 154 17 3
154 91 17 3
91 198 17 5
198 140 17 4
140 170 17 4
170 102 17 4
102 169 17 4
169 23 17 4
23 144 17 4
144 112 17 4
112 187 17 4
187 147 17 5
147 0 17 0
18 9
0 154 18 5
154 14 18 3
14 20 18 5
20 190 18 5
190 160 18 5
160 142 18 3
142 165 18 5
165 200 18 3
200 0 18 0
19 5
0 151 19 3
151 83 19 5
83 161 19 5
161 155 19 5
155 0 19 0
20 13
0 148 20 3
148 117 20 5
117 65 20 4
65 37 20 3
37 136 20 4
136 63 20 4
63 119 20 4
119 114 20 5
114 145 20 4
145 64 20 3
64 153 20 5
153 156 20 4
156 0 20 0
21 4
0 122 21 5
122 87 21 5
87 150 21 3
150 0 21 0
22 12
0 148 22 4
148 115 22 3
115 86 22 5
86 49 22 4
49 144 22 5
144 35 22 5
35 199 22 4
199 72 22 4
72 185 22 4
185 197 22 5
197 143 22 5
143 0 22 0
23 4
0 95 23 5
95 9 23 4
9 150 23 5
150 0 23 0
24 8
0 50 24 5
50 174 24 3
174 88 24 5
88 157 24 4
157 141 24 4
141 28 24 5
28 164 24 3
164 0 24 0
25 9
0 108 25 3
108 10 25 4
10 162 25 3
162 118 25 5
118 145 25 5
145 113 25 5
113 191 25 3
191 164 25 4
164 0 25 0
26 7
0 162 26 4
162 176 26 3
176 130 26 5
130 34 26 4
34 157 26 5
157 141 26 5
141 0 26 0
27 3
0 192 27 3
192 121 27 4
121 0 27 0
28 1
0 0 28 0
29 1
0 0 29 0
