# Solution for ../instances-HHCRSP/InstanzCPLEX_HCSRP_75_1.txt
# Cost = 1229.61 Dist = 2386.93 Tard = 1051.24 TMax = 250.652
# <vehicle> <route length>
# <origin node> <dest node> <vehicle> <service type>
0 15
0 33 0 0
33 47 0 0
47 19 0 0
19 73 0 0
73 18 0 0
18 67 0 0
67 38 0 0
38 74 0 0
74 46 0 0
46 72 0 0
72 64 0 0
64 15 0 0
15 48 0 0
48 75 0 0
75 0 0 0
1 5
0 42 1 2
42 5 1 2
5 22 1 2
22 40 1 2
40 0 1 0
2 9
0 43 2 1
43 12 2 1
12 68 2 2
68 41 2 1
41 66 2 1
66 25 2 2
25 7 2 2
7 21 2 2
21 0 2 0
3 4
0 31 3 1
31 70 3 1
70 13 3 1
13 0 3 0
4 8
0 17 4 2
17 65 4 2
65 3 4 1
3 71 4 2
71 69 4 2
69 11 4 1
11 30 4 2
30 0 4 0
5 7
0 56 5 3
56 37 5 3
37 54 5 3
54 69 5 5
69 29 5 3
29 75 5 3
75 0 5 0
6 10
0 56 6 4
56 14 6 3
14 54 6 4
54 6 6 4
6 63 6 3
63 71 6 3
71 16 6 4
16 39 6 3
39 53 6 3
53 0 6 0
7 12
0 49 7 4
49 24 7 5
24 60 7 3
60 62 7 3
62 65 7 5
65 27 7 4
27 2 7 4
2 57 7 3
57 72 7 4
72 55 7 4
55 58 7 3
58 0 7 0
8 6
0 8 8 4
8 9 8 4
9 51 8 4
51 74 8 3
74 4 8 3
4 0 8 0
9 9
0 20 9 5
20 45 9 3
45 60 9 4
60 62 9 5
62 23 9 4
23 63 9 5
63 36 9 3
36 53 9 5
53 0 9 0
10 5
0 73 10 4
73 35 10 5
35 59 10 4
59 28 10 5
28 0 10 0
11 5
0 70 11 4
70 52 11 3
52 67 11 3
67 32 11 4
32 0 11 0
12 9
0 61 12 3
61 26 12 5
26 68 12 4
68 44 12 3
44 66 12 3
66 57 12 4
57 55 12 5
55 58 12 4
58 0 12 0
13 2
0 61 13 5
61 0 13 0
14 7
0 10 14 4
10 50 14 5
50 34 14 4
34 59 14 5
59 1 14 3
1 64 14 5
64 0 14 0
