# Solution for ../instances-HHCRSP/InstanzVNS_HCSRP_200_5.txt
# Cost = 1354.85 Dist = 4044.19 Tard = 15.0374 TMax = 5.31321
# <vehicle> <route length>
# <origin node> <dest node> <vehicle> <service type>
0 20
0 81 0 1
81 135 0 2
135 195 0 2
195 124 0 2
124 115 0 0
115 182 0 0
182 70 0 0
70 126 0 0
126 117 0 2
117 23 0 0
23 74 0 0
74 41 0 0
41 90 0 1
90 193 0 0
193 30 0 2
30 114 0 0
114 108 0 2
108 13 0 1
13 96 0 1
96 0 0 0
1 12
0 172 1 1
172 118 1 1
118 77 1 1
77 34 1 1
34 183 1 1
183 91 1 1
91 185 1 1
185 31 1 1
31 119 1 1
119 97 1 1
97 33 1 1
33 0 1 0
2 9
0 196 2 2
196 188 2 2
188 198 2 2
198 36 2 2
36 3 2 2
3 180 2 2
180 64 2 2
64 100 2 2
100 0 2 0
3 13
0 93 3 0
93 131 3 0
131 14 3 0
14 99 3 0
99 17 3 0
17 177 3 0
177 87 3 0
87 178 3 0
178 85 3 0
85 116 3 0
116 88 3 0
88 5 3 0
5 0 3 0
4 14
0 71 4 1
71 174 4 1
174 192 4 1
192 194 4 1
194 76 4 1
76 187 4 2
187 171 4 2
171 40 4 1
40 140 4 2
140 173 4 2
173 82 4 1
82 35 4 1
35 24 4 2
24 0 4 0
5 10
0 199 5 0
199 121 5 1
121 104 5 0
104 18 5 1
18 51 5 1
51 86 5 1
86 197 5 1
197 102 5 1
102 176 5 1
176 0 5 0
6 3
0 15 6 2
15 32 6 2
32 0 6 0
7 9
0 179 7 0
179 181 7 0
181 43 7 0
43 191 7 0
191 190 7 0
190 21 7 0
21 56 7 0
56 137 7 0
137 0 7 0
8 4
0 175 8 1
175 84 8 1
84 75 8 1
75 0 8 0
9 13
0 46 9 2
46 184 9 1
184 9 9 2
9 186 9 2
186 200 9 2
200 69 9 2
69 39 9 1
39 27 9 2
27 4 9 2
4 25 9 1
25 106 9 1
106 189 9 2
189 0 9 0
10 16
0 154 10 3
154 172 10 5
172 165 10 3
165 164 10 3
164 11 10 5
11 142 10 3
142 66 10 3
66 155 10 3
155 185 10 3
185 157 10 3
157 158 10 5
158 162 10 3
162 150 10 3
150 92 10 3
92 159 10 5
159 0 10 0
11 15
0 154 11 5
154 188 11 5
188 166 11 3
166 174 11 4
174 192 11 4
192 194 11 3
194 12 11 3
12 161 11 3
161 151 11 4
151 62 11 3
62 112 11 5
112 170 11 3
170 156 11 4
156 148 11 3
148 0 11 0
12 9
0 167 12 3
167 143 12 3
143 195 12 3
195 20 12 3
20 58 12 4
58 128 12 3
128 141 12 4
141 193 12 4
193 0 12 0
13 15
0 167 13 4
167 143 13 5
143 50 13 3
50 8 13 5
8 182 13 4
182 79 13 3
79 65 13 4
65 19 13 5
19 187 13 3
187 120 13 4
120 171 13 5
171 95 13 4
95 132 13 4
132 145 13 3
145 0 13 0
14 4
0 152 14 4
152 1 14 5
1 109 14 4
109 0 14 0
15 10
0 152 15 5
152 199 15 3
199 54 15 5
54 38 15 3
38 55 15 5
55 94 15 3
94 129 15 3
129 136 15 5
136 145 15 5
145 0 15 0
16 3
0 138 16 5
138 179 16 5
179 0 16 0
17 15
0 196 17 4
196 166 17 5
166 29 17 3
29 198 17 4
198 147 17 4
147 144 17 4
144 53 17 4
53 125 17 4
125 177 17 3
177 149 17 3
149 178 17 4
178 170 17 5
170 156 17 5
156 148 17 5
148 0 17 0
18 16
0 122 18 4
122 165 18 4
165 164 18 4
164 2 18 4
2 184 18 4
184 127 18 5
127 186 18 5
186 200 18 3
200 67 18 3
67 146 18 3
146 68 18 5
68 168 18 5
168 89 18 3
89 61 18 5
61 107 18 5
107 0 18 0
19 14
0 78 19 4
78 153 19 3
153 163 19 3
163 72 19 4
72 155 19 4
155 47 19 4
47 10 19 3
10 146 19 4
146 168 19 4
168 113 19 3
113 48 19 4
48 7 19 4
7 189 19 4
189 0 19 0
20 20
0 153 20 5
153 163 20 5
163 80 20 5
80 63 20 3
63 183 20 5
183 142 20 4
142 83 20 4
83 130 20 4
130 144 20 5
144 134 20 3
134 149 20 5
149 157 20 5
157 103 20 4
103 158 20 4
158 162 20 5
162 26 20 4
26 150 20 4
150 123 20 4
123 159 20 4
159 0 20 0
21 15
0 160 21 3
160 42 21 5
42 16 21 4
16 6 21 5
6 59 21 3
59 22 21 5
22 133 21 3
133 49 21 5
49 60 21 5
60 139 21 3
139 161 21 4
161 151 21 5
151 37 21 4
37 173 21 4
173 0 21 0
22 10
0 160 22 5
160 28 22 3
28 45 22 3
45 52 22 5
52 147 22 5
147 180 22 3
180 105 22 4
105 197 22 4
197 176 22 3
176 0 22 0
23 2
0 44 23 3
44 0 23 0
24 7
0 175 24 4
175 181 24 5
181 110 24 5
110 141 24 5
141 73 24 4
73 57 24 5
57 0 24 0
25 5
0 98 25 3
98 111 25 4
111 191 25 3
191 190 25 3
190 0 25 0
26 2
0 101 26 5
101 0 26 0
27 2
0 169 27 3
169 0 27 0
28 2
0 169 28 5
169 0 28 0
29 1
0 0 29 0
