# Solution for ../instances-HHCRSP/InstanzCPLEX_HCSRP_50_4.txt
# Cost = 543.096 Dist = 1590.93 Tard = 23.6169 TMax = 14.7429
# <vehicle> <route length>
# <origin node> <dest node> <vehicle> <service type>
0 12
0 15 0 2
15 13 0 2
13 50 0 2
50 1 0 2
1 45 0 1
45 14 0 2
14 43 0 2
43 12 0 2
12 34 0 2
34 17 0 1
17 11 0 2
11 0 0 0
1 8
0 49 1 0
49 20 1 0
20 7 1 1
7 47 1 0
47 24 1 1
24 25 1 1
25 10 1 1
10 0 1 0
2 8
0 48 2 0
48 33 2 0
33 16 2 0
16 46 2 0
46 44 2 0
44 18 2 0
18 9 2 0
9 0 2 0
3 6
0 38 3 5
38 30 3 5
30 39 3 5
39 21 3 5
21 29 3 5
29 0 3 0
4 10
0 49 4 3
49 32 4 3
32 23 4 4
23 50 4 4
50 45 4 4
45 41 4 3
41 3 4 3
3 35 4 3
35 36 4 3
36 0 4 0
5 12
0 38 5 4
38 42 5 3
42 48 5 3
48 27 5 3
27 28 5 3
28 47 5 4
47 19 5 4
19 44 5 4
44 2 5 4
2 4 5 4
4 37 5 3
37 0 5 0
6 4
0 6 6 3
6 26 6 3
26 36 6 5
36 0 6 0
7 7
0 42 7 4
42 39 7 4
39 46 7 3
46 43 7 4
43 5 7 3
5 8 7 4
8 0 7 0
8 5
0 40 8 4
40 31 8 4
31 41 8 5
41 37 8 4
37 0 8 0
9 3
0 40 9 5
40 22 9 5
22 0 9 0
