# Solution for ../instances-HHCRSP/InstanzVNS_HCSRP_300_6.txt
# Cost = 1752.3 Dist = 5235.95 Tard = 13.2939 TMax = 7.67267
# <vehicle> <route length>
# <origin node> <dest node> <vehicle> <service type>
0 9
0 290 0 0
290 5 0 1
5 90 0 0
90 260 0 0
260 259 0 0
259 293 0 1
293 274 0 1
274 272 0 0
272 0 0 0
1 6
0 159 1 1
159 281 1 1
281 298 1 1
298 111 1 1
111 121 1 1
121 0 1 0
2 16
0 60 2 2
60 258 2 0
258 13 2 0
13 3 2 2
3 276 2 2
276 287 2 2
287 53 2 1
53 47 2 2
47 24 2 1
24 94 2 0
94 80 2 1
80 251 2 2
251 253 2 1
253 297 2 1
297 109 2 0
109 0 2 0
3 15
0 25 3 2
25 282 3 2
282 67 3 2
67 264 3 1
264 269 3 1
269 182 3 1
182 184 3 2
184 128 3 2
128 296 3 2
296 98 3 2
98 99 3 2
99 76 3 1
76 180 3 2
180 79 3 2
79 0 3 0
4 15
0 165 4 0
165 279 4 1
279 66 4 0
66 183 4 1
183 95 4 1
95 18 4 0
18 33 4 0
33 271 4 0
271 158 4 1
158 174 4 1
174 262 4 0
262 268 4 1
268 191 4 1
191 289 4 1
289 0 4 0
5 15
0 16 5 0
16 283 5 0
283 284 5 0
284 36 5 1
36 285 5 1
285 2 5 0
2 136 5 0
136 77 5 0
77 78 5 0
78 72 5 0
72 273 5 1
273 261 5 1
261 177 5 1
177 257 5 1
257 0 5 0
6 9
0 143 6 2
143 299 6 2
299 255 6 2
255 265 6 2
265 129 6 2
129 150 6 2
150 266 6 2
266 168 6 2
168 0 6 0
7 10
0 22 7 2
22 124 7 2
124 133 7 2
133 119 7 2
119 64 7 2
64 197 7 2
197 187 7 2
187 156 7 2
156 294 7 2
294 0 7 0
8 2
0 85 8 1
85 0 8 0
9 16
0 51 9 2
51 198 9 0
198 144 9 2
144 4 9 0
4 134 9 0
134 20 9 2
20 173 9 0
173 292 9 1
292 61 9 1
61 288 9 1
288 113 9 0
113 114 9 0
114 172 9 1
172 12 9 2
12 73 9 2
73 0 9 0
10 11
0 131 10 0
131 122 10 1
122 151 10 0
151 193 10 1
193 291 10 0
291 26 10 0
26 280 10 0
280 286 10 0
286 199 10 0
199 147 10 1
147 0 10 0
11 6
0 30 11 2
30 92 11 2
92 300 11 2
300 116 11 2
116 181 11 2
181 0 11 0
12 16
0 139 12 2
139 31 12 2
31 82 12 2
82 103 12 0
103 97 12 2
97 295 12 0
295 277 12 1
277 40 12 2
40 189 12 0
189 127 12 1
127 190 12 0
190 23 12 1
23 267 12 2
267 106 12 1
106 254 12 0
254 0 12 0
13 13
0 157 13 0
157 275 13 1
275 256 13 1
256 252 13 1
252 188 13 1
188 19 13 1
19 104 13 1
104 15 13 1
15 126 13 1
126 278 13 1
278 58 13 1
58 1 13 1
1 0 13 0
14 4
0 44 14 0
44 132 14 0
132 161 14 0
161 0 14 0
15 4
0 59 15 1
59 112 15 1
112 263 15 1
263 0 15 0
16 3
0 43 16 1
43 270 16 1
270 0 16 0
17 3
0 41 17 0
41 142 17 0
142 0 17 0
18 16
0 238 18 3
238 207 18 3
207 242 18 3
242 48 18 4
48 216 18 4
216 276 18 3
276 287 18 5
287 100 18 4
100 248 18 4
248 28 18 5
28 108 18 4
108 206 18 4
206 230 18 3
230 102 18 5
102 229 18 3
229 0 18 0
19 14
0 238 19 4
238 207 19 5
207 242 19 5
242 216 19 5
216 153 19 5
153 248 19 5
248 239 19 4
239 236 19 3
236 196 19 4
196 176 19 5
176 267 19 4
267 110 19 3
110 229 19 4
229 0 19 0
20 14
0 27 20 4
27 279 20 3
279 55 20 4
55 8 20 4
8 71 20 5
71 21 20 3
21 149 20 4
149 273 20 3
273 261 20 4
261 117 20 4
117 257 20 4
257 115 20 5
115 14 20 3
14 0 20 0
21 17
0 290 21 5
290 39 21 5
39 49 21 4
49 45 21 5
45 6 21 5
6 86 21 5
86 146 21 3
146 83 21 4
83 210 21 3
210 260 21 3
260 37 21 4
37 286 21 5
286 293 21 4
293 274 21 5
274 201 21 3
201 96 21 3
96 0 21 0
22 12
0 35 22 5
35 282 22 5
282 243 22 3
243 194 22 5
194 91 22 4
91 162 22 5
162 235 22 3
235 130 22 3
130 227 22 4
227 225 22 3
225 224 22 3
224 0 22 0
23 12
0 50 23 3
50 283 23 5
283 299 23 3
299 284 23 5
284 34 23 5
34 233 23 4
233 240 23 3
240 217 23 5
217 300 23 4
300 263 23 4
263 245 23 3
245 0 23 0
24 9
0 7 24 5
7 137 24 5
137 148 24 4
148 243 24 4
243 291 24 3
291 280 24 4
280 120 24 5
120 226 24 3
226 0 24 0
25 17
0 249 25 3
249 258 25 3
258 195 25 4
195 138 25 3
138 141 25 5
141 192 25 3
192 74 25 5
74 292 25 3
292 219 25 3
219 211 25 3
211 288 25 4
288 101 25 3
101 218 25 3
218 38 25 5
38 247 25 3
247 297 25 3
297 0 25 0
26 13
0 249 26 5
249 11 26 4
11 152 26 5
152 84 26 5
84 89 26 4
89 107 26 4
107 256 26 5
256 219 26 4
219 211 26 5
211 218 26 4
218 163 26 5
163 135 26 4
135 0 26 0
27 11
0 234 27 4
234 205 27 4
205 237 27 4
237 210 27 4
210 220 27 4
220 222 27 3
222 203 27 4
203 259 27 5
259 272 27 4
272 201 27 4
201 0 27 0
28 6
0 234 28 5
234 246 28 5
246 212 28 5
212 164 28 3
164 10 28 5
10 0 28 0
29 15
0 202 29 3
202 215 29 4
215 88 29 4
88 264 29 3
264 269 29 4
269 62 29 4
62 235 29 4
235 185 29 5
185 296 29 5
296 170 29 5
170 175 29 3
175 69 29 3
69 125 29 3
125 226 29 4
226 0 29 0
30 15
0 202 30 4
202 215 30 5
215 171 30 5
171 65 30 3
65 17 30 5
17 275 30 5
275 244 30 3
244 46 30 4
46 155 30 5
155 239 30 5
239 236 30 5
236 251 30 3
251 253 30 4
253 247 30 4
247 0 30 0
31 14
0 167 31 4
167 205 31 5
205 237 31 5
237 281 31 5
281 298 31 3
298 220 31 5
220 222 31 5
222 203 31 5
203 68 31 5
68 81 31 4
81 179 31 5
179 75 31 4
75 294 31 3
294 0 31 0
32 14
0 208 32 3
208 209 32 3
209 250 32 3
250 285 32 4
285 255 32 3
255 200 32 4
200 252 32 5
252 241 32 3
241 87 32 5
87 262 32 3
262 268 32 3
268 289 32 4
289 169 32 4
169 0 32 0
33 13
0 208 33 5
208 209 33 5
209 250 33 4
250 223 33 4
223 232 33 3
232 265 33 3
265 221 33 3
221 105 33 5
105 32 33 4
32 227 33 5
227 225 33 4
225 224 33 5
224 0 33 0
34 15
0 231 34 3
231 93 34 5
93 204 34 4
204 214 34 3
214 228 34 3
228 145 34 3
145 52 34 3
52 244 34 4
244 271 34 5
271 186 34 5
186 241 34 4
241 278 34 4
278 266 34 5
266 29 34 3
29 0 34 0
35 13
0 231 35 5
231 204 35 5
204 214 35 5
214 228 35 5
228 295 35 4
295 277 35 5
277 9 35 4
9 123 35 3
123 166 35 5
166 206 35 5
206 230 35 4
230 254 35 3
254 0 35 0
36 6
0 178 36 4
178 63 36 3
63 240 36 4
240 217 36 4
217 245 36 4
245 0 36 0
37 4
0 246 37 3
246 212 37 4
212 57 37 3
57 0 37 0
38 11
0 160 38 5
160 154 38 3
154 140 38 5
140 223 38 5
223 232 38 4
232 221 38 5
221 118 38 4
118 213 38 4
213 42 38 4
42 70 38 3
70 0 38 0
39 6
0 56 39 5
56 54 39 3
54 233 39 5
233 213 39 5
213 270 39 5
270 0 39 0
