# Solution for ../instances-HHCRSP/InstanzVNS_HCSRP_200_8.txt
# Cost = 1182.59 Dist = 3532.57 Tard = 8.94738 TMax = 6.2377
# <vehicle> <route length>
# <origin node> <dest node> <vehicle> <service type>
0 17
0 57 0 1
57 11 0 0
11 17 0 0
17 21 0 0
21 78 0 0
78 36 0 1
36 190 0 1
190 173 0 0
173 100 0 0
100 131 0 1
131 66 0 1
66 16 0 0
16 4 0 1
4 71 0 1
71 81 0 0
81 18 0 1
18 0 0 0
1 14
0 42 1 0
42 130 1 0
130 65 1 0
65 134 1 0
134 188 1 0
188 40 1 0
40 185 1 0
185 119 1 0
119 132 1 0
132 120 1 0
120 187 1 0
187 72 1 0
72 51 1 0
51 0 1 0
2 17
0 91 2 2
91 102 2 2
102 197 2 0
197 179 2 0
179 23 2 2
23 94 2 0
94 192 2 0
192 68 2 2
68 74 2 0
74 6 2 2
6 183 2 2
183 172 2 2
172 139 2 0
139 90 2 0
90 12 2 2
12 129 2 0
129 0 2 0
3 16
0 194 3 1
194 45 3 2
45 184 3 1
184 22 3 1
22 104 3 2
104 196 3 2
196 13 3 2
13 44 3 1
44 180 3 1
180 105 3 2
105 181 3 2
181 46 3 2
46 127 3 2
127 103 3 2
103 93 3 2
93 0 3 0
4 6
0 126 4 1
126 110 4 1
110 92 4 1
92 175 4 1
175 115 4 1
115 0 4 0
5 9
0 189 5 1
189 33 5 1
33 75 5 1
75 200 5 1
200 53 5 1
53 107 5 1
107 174 5 1
174 48 5 1
48 0 5 0
6 16
0 10 6 0
10 125 6 0
125 195 6 0
195 193 6 0
193 117 6 2
117 186 6 0
186 171 6 0
171 55 6 0
55 62 6 0
62 58 6 2
58 5 6 0
5 77 6 2
77 198 6 0
198 113 6 2
113 109 6 0
109 0 6 0
7 4
0 60 7 2
60 177 7 2
177 56 7 2
56 0 7 0
8 14
0 199 8 1
199 112 8 0
112 54 8 1
54 182 8 0
182 178 8 0
178 135 8 0
135 95 8 0
95 73 8 0
73 98 8 0
98 76 8 0
76 27 8 1
27 191 8 0
191 176 8 1
176 0 8 0
9 4
0 87 9 1
87 138 9 1
138 32 9 1
32 0 9 0
10 9
0 161 10 5
161 143 10 4
143 145 10 5
145 37 10 5
37 156 10 4
156 140 10 5
140 31 10 5
31 162 10 5
162 0 10 0
11 14
0 136 11 3
136 106 11 4
106 14 11 5
14 116 11 5
116 63 11 5
63 26 11 3
26 190 11 5
190 30 11 5
30 29 11 3
29 52 11 4
52 146 11 3
146 154 11 4
154 147 11 3
147 0 11 0
12 16
0 161 12 3
161 143 12 5
143 145 12 3
145 1 12 4
1 97 12 4
97 186 12 3
186 171 12 4
171 24 12 4
24 164 12 3
164 89 12 4
89 174 12 5
174 35 12 4
35 153 12 4
153 152 12 3
152 79 12 3
79 0 12 0
13 7
0 84 13 4
84 155 13 4
155 159 13 4
159 183 13 4
183 175 13 5
175 101 13 4
101 0 13 0
14 13
0 194 14 5
194 188 14 3
188 64 14 3
64 196 14 4
196 166 14 3
166 167 14 3
167 114 14 5
114 122 14 5
122 157 14 3
157 3 14 4
3 88 14 5
88 80 14 5
80 0 14 0
15 13
0 163 15 4
163 170 15 4
170 61 15 4
61 182 15 4
182 156 15 5
156 128 15 4
128 111 15 5
111 181 15 4
181 165 15 4
165 158 15 5
158 150 15 4
150 191 15 5
191 0 15 0
16 8
0 163 16 5
163 170 16 5
170 178 16 4
178 124 16 3
124 38 16 4
38 176 16 5
176 28 16 3
28 0 16 0
17 10
0 168 17 3
168 7 17 3
7 189 17 3
189 83 17 3
83 118 17 5
118 164 17 5
164 39 17 4
39 153 17 5
153 152 17 4
152 0 17 0
18 14
0 168 18 5
168 8 18 5
8 195 18 4
195 184 18 5
184 193 18 4
193 47 18 4
47 185 18 5
185 149 18 4
149 34 18 5
34 166 18 5
166 167 18 4
167 69 18 3
69 157 18 5
157 0 18 0
19 14
0 108 19 3
108 199 19 4
199 49 19 5
49 121 19 3
121 70 19 5
70 137 19 4
137 25 19 5
25 82 19 4
82 200 19 3
200 149 19 5
149 187 19 4
187 180 19 4
180 99 19 5
99 0 19 0
20 7
0 155 20 5
155 159 20 3
159 20 20 3
20 141 20 3
141 169 20 3
169 85 20 3
85 0 20 0
21 9
0 197 21 3
197 179 21 3
179 50 21 4
50 86 21 4
86 172 21 3
172 148 21 4
148 144 21 3
144 142 21 3
142 0 21 0
22 7
0 59 22 3
59 192 22 5
192 148 22 5
148 144 22 4
144 141 22 5
141 169 22 5
169 0 22 0
23 6
0 151 23 5
151 177 23 5
177 41 23 5
41 96 23 5
96 160 23 5
160 0 23 0
24 2
0 67 24 5
67 0 24 0
25 8
0 43 25 4
43 133 25 4
133 198 25 3
198 162 25 3
162 165 25 3
165 158 25 3
158 150 25 5
150 0 25 0
26 1
0 0 26 0
27 1
0 0 27 0
28 4
0 151 28 4
151 123 28 4
123 160 28 4
160 0 28 0
29 10
0 15 29 4
15 2 29 4
2 173 29 4
173 19 29 3
19 142 29 5
142 9 29 5
9 146 29 5
146 154 29 5
154 147 29 4
147 0 29 0
