# Solution for ../instances-HHCRSP/InstanzVNS_HCSRP_100_2.txt
# Cost = 880.446 Dist = 2633.19 Tard = 5.17951 TMax = 2.96882
# <vehicle> <route length>
# <origin node> <dest node> <vehicle> <service type>
0 4
0 46 0 0
46 86 0 0
86 7 0 0
7 0 0 0
1 7
0 59 1 2
59 40 1 2
40 36 1 2
36 99 1 1
99 95 1 1
95 100 1 1
100 0 1 0
2 16
0 61 2 2
61 14 2 0
14 54 2 1
54 91 2 0
91 94 2 2
94 88 2 2
88 2 2 0
2 66 2 2
66 65 2 2
65 31 2 1
31 15 2 2
15 10 2 0
10 97 2 2
97 42 2 1
42 32 2 0
32 0 2 0
3 6
0 39 3 1
39 92 3 1
92 38 3 1
38 90 3 1
90 87 3 1
87 0 3 0
4 5
0 93 4 2
93 43 4 2
43 3 4 2
3 16 4 2
16 0 4 0
5 9
0 26 5 0
26 11 5 2
11 41 5 2
41 45 5 0
45 34 5 2
34 19 5 2
19 12 5 2
12 21 5 0
21 0 5 0
6 13
0 96 6 1
96 89 6 1
89 9 6 1
9 17 6 1
17 67 6 0
67 44 6 1
44 57 6 0
57 98 6 1
98 33 6 1
33 4 6 1
4 56 6 1
56 6 6 0
6 0 6 0
7 15
0 1 7 4
1 72 7 3
72 73 7 3
73 48 7 3
48 29 7 3
29 81 7 3
81 25 7 4
25 76 7 4
76 99 7 4
99 85 7 3
85 23 7 5
23 95 7 4
95 70 7 5
70 24 7 4
24 0 7 0
8 7
0 72 8 4
72 13 8 4
13 28 8 5
28 81 8 5
81 58 8 4
58 79 8 3
79 0 8 0
9 7
0 8 9 3
8 73 9 5
73 49 9 4
49 35 9 4
35 74 9 3
74 55 9 5
55 0 9 0
10 15
0 53 10 4
53 71 10 4
71 77 10 3
77 91 10 3
91 94 10 3
94 80 10 3
80 75 10 3
75 27 10 4
27 84 10 4
84 78 10 3
78 5 10 3
5 68 10 4
68 18 10 3
18 74 10 4
74 0 10 0
11 8
0 51 11 5
51 22 11 3
22 76 11 3
76 85 11 5
85 98 11 3
98 37 11 3
37 82 11 3
82 0 11 0
12 11
0 71 12 5
71 77 12 4
77 80 12 4
80 75 12 4
75 84 12 5
84 78 12 4
78 88 12 5
88 47 12 4
47 97 12 4
97 79 12 4
79 0 12 0
13 4
0 60 13 5
60 100 13 4
100 69 13 4
69 0 13 0
14 7
0 96 14 5
96 89 14 5
89 93 14 4
93 50 14 5
50 92 14 4
92 20 14 5
20 0 14 0
15 11
0 83 15 4
83 62 15 4
62 30 15 4
30 63 15 4
63 52 15 4
52 90 15 3
90 86 15 3
86 87 15 4
87 64 15 3
64 82 15 4
82 0 15 0
16 1
0 0 16 0
17 2
0 83 17 5
83 0 17 0
18 1
0 0 18 0
19 1
0 0 19 0
