# Solution for ../instances-HHCRSP/InstanzVNS_HCSRP_200_2.txt
# Cost = 1336.33 Dist = 3985.09 Tard = 15.8517 TMax = 8.04203
# <vehicle> <route length>
# <origin node> <dest node> <vehicle> <service type>
0 8
0 200 0 1
200 39 0 1
39 92 0 1
92 38 0 1
38 116 0 0
116 185 0 1
185 192 0 0
192 0 0 0
1 4
0 59 1 2
59 3 1 2
3 175 1 2
175 0 1 0
2 17
0 91 2 0
91 182 2 0
182 11 2 2
11 26 2 0
26 136 2 2
136 196 2 0
196 2 2 0
2 45 2 0
45 66 2 2
66 34 2 2
34 187 2 2
187 15 2 2
15 10 2 0
10 176 2 2
176 65 2 2
65 179 2 2
179 0 2 0
3 21
0 96 3 1
96 61 3 2
61 132 3 1
132 172 3 1
172 174 3 2
174 181 3 1
181 171 3 1
171 41 3 2
41 80 3 1
80 103 3 2
103 72 3 2
72 180 3 2
180 56 3 1
56 113 3 1
113 19 3 2
19 12 3 2
12 184 3 2
184 4 3 1
4 42 3 1
42 97 3 2
97 0 3 0
4 6
0 189 4 2
189 121 4 2
121 90 4 2
90 16 4 2
16 100 4 2
100 0 4 0
5 9
0 198 5 0
198 108 5 1
108 173 5 1
173 133 5 1
133 188 5 1
188 31 5 1
31 114 5 0
114 105 5 0
105 0 5 0
6 13
0 190 6 0
190 46 6 0
46 123 6 1
123 199 6 0
199 83 6 0
83 115 6 0
115 117 6 1
117 191 6 0
191 6 6 0
6 57 6 0
57 128 6 1
128 7 6 0
7 0 6 0
7 2
0 43 7 2
43 0 7 0
8 15
0 177 8 1
177 9 8 1
9 71 8 1
71 14 8 0
14 54 8 1
54 183 8 1
183 140 8 1
140 138 8 1
138 129 8 1
129 106 8 0
106 21 8 0
21 33 8 1
33 32 8 0
32 82 8 1
82 0 8 0
9 14
0 120 9 1
120 17 9 1
17 186 9 1
186 193 9 2
193 131 9 1
131 67 9 0
67 40 9 2
40 194 9 1
194 44 9 1
44 36 9 2
36 197 9 0
197 195 9 1
195 178 9 2
178 0 9 0
10 16
0 146 10 4
146 172 10 5
172 151 10 4
151 94 10 5
94 49 10 4
49 170 10 4
170 196 10 4
196 27 10 4
27 124 10 4
124 84 10 4
84 68 10 4
68 35 10 4
35 149 10 4
149 74 10 4
74 155 10 4
155 0 10 0
11 18
0 200 11 3
200 60 11 5
60 93 11 3
93 110 11 5
110 62 11 4
62 162 11 4
162 107 11 4
107 163 11 4
163 141 11 4
141 157 11 4
157 164 11 3
164 102 11 3
102 64 11 3
64 143 11 3
143 142 11 3
142 166 11 4
166 185 11 5
185 0 11 0
12 13
0 81 12 3
81 147 12 3
147 145 12 4
145 144 12 4
144 156 12 3
156 73 12 3
73 188 12 4
188 167 12 4
167 58 12 4
58 197 12 4
197 195 12 4
195 178 12 4
178 0 12 0
13 15
0 198 13 3
198 28 13 5
28 151 13 3
151 182 13 3
182 170 13 5
170 5 13 3
5 158 13 5
158 78 13 3
78 153 13 5
153 18 13 3
18 149 13 5
149 176 13 3
176 155 13 3
155 179 13 3
179 0 13 0
14 19
0 146 14 5
146 77 14 4
77 174 14 5
174 147 14 5
147 145 14 5
145 144 14 5
144 156 14 5
156 88 14 3
88 29 14 3
29 160 14 3
160 159 14 3
159 111 14 4
111 150 14 3
150 148 14 3
148 139 14 3
139 184 14 4
184 47 14 4
47 24 14 4
24 0 14 0
15 2
0 63 15 4
63 0 15 0
16 17
0 126 16 5
126 190 16 3
190 127 16 5
127 162 16 5
162 193 16 4
193 101 16 3
101 22 16 3
22 85 16 4
85 99 16 4
99 23 16 5
23 191 16 5
191 152 16 4
152 143 16 5
143 142 16 4
142 166 16 5
166 87 16 4
87 0 16 0
17 16
0 50 17 5
50 104 17 3
104 1 17 4
1 118 17 4
118 168 17 3
168 181 17 4
181 75 17 5
75 171 17 5
171 158 17 4
158 109 17 5
109 153 17 4
153 134 17 4
134 187 17 3
187 165 17 3
165 130 17 3
130 0 17 0
18 1
0 0 18 0
19 11
0 173 19 3
173 25 19 4
25 135 19 5
135 122 19 3
122 167 19 5
167 160 19 5
160 159 19 4
159 150 19 5
150 55 19 5
55 79 19 3
79 0 19 0
20 15
0 89 20 5
89 177 20 5
177 154 20 3
154 161 20 3
161 8 20 3
8 168 20 4
168 48 20 3
48 13 20 4
13 183 20 4
183 125 20 4
125 180 20 4
180 76 20 3
76 148 20 5
148 165 20 4
165 0 20 0
21 9
0 154 21 5
154 161 21 4
161 53 21 4
53 199 21 5
199 52 21 4
52 164 21 5
164 152 21 5
152 169 21 4
169 0 21 0
22 10
0 51 22 5
51 186 22 3
186 98 22 4
98 119 22 5
119 70 22 5
70 30 22 4
30 194 22 3
194 37 22 3
37 95 22 3
95 0 22 0
23 10
0 137 23 3
137 189 23 3
189 163 23 3
163 141 23 5
141 157 23 5
157 175 23 3
175 86 23 3
86 112 23 5
112 169 23 3
169 0 23 0
24 4
0 20 24 5
20 69 24 4
69 192 24 3
192 0 24 0
25 1
0 0 25 0
26 1
0 0 26 0
27 1
0 0 27 0
28 1
0 0 28 0
29 1
0 0 29 0
