# Solution for ../instances-HHCRSP/InstanzVNS_HCSRP_200_3.txt
# Cost = 1263.39 Dist = 3787.41 Tard = 1.37743 TMax = 1.37743
# <vehicle> <route length>
# <origin node> <dest node> <vehicle> <service type>
0 13
0 181 0 1
181 107 0 1
107 10 0 1
10 196 0 1
196 172 0 0
172 91 0 0
91 180 0 1
180 186 0 0
186 135 0 0
135 133 0 1
133 97 0 0
97 200 0 1
200 0 0 0
1 10
0 35 1 2
35 33 1 0
33 122 1 0
122 174 1 2
174 191 1 2
191 112 1 2
112 31 1 2
31 139 1 0
139 76 1 2
76 0 1 0
2 16
0 40 2 1
40 50 2 2
50 176 2 1
176 108 2 1
108 182 2 2
182 175 2 2
175 125 2 1
125 43 2 2
43 183 2 2
183 47 2 2
47 123 2 1
123 87 2 2
87 130 2 2
130 86 2 2
86 54 2 1
54 0 2 0
3 10
0 2 3 2
2 124 3 2
124 89 3 2
89 184 3 2
184 38 3 0
38 140 3 2
140 138 3 2
138 187 3 2
187 136 3 2
136 0 3 0
4 9
0 61 4 2
61 88 4 2
88 1 4 2
1 79 4 2
79 69 4 2
69 29 4 2
29 72 4 2
72 103 4 2
103 0 4 0
5 9
0 114 5 0
114 117 5 0
117 59 5 0
59 22 5 0
22 171 5 0
171 6 5 0
6 34 5 0
34 189 5 0
189 0 5 0
6 17
0 198 6 1
198 197 6 1
197 177 6 0
177 194 6 1
194 190 6 1
190 173 6 1
173 45 6 2
45 178 6 1
178 121 6 0
121 128 6 0
128 17 6 0
17 137 6 0
137 67 6 1
67 60 6 0
60 5 6 0
5 126 6 0
126 0 6 0
7 3
0 68 7 0
68 3 7 0
3 0 7 0
8 17
0 20 8 1
20 195 8 1
195 9 8 1
9 111 8 1
111 62 8 1
62 26 8 1
26 4 8 1
4 80 8 1
80 90 8 1
90 192 8 2
192 64 8 2
64 118 8 2
118 41 8 1
41 185 8 1
185 193 8 2
193 199 8 2
199 0 8 0
9 7
0 179 9 1
179 23 9 1
23 63 9 1
63 188 9 1
188 21 9 1
21 65 9 1
65 0 9 0
10 5
0 181 10 4
181 162 10 4
162 142 10 4
142 46 10 4
46 0 10 0
11 14
0 146 11 3
146 145 11 3
145 7 11 3
7 143 11 3
143 55 11 3
55 197 11 5
197 174 11 3
174 131 11 4
131 149 11 3
149 75 11 4
75 119 11 3
119 78 11 5
78 167 11 3
167 0 11 0
12 15
0 146 12 5
146 145 12 5
145 110 12 5
110 143 12 4
143 74 12 3
74 168 12 3
168 151 12 4
151 177 12 5
177 194 12 3
194 190 12 4
190 18 12 3
18 94 12 4
94 32 12 5
32 167 12 5
167 0 12 0
13 6
0 24 13 5
24 163 13 5
163 105 13 5
105 81 13 5
81 77 13 5
77 0 13 0
14 13
0 152 14 4
152 27 14 5
27 165 14 5
165 156 14 5
156 16 14 4
16 196 14 4
196 129 14 5
129 169 14 4
169 30 14 5
30 193 14 4
193 199 14 5
199 150 14 4
150 0 14 0
15 10
0 152 15 3
152 165 15 4
165 156 15 3
156 92 15 4
92 100 15 4
100 115 15 3
115 169 15 3
169 185 15 3
185 150 15 3
150 0 15 0
16 14
0 198 16 5
198 176 16 5
176 102 16 4
102 160 16 3
160 192 16 4
192 13 16 5
13 19 16 4
19 189 16 4
189 58 16 4
58 120 16 5
120 14 16 4
14 25 16 4
25 159 16 4
159 0 16 0
17 10
0 163 17 3
163 83 17 4
83 172 17 3
172 180 17 3
180 48 17 5
48 154 17 3
154 148 17 3
148 187 17 5
187 39 17 3
39 0 17 0
18 12
0 36 18 3
36 195 18 5
195 71 18 5
71 98 18 5
98 182 18 4
182 160 18 4
160 171 18 5
171 104 18 5
104 12 18 4
12 11 18 3
11 141 18 4
141 0 18 0
19 18
0 147 19 3
147 127 19 4
127 70 19 5
70 168 19 4
168 151 19 5
151 109 19 3
109 8 19 4
8 173 19 5
173 149 19 5
149 191 19 4
191 51 19 3
51 178 19 5
178 52 19 3
52 155 19 3
155 134 19 4
134 170 19 3
170 141 19 5
141 0 19 0
20 9
0 161 20 3
161 158 20 5
158 93 20 5
93 153 20 3
153 164 20 3
164 157 20 3
157 99 20 3
99 101 20 5
101 0 20 0
21 9
0 147 21 4
147 42 21 5
42 162 21 3
162 142 21 5
142 184 21 3
184 186 21 5
186 154 21 5
154 148 21 5
148 0 21 0
22 8
0 161 22 5
161 158 22 4
158 153 22 4
153 164 22 4
164 85 22 4
85 157 22 5
157 159 22 5
159 0 22 0
23 11
0 132 23 4
132 44 23 4
44 84 23 3
84 175 23 5
175 183 23 3
183 57 23 3
57 66 23 3
66 82 23 5
82 155 23 4
155 170 23 5
170 0 23 0
24 3
0 15 24 3
15 166 24 3
166 0 24 0
25 8
0 113 25 4
113 96 25 5
96 56 25 4
56 188 25 3
188 106 25 5
106 144 25 4
144 37 25 3
37 0 25 0
26 1
0 0 26 0
27 9
0 49 27 4
49 179 27 3
179 28 27 5
28 116 27 3
116 73 27 4
73 95 27 5
95 53 27 3
53 200 27 4
200 0 27 0
28 2
0 166 28 5
166 0 28 0
29 2
0 144 29 5
144 0 29 0
