# Solution for ../instances-HHCRSP/InstanzVNS_HCSRP_200_9.txt
# Cost = 1347.57 Dist = 3940.67 Tard = 80.8595 TMax = 21.1694
# <vehicle> <route length>
# <origin node> <dest node> <vehicle> <service type>
0 6
0 192 0 0
192 123 0 0
123 182 0 0
182 61 0 0
61 55 0 0
55 0 0 0
1 11
0 116 1 2
116 11 1 2
11 36 1 2
36 95 1 2
95 196 1 2
196 175 1 2
175 84 1 2
84 112 1 2
112 176 1 2
176 45 1 2
45 0 1 0
2 14
0 54 2 1
54 89 2 1
89 9 2 1
9 56 2 0
56 27 2 0
27 4 2 1
4 83 2 0
83 134 2 1
134 200 2 0
200 193 2 1
193 137 2 1
137 191 2 1
191 21 2 1
21 0 2 0
3 11
0 117 3 1
117 177 3 0
177 30 3 1
30 1 3 1
1 186 3 1
186 125 3 1
125 105 3 1
105 122 3 1
122 171 3 0
171 172 3 0
172 0 3 0
4 10
0 82 4 1
82 189 4 0
189 98 4 1
98 197 4 0
197 10 4 1
10 198 4 1
198 181 4 1
181 135 4 1
135 53 4 0
53 0 4 0
5 14
0 42 5 2
42 59 5 2
59 73 5 0
73 43 5 0
43 71 5 0
71 194 5 0
194 33 5 0
33 90 5 0
90 187 5 2
187 80 5 0
80 69 5 0
69 190 5 0
190 188 5 0
188 0 5 0
6 3
0 180 6 0
180 32 6 0
32 0 6 0
7 16
0 64 7 2
64 47 7 2
47 81 7 0
81 35 7 2
35 195 7 2
195 124 7 2
124 87 7 2
87 58 7 2
58 26 7 0
26 20 7 0
20 183 7 2
183 44 7 2
44 31 7 0
31 140 7 0
140 60 7 2
60 0 7 0
8 18
0 16 8 2
16 179 8 1
179 173 8 2
173 50 8 1
50 79 8 0
79 178 8 0
178 8 8 0
8 139 8 2
139 77 8 2
77 72 8 2
72 86 8 1
86 18 8 2
18 78 8 1
78 138 8 1
138 74 8 1
74 57 8 2
57 111 8 2
111 0 8 0
9 14
0 185 9 2
185 101 9 1
101 23 9 2
23 97 9 1
97 96 9 1
96 199 9 2
199 184 9 2
184 85 9 1
85 28 9 2
28 127 9 2
127 174 9 2
174 126 9 2
126 93 9 2
93 0 9 0
10 18
0 192 10 5
192 150 10 5
150 146 10 4
146 161 10 5
161 22 10 4
22 155 10 5
155 168 10 4
168 178 10 5
178 12 10 4
12 160 10 5
160 88 10 4
88 158 10 5
158 200 10 5
200 193 10 5
193 131 10 5
131 24 10 4
24 167 10 4
167 0 10 0
11 12
0 49 11 5
49 150 11 3
150 146 11 3
146 161 11 3
161 155 11 3
155 168 11 5
168 196 11 5
196 119 11 3
119 92 11 4
92 176 11 3
176 51 11 4
51 0 11 0
12 15
0 145 12 4
145 2 12 4
2 113 12 3
113 179 12 4
179 173 12 5
173 68 12 4
68 132 12 3
132 160 12 3
160 19 12 5
19 158 12 3
158 62 12 3
62 191 12 3
191 136 12 3
136 167 12 3
167 0 12 0
13 17
0 145 13 5
145 106 13 3
106 147 13 3
147 166 13 3
166 162 13 3
162 6 13 3
6 63 13 4
63 144 13 3
144 37 13 5
37 187 13 3
187 152 13 3
152 190 13 3
190 148 13 4
148 188 13 5
188 40 13 5
40 169 13 4
169 0 13 0
14 10
0 165 14 4
165 185 14 5
185 142 14 4
142 3 14 4
3 194 14 5
194 46 14 5
46 181 14 5
181 94 14 4
94 141 14 4
141 0 14 0
15 3
0 165 15 3
165 151 15 3
151 0 15 0
16 12
0 156 16 4
156 34 16 4
34 66 16 3
66 107 16 5
107 76 16 3
76 163 16 4
163 103 16 5
103 184 16 4
184 159 16 4
159 41 16 4
41 157 16 3
157 0 16 0
17 9
0 156 17 5
156 154 17 3
154 128 17 5
128 199 17 5
199 109 17 3
109 163 17 3
163 102 17 3
102 169 17 3
169 0 17 0
18 17
0 170 18 4
170 164 18 4
164 130 18 4
130 104 18 4
104 195 18 3
195 110 18 3
110 115 18 3
115 38 18 3
38 17 18 5
17 13 18 4
13 141 18 3
141 183 18 3
183 65 18 5
65 171 18 4
171 172 18 4
172 157 18 5
157 0 18 0
19 9
0 133 19 3
133 91 19 3
91 154 19 4
154 39 19 3
39 142 19 3
142 198 19 4
198 149 19 3
149 14 19 4
14 0 19 0
20 15
0 170 20 5
170 164 20 5
164 147 20 4
147 166 20 5
166 162 20 5
162 67 20 5
67 75 20 5
75 70 20 5
70 175 20 4
175 144 20 4
144 129 20 5
129 15 20 5
15 29 20 3
29 118 20 3
118 0 20 0
21 9
0 52 21 4
52 177 21 5
177 5 21 5
5 182 21 5
182 48 21 5
48 186 21 3
186 152 21 5
152 148 21 5
148 0 21 0
22 7
0 100 22 5
100 25 22 5
25 99 22 4
99 151 22 4
151 7 22 5
7 149 22 4
149 0 22 0
23 5
0 143 23 4
143 180 23 5
180 120 23 4
120 114 23 4
114 0 23 0
24 5
0 143 24 5
143 108 24 5
108 159 24 3
159 174 24 3
174 0 24 0
25 4
0 153 25 4
153 121 25 4
121 189 25 5
189 0 25 0
26 3
0 153 26 5
153 197 26 5
197 0 26 0
27 1
0 0 27 0
28 1
0 0 28 0
29 1
0 0 29 0
