# Solution for ../instances-HHCRSP/InstanzCPLEX_HCSRP_25_10.txt
# Cost = 469.584 Dist = 1349.95 Tard = 31.0494 TMax = 27.7521
# <vehicle> <route length>
# <origin node> <dest node> <vehicle> <service type>
0 5
0 2 0 0
2 4 0 0
4 16 0 0
16 14 0 0
14 0 0 0
1 7
0 22 1 2
22 7 1 1
7 11 1 1
11 24 1 1
24 23 1 1
23 25 1 1
25 0 1 0
2 9
0 22 2 4
22 3 2 3
3 8 2 4
8 6 2 4
6 23 2 4
23 21 2 3
21 1 2 3
1 10 2 4
10 0 2 0
3 7
0 20 3 4
20 5 3 4
5 18 3 4
18 17 3 4
17 19 3 3
19 25 3 5
25 0 3 0
4 10
0 20 4 5
20 12 4 5
12 15 4 3
15 18 4 5
18 24 4 3
24 19 4 4
19 9 4 3
9 21 4 5
21 13 4 3
13 0 4 0
