# Solution for ../instances-HHCRSP/InstanzCPLEX_HCSRP_75_10.txt
# Cost = 1366.4 Dist = 2547 Tard = 1316.5 TMax = 235.709
# <vehicle> <route length>
# <origin node> <dest node> <vehicle> <service type>
0 18
0 70 0 0
70 73 0 0
73 2 0 0
2 26 0 1
26 4 0 0
4 64 0 0
64 33 0 0
33 16 0 0
16 36 0 1
36 69 0 0
69 67 0 0
67 44 0 0
44 72 0 0
72 71 0 0
71 14 0 0
14 48 0 0
48 47 0 0
47 0 0 0
1 3
0 29 1 2
29 31 1 2
31 0 1 0
2 5
0 32 2 2
32 24 2 2
24 66 2 2
66 28 2 2
28 0 2 0
3 14
0 7 3 1
7 11 3 1
11 22 3 1
22 68 3 1
68 35 3 1
35 50 3 1
50 18 3 1
18 65 3 1
65 40 3 1
40 19 3 1
19 74 3 1
74 42 3 1
42 75 3 1
75 0 3 0
4 5
0 34 4 2
34 27 4 2
27 43 4 2
43 30 4 2
30 0 4 0
5 14
0 63 5 3
63 61 5 3
61 39 5 3
39 3 5 3
3 8 5 4
8 6 5 4
6 64 5 3
64 23 5 3
23 1 5 3
1 21 5 5
21 10 5 4
10 59 5 5
59 54 5 3
54 0 5 0
6 11
0 63 6 4
63 61 6 5
61 57 6 5
57 68 6 5
68 38 6 4
38 52 6 5
52 62 6 4
62 67 6 4
67 72 6 5
72 54 6 5
54 0 6 0
7 7
0 73 7 5
73 41 7 5
41 46 7 5
46 25 7 5
25 55 7 5
55 66 7 5
66 0 7 0
8 9
0 70 8 3
70 15 8 3
15 49 8 5
49 20 8 4
20 51 8 5
51 56 8 5
56 13 8 3
13 60 8 5
60 0 8 0
9 2
0 53 9 3
53 0 9 0
10 8
0 45 10 4
45 37 10 4
37 57 10 4
57 9 10 3
9 69 10 4
69 62 10 3
62 59 10 4
59 0 10 0
11 5
0 58 11 3
58 56 11 3
56 74 11 3
74 60 11 4
60 0 11 0
12 2
0 53 12 5
53 0 12 0
13 6
0 12 13 5
12 58 13 4
58 65 13 5
65 17 13 4
17 71 13 4
71 0 13 0
14 4
0 5 14 4
5 55 14 3
55 75 14 3
75 0 14 0
