# Solution for ../instances-HHCRSP/InstanzVNS_HCSRP_100_1.txt
# Cost = 1345.15 Dist = 2777.68 Tard = 1033.88 TMax = 223.883
# <vehicle> <route length>
# <origin node> <dest node> <vehicle> <service type>
0 17
0 47 0 0
47 33 0 0
33 86 0 0
86 94 0 0
94 15 0 0
15 48 0 0
48 100 0 0
100 90 0 0
90 66 0 0
66 61 0 0
61 18 0 0
18 38 0 0
38 92 0 0
92 19 0 0
19 46 0 0
46 55 0 0
55 0 0 0
1 13
0 42 1 2
42 31 1 1
31 43 1 1
43 98 1 2
98 70 1 2
70 95 1 2
95 13 1 1
13 87 1 2
87 67 1 2
67 89 1 2
89 58 1 1
58 21 1 2
21 0 1 0
2 9
0 91 2 2
91 62 2 1
62 60 2 2
60 97 2 1
97 30 2 2
30 99 2 2
99 11 2 1
11 53 2 2
53 0 2 0
3 9
0 88 3 2
88 17 3 2
17 5 3 2
5 22 3 2
22 59 3 2
59 25 3 2
25 57 3 2
57 7 3 2
7 0 3 0
4 2
0 40 4 2
40 0 4 0
5 7
0 12 5 1
12 56 5 1
56 41 5 1
41 3 5 1
3 93 5 1
93 96 5 1
96 0 5 0
6 1
0 0 6 0
7 12
0 86 7 4
86 27 7 4
27 6 7 4
6 94 7 4
94 39 7 3
39 16 7 4
16 100 7 3
100 77 7 4
77 76 7 4
76 29 7 3
29 99 7 5
99 0 7 0
8 11
0 83 8 4
83 98 8 4
98 84 8 5
84 85 8 4
85 26 8 5
26 73 8 5
73 74 8 5
74 32 8 4
32 75 8 5
75 51 8 4
51 0 8 0
9 6
0 83 9 5
83 95 9 4
95 87 9 5
87 82 9 4
82 92 9 4
92 0 9 0
10 12
0 91 10 3
91 14 10 3
14 49 10 4
49 45 10 3
45 71 10 3
71 79 10 3
79 23 10 4
23 63 10 4
63 1 10 3
1 80 10 4
80 72 10 3
72 0 10 0
11 6
0 10 11 4
10 34 11 4
34 78 11 3
78 90 11 4
90 44 11 3
44 0 11 0
12 8
0 50 12 5
50 88 12 3
88 68 12 4
68 78 12 5
78 2 12 4
2 35 12 5
35 82 12 3
82 0 12 0
13 10
0 8 13 4
8 52 13 3
52 84 13 4
84 85 13 3
85 4 13 3
4 73 13 3
73 74 13 3
74 89 13 4
89 75 13 3
75 0 13 0
14 10
0 81 14 3
81 37 14 3
37 20 14 5
20 77 14 5
77 76 14 3
76 64 14 3
64 80 14 3
80 72 14 5
72 28 14 5
28 0 14 0
15 12
0 81 15 4
81 65 15 4
65 24 15 5
24 54 15 3
54 71 15 4
71 79 15 4
79 97 15 4
97 69 15 5
69 36 15 3
36 93 15 5
93 96 15 4
96 0 15 0
16 1
0 0 16 0
17 1
0 0 17 0
18 2
0 9 18 4
9 0 18 0
19 1
0 0 19 0
