# Solution for ../instances-HHCRSP/InstanzCPLEX_HCSRP_75_6.txt
# Cost = 752.74 Dist = 2250.86 Tard = 3.68169 TMax = 3.68169
# <vehicle> <route length>
# <origin node> <dest node> <vehicle> <service type>
0 13
0 67 0 1
67 65 0 1
65 4 0 0
4 13 0 0
13 74 0 0
74 19 0 1
19 40 0 2
40 15 0 1
15 23 0 1
23 24 0 1
24 73 0 1
73 1 0 1
1 0 0 0
1 6
0 25 1 2
25 51 1 2
51 3 1 2
3 47 1 2
47 12 1 2
12 0 1 0
2 11
0 16 2 0
16 66 2 2
66 20 2 2
20 33 2 0
33 18 2 0
18 2 2 0
2 44 2 0
44 41 2 0
41 68 2 2
68 70 2 0
70 0 2 0
3 3
0 30 3 2
30 22 3 2
22 0 3 0
4 11
0 5 4 1
5 36 4 1
36 43 4 1
43 31 4 2
31 64 4 1
64 26 4 0
26 71 4 0
71 72 4 2
72 69 4 2
69 75 4 1
75 0 4 0
5 6
0 67 5 3
67 66 5 3
66 62 5 5
62 17 5 5
17 58 5 3
58 0 5 0
6 11
0 49 6 4
49 8 6 4
8 55 6 3
55 52 6 3
52 46 6 4
46 53 6 3
53 61 6 4
61 73 6 4
73 38 6 5
38 29 6 3
29 0 6 0
7 9
0 60 7 4
60 65 7 5
65 27 7 4
27 55 7 4
55 9 7 4
9 21 7 3
21 28 7 5
28 32 7 4
32 0 7 0
8 8
0 60 8 5
60 48 8 4
48 11 8 4
11 74 8 3
74 53 8 4
53 61 8 5
61 58 8 5
58 0 8 0
9 8
0 7 9 5
7 35 9 5
35 62 9 4
62 71 9 4
71 72 9 4
72 69 9 4
69 14 9 3
14 0 9 0
10 7
0 54 10 4
54 50 10 3
50 63 10 4
63 59 10 4
59 57 10 3
57 42 10 4
42 0 10 0
11 3
0 56 11 4
56 75 11 4
75 0 11 0
12 6
0 54 12 5
54 39 12 5
39 6 12 5
6 64 12 3
64 10 12 5
10 0 12 0
13 6
0 56 13 5
56 45 13 5
45 63 13 5
63 59 13 5
59 68 13 5
68 0 13 0
14 5
0 37 14 4
37 34 14 5
34 57 14 5
57 70 14 5
70 0 14 0
