# Solution for ../instances-HHCRSP/InstanzVNS_HCSRP_200_9.txt
# Cost = 1369.23 Dist = 4081.48 Tard = 17.7368 TMax = 8.47091
# <vehicle> <route length>
# <origin node> <dest node> <vehicle> <service type>
0 10
0 73 0 0
73 43 0 0
43 71 0 0
71 90 0 0
90 33 0 0
33 194 0 0
194 140 0 0
140 31 0 0
31 53 0 0
53 0 0 0
1 14
0 36 1 2
36 196 1 2
196 95 1 2
95 11 1 2
11 139 1 2
139 77 1 2
77 72 1 2
72 45 1 2
45 18 1 2
18 176 1 2
176 112 1 2
112 57 1 2
57 111 1 2
111 0 1 0
2 12
0 179 2 1
179 177 2 0
177 26 2 0
26 30 2 1
30 1 2 1
1 186 2 1
186 20 2 0
20 125 2 1
125 105 2 1
105 171 2 0
171 172 2 0
172 0 2 0
3 14
0 117 3 1
117 89 3 1
89 9 3 1
9 4 3 1
4 27 3 0
27 79 3 0
79 178 3 0
178 8 3 0
8 21 3 1
21 200 3 0
200 193 3 1
193 137 3 1
137 191 3 1
191 0 3 0
4 11
0 54 4 1
54 192 4 0
192 50 4 1
50 134 4 1
134 83 4 0
83 86 4 1
86 78 4 1
78 138 4 1
138 74 4 1
74 69 4 0
69 0 4 0
5 14
0 116 5 2
116 35 5 2
35 81 5 0
81 87 5 2
87 173 5 2
173 58 5 2
58 123 5 0
123 182 5 0
182 61 5 0
61 28 5 2
28 55 5 0
55 126 5 2
126 93 5 2
93 0 5 0
6 3
0 180 6 0
180 32 6 0
32 0 6 0
7 15
0 64 7 2
64 16 7 2
16 47 7 2
47 124 7 2
124 84 7 2
84 56 7 0
56 175 7 2
175 195 7 2
195 80 7 0
80 187 7 2
187 190 7 0
190 188 7 0
188 127 7 2
127 174 7 2
174 0 7 0
8 13
0 185 8 2
185 42 8 2
42 98 8 1
98 59 8 2
59 101 8 1
101 10 8 1
10 189 8 0
189 197 8 0
197 181 8 1
181 198 8 1
198 135 8 1
135 60 8 2
60 0 8 0
9 11
0 82 9 1
82 23 9 2
23 97 9 1
97 96 9 1
96 199 9 2
199 85 9 1
85 184 9 2
184 122 9 1
122 183 9 2
183 44 9 2
44 0 9 0
10 12
0 165 10 4
165 151 10 4
151 185 10 5
185 142 10 4
142 46 10 5
46 194 10 5
194 3 10 4
3 181 10 5
181 198 10 4
198 149 10 4
149 14 10 4
14 0 10 0
11 6
0 165 11 3
165 151 11 3
151 99 11 4
99 25 11 5
25 100 11 5
100 0 11 0
12 15
0 179 12 4
179 22 12 4
22 162 12 5
162 67 12 5
67 166 12 3
166 175 12 4
175 144 12 3
144 37 12 5
37 187 12 3
187 29 12 3
29 152 12 3
152 118 12 3
118 183 12 3
183 65 12 5
65 0 12 0
13 4
0 143 13 4
143 120 13 4
120 114 13 4
114 0 13 0
14 3
0 143 14 5
143 180 14 5
180 0 14 0
15 10
0 164 15 4
164 104 15 4
104 162 15 3
162 6 15 3
6 63 15 4
63 195 15 3
195 144 15 4
144 38 15 3
38 141 15 3
141 0 15 0
16 17
0 49 16 5
49 164 16 5
164 146 16 3
146 161 16 3
161 196 16 5
196 150 16 3
150 68 16 4
68 168 16 4
168 132 16 3
132 62 16 3
62 158 16 3
158 160 16 3
160 200 16 5
200 193 16 5
193 191 16 3
191 136 16 3
136 0 16 0
17 11
0 156 17 5
156 177 17 5
177 113 17 3
113 48 17 5
48 163 17 3
163 103 17 5
103 109 17 3
109 169 17 3
169 159 17 3
159 174 17 3
174 0 17 0
18 12
0 146 18 4
146 161 18 5
161 150 18 5
150 173 18 5
173 110 18 3
110 129 18 5
129 115 18 3
115 17 18 5
17 13 18 4
13 94 18 4
94 141 18 4
141 0 18 0
19 9
0 156 19 4
156 34 19 4
34 2 19 4
2 163 19 4
163 184 19 4
184 102 19 3
102 169 19 4
169 159 19 4
159 0 19 0
20 8
0 133 20 3
133 91 20 3
91 154 20 3
154 39 20 3
39 142 20 3
142 7 20 5
7 149 20 3
149 0 20 0
21 10
0 52 21 4
52 192 21 5
192 106 21 3
106 88 21 4
88 19 21 5
19 158 21 5
158 160 21 5
160 188 21 5
188 40 21 5
40 0 21 0
22 10
0 170 22 4
170 154 22 4
154 128 22 5
128 199 22 5
199 121 22 4
121 189 22 5
189 171 22 4
171 172 22 4
172 157 22 3
157 0 22 0
23 12
0 170 23 5
170 130 23 4
130 147 23 3
147 155 23 3
155 166 23 5
166 75 23 5
75 70 23 5
70 119 23 3
119 15 23 5
15 167 23 3
167 148 23 4
148 0 23 0
24 11
0 145 24 5
145 66 24 3
66 107 24 5
107 76 24 3
76 5 24 5
5 182 24 5
182 186 24 3
186 152 24 5
152 190 24 3
190 148 24 5
148 0 24 0
25 13
0 145 25 4
145 147 25 4
147 155 25 5
155 178 25 5
178 168 25 5
168 12 25 4
12 131 25 5
131 24 25 4
24 167 25 4
167 92 25 4
92 176 25 3
176 51 25 4
51 0 25 0
26 3
0 153 26 4
153 197 26 5
197 0 26 0
27 5
0 153 27 5
153 108 27 5
108 41 27 4
41 157 27 5
157 0 27 0
28 1
0 0 28 0
29 1
0 0 29 0
