# Solution for ../instances-HHCRSP/InstanzVNS_HCSRP_200_3.txt
# Cost = 1307.17 Dist = 3912.99 Tard = 5.79557 TMax = 2.72417
# <vehicle> <route length>
# <origin node> <dest node> <vehicle> <service type>
0 18
0 176 0 1
176 33 0 0
33 197 0 1
197 90 0 1
90 80 0 1
80 190 0 1
190 177 0 0
177 194 0 1
194 173 0 1
173 178 0 1
178 121 0 0
121 17 0 0
17 67 0 1
67 60 0 0
60 137 0 0
137 5 0 0
5 126 0 0
126 0 0 0
1 11
0 2 1 2
2 91 1 0
91 124 1 2
124 29 1 2
29 69 1 2
69 138 1 2
138 186 1 0
186 135 1 0
135 38 1 0
38 140 1 2
140 0 1 0
2 10
0 181 2 1
181 107 2 1
107 184 2 2
184 10 2 1
10 180 2 1
180 89 2 2
89 193 2 2
193 185 2 1
185 199 2 2
199 0 2 0
3 13
0 114 3 0
114 35 3 2
35 182 3 2
182 6 3 0
6 174 3 2
174 45 3 2
45 122 3 0
122 128 3 0
128 191 3 2
191 31 3 2
31 139 3 0
139 76 3 2
76 0 3 0
4 5
0 61 4 2
61 79 4 2
79 187 4 2
187 136 4 2
136 0 4 0
5 6
0 117 5 0
117 22 5 0
22 171 5 0
171 34 5 0
34 189 5 0
189 0 5 0
6 17
0 195 6 1
195 9 6 1
9 40 6 1
40 50 6 2
50 125 6 1
125 175 6 2
175 59 6 0
59 47 6 2
47 108 6 1
108 183 6 2
183 43 6 2
43 123 6 1
123 87 6 2
87 130 6 2
130 86 6 2
86 54 6 1
54 0 6 0
7 3
0 68 7 0
68 3 7 0
3 0 7 0
8 13
0 23 8 1
23 179 8 1
179 88 8 2
88 1 8 2
1 63 8 1
63 188 8 1
188 192 8 2
192 112 8 2
112 64 8 2
64 118 8 2
118 72 8 2
72 103 8 2
103 0 8 0
9 15
0 20 9 1
20 111 9 1
111 198 9 1
198 62 9 1
62 26 9 1
26 4 9 1
4 41 9 1
41 196 9 1
196 172 9 0
172 21 9 1
21 65 9 1
65 133 9 1
133 97 9 0
97 200 9 1
200 0 9 0
10 8
0 147 10 4
147 100 10 4
100 169 10 4
169 162 10 4
162 142 10 4
142 92 10 4
92 150 10 4
150 0 10 0
11 12
0 156 11 3
156 181 11 4
181 42 11 5
42 169 11 3
169 115 11 3
115 129 11 5
129 19 11 4
19 13 11 5
13 58 11 4
58 189 11 4
189 150 11 3
150 0 11 0
12 12
0 156 12 5
156 16 12 4
16 184 12 3
184 162 12 3
162 142 12 5
142 46 12 4
46 48 12 5
48 193 12 4
193 185 12 3
185 30 12 5
30 199 12 5
199 0 12 0
13 7
0 176 13 5
176 146 13 5
146 145 13 5
145 82 13 5
82 141 13 5
141 104 13 5
104 0 13 0
14 4
0 161 14 5
161 106 14 5
106 144 14 4
144 0 14 0
15 14
0 146 15 3
146 145 15 3
145 143 15 3
143 7 15 3
7 109 15 3
109 8 15 4
8 149 15 3
149 131 15 4
131 191 15 4
191 155 15 3
155 134 15 4
134 170 15 3
170 167 15 3
167 0 15 0
16 11
0 161 16 3
161 168 16 3
168 151 16 4
151 190 16 4
190 177 16 5
177 194 16 3
194 18 16 3
18 120 16 5
120 14 16 4
14 159 16 4
159 0 16 0
17 10
0 110 17 5
110 197 17 5
197 55 17 3
55 174 17 3
174 51 17 3
51 52 17 3
52 178 17 5
178 155 17 4
155 170 17 5
170 0 17 0
18 13
0 195 18 5
195 71 18 5
71 98 18 5
98 182 18 4
182 175 18 5
175 84 18 3
84 183 18 3
183 57 18 3
57 12 18 4
12 141 18 4
141 11 18 3
11 66 18 3
66 0 18 0
19 13
0 147 19 3
147 70 19 5
70 168 19 4
168 151 19 5
151 32 19 5
32 75 19 4
75 149 19 5
149 173 19 5
173 119 19 3
119 78 19 5
78 94 19 4
94 167 19 5
167 0 19 0
20 8
0 28 20 5
28 116 20 3
116 179 20 3
179 163 20 3
163 77 20 5
77 187 20 5
187 81 20 5
81 0 20 0
21 10
0 113 21 4
113 158 21 4
158 198 21 5
198 153 21 3
153 164 21 3
164 160 21 3
160 192 21 4
192 56 21 4
56 166 21 5
166 0 21 0
22 6
0 158 22 5
158 153 22 4
153 164 22 4
164 101 22 5
101 157 22 5
157 0 22 0
23 13
0 152 23 3
152 27 23 5
27 165 23 4
165 83 23 4
83 180 23 3
180 154 23 3
154 148 23 3
148 186 23 5
186 73 23 4
73 95 23 5
95 53 23 3
53 200 23 4
200 0 23 0
24 6
0 96 24 5
96 36 24 3
36 188 24 3
188 93 24 5
93 159 24 5
159 0 24 0
25 8
0 152 25 4
152 165 25 5
165 127 25 4
127 196 25 4
196 172 25 3
172 25 25 4
25 144 25 5
144 0 25 0
26 3
0 15 26 3
15 166 26 3
166 0 26 0
27 11
0 132 27 4
132 44 27 4
44 143 27 4
143 74 27 3
74 102 27 4
102 160 27 4
160 171 27 5
171 85 27 4
85 99 27 3
99 157 27 3
157 0 27 0
28 8
0 49 28 4
49 24 28 5
24 163 28 5
163 154 28 5
154 148 28 5
148 105 28 5
105 39 28 3
39 0 28 0
29 2
0 37 29 3
37 0 29 0
