# Solution for ../instances-HHCRSP/InstanzCPLEX_HCSRP_75_4.txt
# Cost = 814.347 Dist = 1975.33 Tard = 373.149 TMax = 94.5591
# <vehicle> <route length>
# <origin node> <dest node> <vehicle> <service type>
0 4
0 33 0 0
33 16 0 0
16 44 0 0
44 0 0 0
1 17
0 71 1 1
71 74 1 1
74 66 1 0
66 13 1 2
13 40 1 1
40 7 1 1
7 73 1 1
73 25 1 1
25 24 1 1
24 70 1 1
70 72 1 1
72 75 1 1
75 64 1 1
64 17 1 1
17 10 1 1
10 36 1 1
36 0 1 0
2 9
0 15 2 2
15 39 2 0
39 69 2 2
69 50 2 0
50 14 2 2
14 51 2 2
51 18 2 0
18 65 2 2
65 0 2 0
3 8
0 20 3 0
20 68 3 2
68 1 3 2
1 41 3 0
41 11 3 2
11 34 3 2
34 67 3 2
67 0 3 0
4 4
0 47 4 2
47 12 4 2
12 9 4 0
9 0 4 0
5 9
0 52 5 5
52 48 5 5
48 30 5 5
30 59 5 5
59 29 5 5
29 21 5 5
21 63 5 5
63 65 5 5
65 0 5 0
6 5
0 55 6 4
55 54 6 4
54 70 6 4
70 4 6 4
4 0 6 0
7 10
0 71 7 3
71 49 7 4
49 74 7 3
74 45 7 3
45 60 7 3
60 62 7 3
62 56 7 3
56 75 7 4
75 64 7 3
64 0 7 0
8 13
0 32 8 3
32 66 8 5
66 23 8 4
23 31 8 4
31 68 8 4
68 60 8 5
60 62 8 4
62 56 8 4
56 35 8 3
35 61 8 3
61 3 8 3
3 57 8 4
57 0 8 0
9 5
0 38 9 5
38 58 9 5
58 43 9 5
43 53 9 5
53 0 9 0
10 6
0 55 10 3
55 73 10 3
73 72 10 5
72 61 10 5
61 57 10 3
57 0 10 0
11 5
0 42 11 4
42 58 11 3
58 53 11 3
53 5 11 3
5 0 11 0
12 7
0 59 12 4
59 69 12 4
69 27 12 3
27 46 12 4
46 19 12 4
19 63 12 4
63 0 12 0
13 6
0 28 13 3
28 6 13 3
6 54 13 5
54 22 13 5
22 67 13 5
67 0 13 0
14 5
0 26 14 3
26 37 14 4
37 2 14 4
2 8 14 4
8 0 14 0
