# Solution for ../instances-HHCRSP/InstanzVNS_HCSRP_300_8.txt
# Cost = 1578.59 Dist = 4701.91 Tard = 27.2666 TMax = 6.59593
# <vehicle> <route length>
# <origin node> <dest node> <vehicle> <service type>
0 13
0 55 0 0
55 22 0 1
22 274 0 1
274 262 0 1
262 107 0 1
107 98 0 0
98 259 0 1
259 273 0 1
273 27 0 1
27 158 0 0
158 16 0 0
16 160 0 0
160 0 0 0
1 21
0 10 1 0
10 145 1 0
145 188 1 0
188 117 1 2
117 75 1 1
75 132 1 0
132 294 1 2
294 164 1 2
164 44 1 1
44 166 1 1
166 267 1 1
267 187 1 2
187 13 1 2
13 105 1 2
105 51 1 0
51 48 1 1
48 120 1 0
120 280 1 0
280 72 1 0
72 46 1 2
46 0 1 0
2 14
0 281 2 0
281 65 2 0
65 125 2 0
125 40 2 0
40 45 2 2
45 291 2 0
291 62 2 0
62 296 2 2
296 167 2 2
167 73 2 0
73 76 2 0
76 103 2 2
103 5 2 0
5 0 2 0
3 6
0 179 3 2
179 12 3 2
12 6 3 2
6 159 3 2
159 287 3 2
287 0 3 0
4 11
0 110 4 1
110 92 4 1
92 102 4 2
102 23 4 2
23 36 4 1
36 172 4 1
172 253 4 2
253 295 4 1
295 283 4 2
283 258 4 2
258 0 4 0
5 12
0 126 5 1
126 161 5 1
161 178 5 1
178 151 5 2
151 58 5 2
58 282 5 2
282 279 5 2
279 32 5 1
32 252 5 1
252 4 5 1
4 138 5 1
138 0 5 0
6 9
0 284 6 0
284 112 6 0
112 268 6 0
268 74 6 0
74 94 6 0
94 297 6 0
297 173 6 0
173 109 6 0
109 0 6 0
7 6
0 60 7 2
60 278 7 2
278 170 7 2
170 275 7 2
275 289 7 2
289 0 7 0
8 18
0 286 8 1
286 168 8 1
168 195 8 1
195 33 8 1
33 53 8 1
53 185 8 1
185 298 8 2
298 285 8 2
285 149 8 0
149 266 8 2
266 254 8 1
254 119 8 0
119 290 8 1
290 288 8 2
288 196 8 2
196 174 8 0
174 300 8 1
300 0 8 0
9 9
0 197 9 1
197 68 9 2
68 57 9 1
57 113 9 2
113 257 9 1
257 77 9 2
77 276 9 1
276 255 9 1
255 0 9 0
10 9
0 271 10 0
271 17 10 0
17 21 10 0
21 139 10 0
139 78 10 0
78 270 10 0
270 90 10 0
90 129 10 0
129 0 10 0
11 6
0 293 11 2
293 272 11 2
272 91 11 2
91 192 11 2
192 264 11 2
264 0 11 0
12 5
0 260 12 2
260 104 12 2
104 127 12 2
127 150 12 2
150 0 12 0
13 15
0 42 13 0
42 130 13 0
130 134 13 0
134 186 13 2
186 95 13 0
95 135 13 0
135 277 13 2
277 269 13 0
269 263 13 0
263 93 13 2
93 71 13 1
71 265 13 1
265 181 13 1
181 18 13 1
18 0 13 0
14 5
0 66 14 1
66 292 14 0
292 156 14 1
156 81 14 0
81 0 14 0
15 8
0 87 15 1
87 261 15 1
261 11 15 0
11 100 15 0
100 131 15 1
131 115 15 1
115 251 15 0
251 0 15 0
16 3
0 299 16 1
299 54 16 1
54 0 16 0
17 3
0 56 17 2
56 256 17 2
256 0 17 0
18 9
0 209 18 4
209 26 18 3
26 116 18 5
116 14 18 5
14 20 18 3
20 147 18 4
147 226 18 3
226 169 18 4
169 0 18 0
19 16
0 209 19 5
209 245 19 5
245 233 19 5
233 155 19 3
155 268 19 5
268 59 19 3
59 297 19 3
297 239 19 5
239 175 19 5
175 295 19 3
295 30 19 5
30 29 19 3
29 214 19 4
214 206 19 3
206 264 19 3
264 0 19 0
20 19
0 207 20 3
207 204 20 3
204 25 20 5
25 211 20 3
211 232 20 3
232 237 20 3
237 24 20 4
24 34 20 5
34 294 20 3
294 83 20 3
83 118 20 5
118 47 20 4
47 225 20 5
225 234 20 3
234 228 20 4
228 238 20 3
238 229 20 3
229 265 20 3
265 0 20 0
21 15
0 207 21 5
207 204 21 4
204 211 21 5
211 232 21 4
232 237 21 4
237 193 21 3
193 137 21 4
137 291 21 5
291 180 21 4
180 69 21 3
69 234 21 5
234 228 21 5
228 238 21 4
238 152 21 4
152 0 21 0
22 14
0 121 22 3
121 281 22 4
281 7 22 3
7 97 22 4
97 82 22 4
82 217 22 4
217 205 22 3
205 266 22 5
266 254 22 4
254 290 22 4
290 35 22 4
35 153 22 5
153 229 22 4
229 0 22 0
23 18
0 249 23 3
249 284 23 5
284 240 23 4
240 236 23 4
236 244 23 3
244 15 23 4
15 2 23 4
2 282 23 5
282 279 23 5
279 223 23 3
223 133 23 4
133 203 23 3
203 67 23 5
67 142 23 4
142 214 23 5
214 206 23 4
206 146 23 3
146 0 23 0
24 13
0 249 24 4
249 245 24 3
245 233 24 4
233 50 24 4
50 86 24 4
86 136 24 3
136 106 24 4
106 239 24 3
239 141 24 4
141 270 24 4
270 283 24 3
283 258 24 4
258 0 24 0
25 20
0 241 25 4
241 49 25 5
49 286 25 3
286 70 25 5
70 231 25 3
231 250 25 3
250 194 25 4
194 114 25 5
114 277 25 3
277 37 25 5
37 242 25 4
242 269 25 4
269 38 25 4
38 223 25 4
223 28 25 3
28 203 25 5
203 257 25 4
257 276 25 5
276 123 25 4
123 0 25 0
26 16
0 241 26 5
241 218 26 4
218 202 26 4
202 212 26 4
212 201 26 3
201 128 26 4
128 215 26 4
215 165 26 5
165 122 26 5
122 273 26 4
273 213 26 4
213 79 26 3
79 80 26 5
80 210 26 3
210 255 26 5
255 0 26 0
27 15
0 247 27 3
247 222 27 4
222 108 27 3
108 43 27 4
43 61 27 4
61 231 27 4
231 250 27 4
250 1 27 4
1 296 27 3
296 267 27 3
267 225 27 3
225 89 27 4
89 280 27 4
280 246 27 3
246 0 27 0
28 8
0 247 28 5
247 222 28 3
222 143 28 3
143 177 28 3
177 182 28 5
182 242 28 5
242 263 28 3
263 0 28 0
29 10
0 271 29 5
271 84 29 4
84 208 29 5
208 63 29 5
63 224 29 4
224 253 29 5
253 144 29 5
144 154 29 5
154 101 29 4
101 0 29 0
30 15
0 163 30 5
163 199 30 5
199 218 30 3
218 202 30 5
202 212 30 3
212 201 30 5
201 64 30 3
64 219 30 5
219 220 30 5
220 262 30 3
262 227 30 3
227 99 30 5
99 157 30 5
157 88 30 5
88 0 30 0
31 13
0 230 31 4
230 216 31 4
216 171 31 5
171 274 31 5
274 219 31 4
219 220 31 4
220 227 31 4
227 3 31 4
3 259 31 5
259 111 31 5
111 213 31 5
213 210 31 4
210 0 31 0
32 14
0 189 32 3
189 8 32 5
8 230 32 5
230 216 32 3
216 184 32 5
184 298 32 3
298 285 32 4
285 217 32 5
217 205 32 5
205 288 32 5
288 300 32 4
300 39 32 4
39 246 32 4
246 0 32 0
33 9
0 299 33 5
299 260 33 5
260 124 33 3
124 292 33 5
292 41 33 5
41 140 33 5
140 162 33 3
162 191 33 3
191 0 33 0
34 3
0 293 34 4
293 261 34 4
261 0 34 0
35 9
0 240 35 5
240 236 35 5
236 244 35 5
244 275 35 5
275 215 35 5
215 31 35 5
31 176 35 5
176 252 35 3
252 0 35 0
36 7
0 200 36 3
200 278 36 4
278 235 36 3
235 248 36 3
248 243 36 3
243 198 36 4
198 0 36 0
37 6
0 272 37 5
272 221 37 5
221 256 37 5
256 251 37 4
251 52 37 4
52 0 37 0
38 12
0 221 38 3
221 19 38 3
19 190 38 3
190 183 38 4
183 208 38 3
208 148 38 4
148 224 38 5
224 85 38 3
85 287 38 3
287 9 38 5
9 226 38 5
226 0 38 0
39 6
0 235 39 4
235 248 39 4
248 243 39 5
243 289 39 3
289 96 39 5
96 0 39 0
