# Solution for ../instances-HHCRSP/InstanzVNS_HCSRP_200_7.txt
# Cost = 1180.23 Dist = 3530.22 Tard = 7.54685 TMax = 2.91112
# <vehicle> <route length>
# <origin node> <dest node> <vehicle> <service type>
0 11
0 75 0 2
75 11 0 0
11 42 0 2
42 172 0 0
172 108 0 0
108 196 0 2
196 57 0 0
57 197 0 0
197 186 0 0
186 63 0 0
63 0 0 0
1 14
0 64 1 1
64 105 1 1
105 193 1 0
193 38 1 0
38 51 1 0
51 77 1 0
77 78 1 1
78 68 1 1
68 174 1 0
174 182 1 0
182 46 1 1
46 177 1 1
177 85 1 1
85 0 1 0
2 10
0 131 2 2
131 114 2 0
114 90 2 2
90 101 2 0
101 140 2 0
140 130 2 2
130 187 2 2
187 179 2 0
179 76 2 0
76 0 2 0
3 5
0 176 3 2
176 36 3 2
36 22 3 2
22 54 3 2
54 0 3 0
4 14
0 178 4 1
178 65 4 2
65 24 4 1
24 189 4 2
189 2 4 2
2 40 4 2
40 194 4 2
194 14 4 1
14 80 4 2
80 79 4 1
79 115 4 2
115 26 4 2
26 134 4 2
134 0 4 0
5 10
0 124 5 1
124 188 5 2
188 191 5 2
191 100 5 1
100 129 5 1
129 45 5 1
45 67 5 2
67 180 5 2
180 86 5 2
86 0 5 0
6 6
0 18 6 0
18 97 6 0
97 127 6 0
127 185 6 0
185 29 6 0
29 0 6 0
7 13
0 99 7 1
99 113 7 1
113 53 7 0
53 200 7 0
200 198 7 1
198 93 7 1
93 25 7 2
25 181 7 2
181 9 7 0
9 184 7 2
184 33 7 1
33 199 7 1
199 0 7 0
8 16
0 72 8 0
72 50 8 0
50 183 8 1
183 192 8 0
192 10 8 0
10 59 8 0
59 195 8 1
195 102 8 0
102 106 8 1
106 39 8 0
39 175 8 0
175 12 8 0
12 15 8 1
15 173 8 1
173 13 8 0
13 0 8 0
9 5
0 82 9 0
82 136 9 2
136 171 9 0
171 190 9 2
190 0 9 0
10 18
0 168 10 3
168 178 10 5
178 189 10 4
189 143 10 4
143 145 10 3
145 109 10 4
109 128 10 3
128 196 10 4
196 41 10 5
41 125 10 5
125 88 10 3
88 94 10 3
94 149 10 4
149 155 10 3
155 174 10 4
174 71 10 4
71 7 10 4
7 0 10 0
11 8
0 168 11 5
168 3 11 3
3 143 11 3
143 145 11 5
145 69 11 5
69 158 11 3
158 8 11 5
8 0 11 0
12 13
0 141 12 5
141 157 12 3
157 23 12 3
23 73 12 3
73 121 12 3
121 162 12 3
162 142 12 3
142 195 12 3
195 164 12 5
164 44 12 3
44 110 12 3
110 175 12 3
175 0 12 0
13 19
0 141 13 4
141 157 13 4
157 20 13 3
20 34 13 3
34 183 13 3
183 49 13 4
49 192 13 3
192 146 13 3
146 89 13 5
89 98 13 3
98 17 13 3
17 84 13 4
84 27 13 3
27 159 13 5
159 144 13 3
144 153 13 3
153 60 13 3
60 103 13 3
103 0 13 0
14 15
0 150 14 4
150 32 14 3
32 193 14 3
193 62 14 3
62 194 14 4
194 166 14 3
166 147 14 4
147 148 14 3
148 52 14 3
52 91 14 4
91 149 14 5
149 155 14 4
155 182 14 5
182 177 14 3
177 0 14 0
15 17
0 150 15 5
150 35 15 3
35 21 15 4
21 1 15 4
1 172 15 3
172 70 15 5
70 120 15 3
120 118 15 4
118 119 15 5
119 30 15 5
30 158 15 4
158 197 15 4
197 112 15 5
112 186 15 3
186 156 15 5
156 152 15 5
152 0 15 0
16 11
0 165 16 4
165 170 16 4
170 191 16 5
191 162 16 5
162 142 16 4
142 37 16 4
37 6 16 4
6 164 16 4
164 161 16 4
161 163 16 5
163 0 16 0
17 9
0 165 17 3
165 170 17 5
170 139 17 5
139 171 17 3
171 154 17 3
154 151 17 3
151 47 17 4
47 190 17 4
190 0 17 0
18 8
0 188 18 4
188 123 18 3
123 146 18 5
146 176 18 3
176 48 18 3
48 187 18 5
187 173 18 3
173 0 18 0
19 8
0 137 19 4
137 160 19 3
160 58 19 3
58 5 19 4
5 181 19 4
181 184 19 3
184 169 19 3
169 0 19 0
20 13
0 160 20 4
160 200 20 5
200 198 20 3
198 135 20 5
135 43 20 3
43 180 20 3
180 185 20 4
185 83 20 3
83 66 20 3
66 138 20 4
138 161 20 3
161 163 20 3
163 0 20 0
21 7
0 92 21 4
92 154 21 5
154 151 21 5
151 132 21 3
132 28 21 4
28 169 21 4
169 0 21 0
22 4
0 133 22 3
133 167 22 3
167 122 22 3
122 0 22 0
23 14
0 95 23 4
95 116 23 5
116 31 23 3
31 166 23 4
166 147 23 5
147 148 23 5
148 126 23 3
126 55 23 4
55 96 23 5
96 117 23 5
117 111 23 4
111 16 23 4
16 107 23 5
107 0 23 0
24 12
0 81 24 4
81 56 24 4
56 104 24 4
104 4 24 4
4 74 24 4
74 19 24 3
19 159 24 4
159 144 24 4
144 153 24 4
153 156 24 3
156 152 24 3
152 0 24 0
25 5
0 167 25 4
167 87 25 4
87 61 25 4
61 179 25 5
179 0 25 0
26 2
0 199 26 4
199 0 26 0
27 1
0 0 27 0
28 1
0 0 28 0
29 1
0 0 29 0
