# Solution for ../instances-HHCRSP/InstanzVNS_HCSRP_200_6.txt
# Cost = 1354.95 Dist = 4049.72 Tard = 9.86003 TMax = 5.28308
# <vehicle> <route length>
# <origin node> <dest node> <vehicle> <service type>
0 16
0 97 0 2
97 20 0 2
20 103 0 0
103 78 0 0
78 194 0 2
194 77 0 0
77 129 0 2
129 40 0 2
40 15 0 1
15 23 0 1
23 109 0 0
109 58 0 1
58 1 0 1
1 106 0 1
106 191 0 2
191 0 0 0
1 11
0 67 1 2
67 198 1 2
198 51 1 2
51 82 1 2
82 192 1 2
192 47 1 2
47 190 1 2
190 189 1 2
189 128 1 2
128 98 1 2
98 0 1 0
2 18
0 183 2 1
183 171 2 0
171 60 2 2
60 13 2 0
13 173 2 2
173 134 2 0
134 3 2 2
3 188 2 2
188 186 2 2
186 61 2 1
61 94 2 0
94 196 2 1
196 80 2 1
80 24 2 1
24 12 2 2
12 73 2 2
73 176 2 2
176 0 2 0
3 11
0 43 3 1
43 36 3 1
36 25 3 2
25 122 3 1
122 133 3 2
133 197 3 2
197 64 3 2
64 76 3 1
76 99 3 2
99 175 3 2
175 0 3 0
4 12
0 66 4 0
66 4 4 0
4 195 4 1
195 33 4 0
33 95 4 1
95 182 4 0
182 72 4 0
72 136 4 0
136 185 4 1
185 177 4 1
177 180 4 1
180 0 4 0
5 10
0 131 5 0
131 90 5 0
90 44 5 0
44 199 5 0
199 26 5 0
26 41 5 0
41 181 5 0
181 132 5 0
132 179 5 0
179 0 5 0
6 3
0 178 6 2
178 187 6 2
187 0 6 0
7 13
0 5 7 1
5 139 7 2
139 22 7 2
22 30 7 2
30 31 7 2
31 111 7 1
111 59 7 1
59 112 7 1
112 92 7 2
92 119 7 2
119 121 7 1
121 79 7 2
79 0 7 0
8 5
0 124 8 2
124 200 8 1
200 116 8 2
116 85 8 1
85 0 8 0
9 15
0 16 9 0
16 193 9 0
193 2 9 0
2 18 9 0
18 184 9 1
184 19 9 1
19 104 9 1
104 127 9 1
127 126 9 1
126 174 9 1
174 53 9 1
53 113 9 0
113 114 9 0
114 172 9 0
172 0 9 0
10 8
0 160 10 3
160 154 10 3
154 148 10 3
148 130 10 3
130 170 10 3
170 147 10 3
147 169 10 3
169 0 10 0
11 11
0 167 11 4
167 146 11 4
146 86 11 5
86 83 11 4
83 68 11 5
68 63 11 3
63 96 11 3
96 42 11 4
42 75 11 4
75 70 11 3
70 0 11 0
12 6
0 167 12 5
167 146 12 5
146 164 12 5
164 142 12 5
142 156 12 5
156 0 12 0
13 14
0 160 13 5
160 154 13 5
154 148 13 5
148 140 13 5
140 193 13 3
193 162 13 3
162 177 13 5
177 71 13 5
71 149 13 3
149 102 13 5
102 150 13 5
150 168 13 3
168 110 13 3
110 0 13 0
14 12
0 93 14 5
93 144 14 3
144 141 14 3
141 158 14 3
158 153 14 3
153 52 14 3
52 189 14 3
189 149 14 5
149 166 14 5
166 123 14 3
123 175 14 3
175 0 14 0
15 12
0 50 15 3
50 143 15 3
143 54 15 3
54 39 15 5
39 137 15 5
137 7 15 5
7 194 15 3
194 105 15 5
105 170 15 5
170 147 15 5
147 14 15 3
14 0 15 0
16 15
0 27 16 4
27 144 16 5
144 11 16 4
11 141 16 5
141 158 16 4
158 153 16 4
153 46 16 4
46 192 16 4
192 100 16 4
100 190 16 5
190 155 16 4
155 108 16 4
108 168 16 5
168 135 16 4
135 0 16 0
17 2
0 143 17 5
143 0 17 0
18 15
0 183 18 4
183 171 18 4
171 55 18 4
55 91 18 4
91 162 18 4
162 182 18 4
182 21 18 3
21 185 18 4
185 32 18 4
32 120 18 5
120 69 18 3
69 125 18 3
125 169 18 5
169 180 18 5
180 0 18 0
19 14
0 88 19 4
88 165 19 4
165 198 19 3
198 195 19 3
195 48 19 4
48 107 19 4
107 84 19 5
84 155 19 5
155 174 19 5
174 87 19 5
87 150 19 4
150 38 19 5
38 172 19 5
172 0 19 0
20 12
0 165 20 5
165 157 20 4
157 152 20 4
152 173 20 4
173 74 20 5
74 89 20 4
89 188 20 3
188 186 20 5
186 196 20 3
196 101 20 3
101 176 20 5
176 0 20 0
21 11
0 151 21 5
151 157 21 5
157 152 21 5
152 65 21 3
65 138 21 3
138 17 21 5
17 145 21 3
145 163 21 3
163 29 21 3
29 191 21 5
191 0 21 0
22 12
0 151 22 4
151 35 22 5
35 62 22 4
62 8 22 4
8 184 22 5
184 145 22 4
145 163 22 4
163 28 22 5
28 9 22 4
9 166 22 4
166 117 22 4
117 0 22 0
23 6
0 178 23 4
178 37 23 4
37 34 23 5
34 115 23 5
115 118 23 4
118 0 23 0
24 8
0 159 24 4
159 49 24 4
49 197 24 4
197 199 24 4
199 57 24 3
57 81 24 4
81 181 24 4
181 0 24 0
25 7
0 159 25 5
159 56 25 5
56 200 25 3
200 161 25 3
161 179 25 3
179 10 25 5
10 0 25 0
26 4
0 6 26 5
6 45 26 5
45 187 26 5
187 0 26 0
27 4
0 164 27 4
164 142 27 4
142 156 27 4
156 0 27 0
28 2
0 161 28 4
161 0 28 0
29 1
0 0 29 0
