# Solution for ../instances-HHCRSP/InstanzVNS_HCSRP_200_9.txt
# Cost = 1359.49 Dist = 4062.19 Tard = 9.01744 TMax = 7.27199
# <vehicle> <route length>
# <origin node> <dest node> <vehicle> <service type>
0 8
0 73 0 0
73 43 0 0
43 71 0 0
71 194 0 0
194 189 0 0
189 171 0 0
171 172 0 0
172 0 0 0
1 12
0 11 1 2
11 36 1 2
36 95 1 2
95 196 1 2
196 173 1 2
173 139 1 2
139 77 1 2
77 72 1 2
72 45 1 2
45 57 1 2
57 111 1 2
111 0 1 0
2 13
0 177 2 0
177 89 2 1
89 9 2 1
9 4 2 1
4 27 2 0
27 134 2 1
134 8 2 0
8 21 2 1
21 200 2 0
200 193 2 1
193 137 2 1
137 191 2 1
191 0 2 0
3 11
0 192 3 0
192 179 3 1
179 50 3 1
50 178 3 0
178 79 3 0
79 86 3 1
86 78 3 1
78 138 3 1
138 74 3 1
74 69 3 0
69 0 3 0
4 12
0 117 4 1
117 98 4 1
98 101 4 1
101 10 4 1
10 197 4 0
197 198 4 1
198 181 4 1
181 140 4 0
140 31 4 0
31 135 4 1
135 53 4 0
53 0 4 0
5 13
0 64 5 2
64 116 5 2
116 81 5 0
81 35 5 2
35 124 5 2
124 84 5 2
84 56 5 0
56 175 5 2
175 83 5 0
83 18 5 2
18 176 5 2
176 112 5 2
112 0 5 0
6 3
0 180 6 0
180 32 6 0
32 0 6 0
7 14
0 59 7 2
59 42 7 2
42 47 7 2
47 87 7 2
87 195 7 2
195 90 7 0
90 33 7 0
33 187 7 2
187 80 7 0
80 20 7 0
20 26 7 0
26 190 7 0
190 188 7 0
188 0 7 0
8 16
0 82 8 1
82 23 8 2
23 97 8 1
97 96 8 1
96 199 8 2
199 123 8 0
123 182 8 0
182 61 8 0
61 28 8 2
28 85 8 1
85 127 8 2
127 55 8 0
55 174 8 2
174 126 8 2
126 93 8 2
93 0 8 0
9 15
0 185 9 2
185 54 9 1
54 16 9 2
16 1 9 1
1 30 9 1
30 58 9 2
58 186 9 1
186 184 9 2
184 122 9 1
122 105 9 1
105 125 9 1
125 183 9 2
183 44 9 2
44 60 9 2
60 0 9 0
10 9
0 165 10 4
165 151 10 4
151 185 10 5
185 142 10 4
142 46 10 5
46 194 10 5
194 181 10 5
181 141 10 4
141 0 10 0
11 8
0 165 11 3
165 151 11 3
151 100 11 5
100 25 11 5
25 99 11 4
99 7 11 5
7 149 11 3
149 0 11 0
12 14
0 177 12 5
177 192 12 5
192 146 12 3
146 68 12 4
68 150 12 3
150 161 12 3
161 196 12 5
196 173 12 5
173 110 12 3
110 152 12 3
152 190 12 3
190 188 12 5
188 40 12 5
40 0 12 0
13 15
0 146 13 4
146 150 13 5
150 161 13 5
161 178 13 5
178 12 13 4
12 132 13 3
132 158 13 3
158 88 13 4
88 19 13 5
19 160 13 3
160 62 13 3
62 15 13 5
15 167 13 3
167 148 13 5
148 0 13 0
14 3
0 120 14 4
120 114 14 4
114 0 14 0
15 10
0 154 15 3
154 145 15 4
145 2 15 4
2 163 15 3
163 39 15 3
39 142 15 3
142 198 15 4
198 14 15 4
14 149 15 4
149 0 15 0
16 10
0 154 16 4
154 145 16 5
145 113 16 3
113 163 16 4
163 48 16 5
48 186 16 3
186 169 16 3
169 159 16 3
159 174 16 3
174 0 16 0
17 13
0 147 17 3
147 166 17 3
166 75 17 5
75 119 17 3
119 155 17 5
155 168 17 5
168 158 17 5
158 160 17 5
160 200 17 5
200 193 17 5
193 191 17 3
191 136 17 3
136 0 17 0
18 12
0 130 18 4
130 147 18 4
147 166 18 5
166 162 18 3
162 67 18 5
67 175 18 4
175 70 18 5
70 92 18 4
92 176 18 3
176 24 18 4
24 131 18 5
131 0 18 0
19 9
0 52 19 4
52 179 19 4
179 106 19 3
106 22 19 4
22 155 19 3
155 168 19 4
168 167 19 4
167 148 19 4
148 0 19 0
20 10
0 156 20 4
156 128 20 5
128 199 20 5
199 109 20 3
109 184 20 4
184 103 20 5
103 102 20 3
102 169 20 4
169 159 20 4
159 0 20 0
21 12
0 156 21 5
156 34 21 4
34 66 21 3
66 107 21 5
107 76 21 3
76 5 21 5
5 182 21 5
182 152 21 5
152 29 21 3
29 51 21 4
51 118 21 3
118 0 21 0
22 18
0 170 22 4
170 49 22 5
49 164 22 4
164 104 22 4
104 162 22 5
162 6 22 3
6 63 22 4
63 144 22 3
144 37 22 5
37 187 22 3
187 13 22 4
13 141 22 3
141 183 22 3
183 65 22 5
65 171 22 4
171 172 22 4
172 157 22 3
157 0 22 0
23 11
0 170 23 5
170 164 23 5
164 115 23 3
115 195 23 3
195 129 23 5
129 144 23 4
144 38 23 3
38 17 23 5
17 3 23 4
3 94 23 4
94 0 23 0
24 3
0 143 24 5
143 180 24 5
180 0 24 0
25 5
0 143 25 4
143 108 25 5
108 41 25 4
41 157 25 5
157 0 25 0
26 5
0 133 26 3
133 91 26 3
91 153 26 4
153 197 26 5
197 0 26 0
27 4
0 153 27 5
153 121 27 4
121 189 27 5
189 0 27 0
28 1
0 0 28 0
29 1
0 0 29 0
