# Solution for ../instances-HHCRSP/InstanzVNS_HCSRP_300_4.txt
# Cost = 1568.1 Dist = 4676.36 Tard = 23.3536 TMax = 4.59624
# <vehicle> <route length>
# <origin node> <dest node> <vehicle> <service type>
0 16
0 285 0 0
285 263 0 0
263 92 0 1
92 50 0 0
50 155 0 1
155 94 0 1
94 298 0 0
298 108 0 0
108 24 0 1
24 268 0 1
268 132 0 1
132 146 0 1
146 140 0 1
140 100 0 0
100 65 0 1
65 0 0 0
1 7
0 170 1 0
170 69 1 0
69 186 1 0
186 44 1 0
44 18 1 0
18 296 1 0
296 0 1 0
2 11
0 7 2 1
7 173 2 1
173 54 2 0
54 253 2 1
253 295 2 0
295 181 2 0
181 165 2 0
165 294 2 0
294 265 2 0
265 36 2 1
36 0 2 0
3 16
0 251 3 2
251 300 3 0
300 174 3 1
174 105 3 0
105 123 3 2
123 20 3 0
20 125 3 2
125 72 3 2
72 269 3 1
269 121 3 0
121 56 3 2
56 85 3 0
85 142 3 1
142 178 3 0
178 291 3 0
291 0 3 0
4 16
0 261 4 2
261 273 4 2
273 266 4 0
266 289 4 2
289 88 4 2
88 128 4 2
128 1 4 2
1 260 4 0
260 262 4 0
262 277 4 2
277 41 4 0
41 62 4 0
62 64 4 0
64 258 4 2
258 292 4 0
292 0 4 0
5 16
0 106 5 2
106 287 5 2
287 71 5 1
71 13 5 2
13 158 5 2
158 264 5 2
264 278 5 1
278 25 5 1
25 271 5 2
271 12 5 2
12 176 5 2
176 135 5 1
135 76 5 2
76 184 5 2
184 282 5 2
282 0 5 0
6 17
0 15 6 2
15 33 6 0
33 122 6 2
122 284 6 2
284 149 6 0
149 16 6 0
16 77 6 1
77 185 6 2
185 127 6 0
127 63 6 0
63 148 6 2
148 286 6 1
286 137 6 1
137 255 6 2
255 102 6 0
102 252 6 1
252 0 6 0
7 5
0 283 7 2
283 144 7 2
144 257 7 2
257 166 7 2
166 0 7 0
8 10
0 270 8 1
270 163 8 1
163 197 8 2
197 191 8 1
191 254 8 1
254 89 8 2
89 99 8 1
99 81 8 1
81 195 8 2
195 0 8 0
9 5
0 14 9 2
14 51 9 2
51 47 9 2
47 152 9 2
152 0 9 0
10 11
0 90 10 1
90 259 10 1
259 281 10 2
281 297 10 2
297 299 10 2
299 192 10 1
192 256 10 1
256 276 10 1
276 11 10 2
11 111 10 1
111 0 10 0
11 3
0 157 11 0
157 293 11 0
293 0 11 0
12 11
0 275 12 2
275 39 12 0
39 113 12 2
113 162 12 0
162 280 12 0
280 84 12 2
84 86 12 2
86 98 12 2
98 120 12 0
120 112 12 2
112 0 12 0
13 16
0 40 13 1
40 139 13 1
139 55 13 1
55 183 13 2
183 279 13 0
279 290 13 0
290 87 13 2
87 272 13 1
272 267 13 1
267 34 13 2
34 288 13 0
288 167 13 1
167 17 13 1
17 95 13 1
95 193 13 1
193 0 13 0
14 3
0 130 14 0
130 9 14 0
9 0 14 0
15 1
0 0 15 0
16 6
0 160 16 1
160 168 16 1
168 274 16 1
274 109 16 1
109 10 16 1
10 0 16 0
17 1
0 0 17 0
18 18
0 251 18 5
251 238 18 3
238 32 18 3
32 261 18 4
261 226 18 3
226 196 18 5
196 134 18 3
134 68 18 3
68 216 18 4
216 271 18 3
271 217 18 3
217 219 18 4
219 199 18 5
199 175 18 4
175 22 18 5
22 4 18 4
4 2 18 4
2 0 18 0
19 9
0 242 19 4
242 209 19 4
209 147 19 5
147 211 19 4
211 272 19 4
272 229 19 4
229 221 19 4
221 292 19 4
292 0 19 0
20 8
0 242 20 3
242 209 20 3
209 211 20 5
211 267 20 3
267 107 20 3
107 229 20 5
229 221 20 5
221 0 20 0
21 13
0 203 21 4
203 238 21 5
238 49 21 4
49 226 21 5
226 60 21 4
60 214 21 4
214 61 21 4
61 220 21 5
220 222 21 4
222 249 21 5
249 294 21 4
294 250 21 4
250 0 21 0
22 13
0 203 22 5
203 300 22 3
300 179 22 3
179 266 22 5
266 45 22 3
45 143 22 5
143 156 22 3
156 269 22 4
269 129 22 5
129 78 22 3
78 110 22 5
110 250 22 3
250 0 22 0
23 16
0 285 23 3
285 263 23 5
263 231 23 4
231 202 23 4
202 204 23 3
204 180 23 3
180 257 23 3
257 46 23 4
46 21 23 5
21 53 23 5
53 207 23 3
207 79 23 4
79 37 23 4
37 67 23 3
67 282 23 3
282 0 23 0
24 11
0 215 24 3
215 38 24 5
38 59 24 4
59 30 24 5
30 48 24 5
48 284 24 5
284 43 24 5
43 286 24 3
286 224 24 3
224 182 24 3
182 0 24 0
25 18
0 215 25 4
215 161 25 5
161 228 25 3
228 23 25 4
23 212 25 3
212 259 25 5
259 239 25 3
239 243 25 3
243 237 25 4
237 260 25 4
260 96 25 3
96 235 25 4
235 223 25 3
223 240 25 3
240 3 25 3
3 225 25 3
225 258 25 3
258 0 25 0
26 16
0 206 26 3
206 230 26 3
230 74 26 5
74 66 26 3
66 212 26 4
212 239 26 5
239 243 26 4
243 237 26 5
237 281 26 5
281 297 26 5
297 104 26 4
104 299 26 3
299 208 26 4
208 236 26 3
236 256 26 5
256 0 26 0
27 15
0 206 27 5
206 230 27 5
230 270 27 5
270 273 27 4
273 289 27 3
289 214 27 3
214 262 27 5
262 117 27 3
117 169 27 5
169 220 27 3
220 222 27 5
222 249 27 3
249 291 27 5
291 218 27 4
218 0 27 0
28 15
0 231 28 5
231 202 28 5
202 204 28 5
204 246 28 4
246 245 28 3
245 201 28 4
201 241 28 3
241 232 28 4
232 80 28 5
80 101 28 4
101 233 28 4
233 172 28 3
172 234 28 4
234 141 28 4
141 0 28 0
29 17
0 145 29 4
145 228 29 5
228 244 29 3
244 114 29 5
114 190 29 3
190 177 29 4
177 279 29 3
279 31 29 4
31 73 29 3
73 83 29 5
83 235 29 5
235 223 29 5
223 240 29 5
240 208 29 5
208 236 29 4
236 218 29 5
218 0 29 0
30 15
0 287 30 3
287 213 30 3
213 6 30 3
6 126 30 4
126 227 30 3
227 264 30 4
264 216 30 5
216 254 30 5
254 217 30 5
217 219 30 5
219 159 30 3
159 57 30 4
57 265 30 4
265 136 30 3
136 0 30 0
31 12
0 213 31 5
213 248 31 4
248 227 31 4
227 210 31 3
210 268 31 5
268 133 31 3
133 207 31 5
207 138 31 4
138 296 31 4
296 8 31 4
8 154 31 3
154 0 31 0
32 7
0 248 32 5
248 116 32 3
116 278 32 3
278 210 32 5
210 70 32 5
70 124 32 5
124 0 32 0
33 18
0 52 33 5
52 42 33 4
42 82 33 3
82 58 33 3
58 275 33 5
275 246 33 5
246 245 33 5
245 201 33 5
201 241 33 4
241 232 33 5
232 187 33 3
187 205 33 4
205 19 33 4
19 29 33 5
29 188 33 4
188 255 33 5
255 224 33 5
224 0 33 0
34 7
0 283 34 5
283 293 34 5
293 274 34 5
274 75 34 3
75 233 34 5
233 234 34 3
234 0 34 0
35 8
0 97 35 4
97 164 35 3
164 298 35 3
298 189 35 5
189 115 35 4
115 151 35 5
151 247 35 3
247 0 35 0
36 8
0 27 36 3
27 131 36 4
131 153 36 4
153 5 36 3
5 205 36 5
205 280 36 5
280 252 36 4
252 0 36 0
37 14
0 244 37 4
244 194 37 4
194 119 37 3
119 290 37 5
290 198 37 4
198 171 37 4
171 277 37 5
277 35 37 3
35 150 37 4
150 288 37 3
288 118 37 3
118 225 37 5
225 276 37 3
276 0 37 0
38 9
0 28 38 3
28 103 38 4
103 93 38 4
93 253 38 3
253 295 38 5
295 91 38 5
91 26 38 3
26 200 38 4
200 0 38 0
39 2
0 247 39 4
247 0 39 0
