# Solution for ../instances-HHCRSP/InstanzVNS_HCSRP_100_10.txt
# Cost = 835.502 Dist = 2466.08 Tard = 27.0287 TMax = 13.4012
# <vehicle> <route length>
# <origin node> <dest node> <vehicle> <service type>
0 12
0 63 0 2
63 57 0 2
57 33 0 0
33 61 0 2
61 4 0 0
4 34 0 2
34 16 0 0
16 62 0 0
62 96 0 2
96 59 0 2
59 47 0 0
47 0 0 0
1 9
0 22 1 1
22 64 1 1
64 11 1 1
11 7 1 1
7 26 1 1
26 93 1 1
93 36 1 1
36 19 1 1
19 0 1 0
2 6
0 94 2 2
94 29 2 2
29 99 2 2
99 31 2 2
31 92 2 2
92 0 2 0
3 2
0 28 3 2
28 0 3 0
4 13
0 50 4 1
50 70 4 2
70 35 4 1
35 32 4 2
32 24 4 2
24 90 4 1
90 91 4 2
91 88 4 1
88 27 4 2
27 42 4 1
42 43 4 2
43 30 4 2
30 0 4 0
5 13
0 89 5 0
89 2 5 0
2 86 5 0
86 44 5 0
44 58 5 0
58 98 5 1
98 40 5 1
40 95 5 0
95 60 5 0
60 48 5 0
48 14 5 0
14 66 5 0
66 0 5 0
6 5
0 100 6 1
100 87 6 1
87 18 6 1
18 97 6 1
97 0 6 0
7 15
0 5 7 4
5 37 7 4
37 78 7 3
78 86 7 3
86 38 7 4
38 93 7 4
93 9 7 3
9 79 7 3
79 81 7 3
81 96 7 3
96 74 7 3
74 13 7 3
13 75 7 4
75 77 7 4
77 0 7 0
8 8
0 89 8 5
89 85 8 3
85 49 8 5
49 84 8 3
84 76 8 3
76 98 8 5
98 82 8 3
82 0 8 0
9 12
0 78 9 4
78 39 9 3
39 3 9 3
3 6 9 4
6 8 9 4
8 1 9 3
1 23 9 3
23 10 9 4
10 21 9 5
21 75 9 5
75 77 9 5
77 0 9 0
10 8
0 85 10 4
85 12 10 5
12 20 10 4
20 79 10 4
79 81 10 5
81 95 10 5
95 74 10 4
74 0 10 0
11 17
0 73 11 3
73 94 11 4
94 80 11 5
80 83 11 3
83 15 11 3
15 68 11 5
68 90 11 5
90 91 11 4
91 52 11 5
52 88 11 3
88 69 11 5
69 56 11 5
56 51 11 5
51 67 11 4
67 72 11 3
72 54 11 5
54 0 11 0
12 9
0 73 12 4
73 80 12 3
80 71 12 4
71 65 12 4
65 84 12 4
84 76 12 4
76 17 12 4
17 82 12 4
82 0 12 0
13 1
0 0 13 0
14 9
0 100 14 4
100 53 14 3
53 87 14 4
87 71 14 5
71 46 14 5
46 25 14 5
25 41 14 5
41 55 14 5
55 0 14 0
15 3
0 97 15 3
97 92 15 3
92 0 15 0
16 5
0 45 16 4
45 83 16 4
83 99 16 5
99 72 16 5
72 0 16 0
17 1
0 0 17 0
18 1
0 0 18 0
19 1
0 0 19 0
