# Solution for ../instances-HHCRSP/InstanzCPLEX_HCSRP_75_7.txt
# Cost = 608.58 Dist = 1779.54 Tard = 34.5859 TMax = 11.6155
# <vehicle> <route length>
# <origin node> <dest node> <vehicle> <service type>
0 6
0 50 0 0
50 74 0 0
74 29 0 0
29 9 0 0
9 12 0 0
12 0 0 0
1 14
0 72 1 1
72 2 1 2
2 42 1 2
42 11 1 0
11 38 1 0
38 64 1 0
64 40 1 2
40 51 1 0
51 68 1 1
68 70 1 1
70 46 1 1
46 26 1 2
26 71 1 0
71 0 1 0
2 9
0 75 2 1
75 73 2 0
73 18 2 0
18 10 2 0
10 13 2 0
13 39 2 0
39 15 2 1
15 33 2 1
33 0 2 0
3 5
0 65 3 1
65 24 3 1
24 14 3 1
14 69 3 1
69 0 3 0
4 7
0 25 4 2
25 45 4 1
45 67 4 2
67 66 4 1
66 22 4 2
22 36 4 2
36 0 4 0
5 11
0 21 5 4
21 65 5 5
65 31 5 3
31 52 5 3
52 68 5 4
68 55 5 3
55 16 5 4
16 57 5 4
57 7 5 4
7 71 5 3
71 0 5 0
6 13
0 23 6 3
23 5 6 4
5 75 6 4
75 58 6 3
58 43 6 3
43 73 6 3
73 53 6 3
53 28 6 4
28 6 6 4
6 67 6 5
67 66 6 3
66 37 6 4
37 0 6 0
7 10
0 72 7 4
72 4 7 4
4 32 7 3
32 1 7 4
1 41 7 5
41 62 7 4
62 69 7 3
69 61 7 3
61 63 7 3
63 0 7 0
8 3
0 59 8 3
59 44 8 3
44 0 8 0
9 7
0 58 9 4
58 53 9 5
53 59 9 4
59 47 9 4
47 54 9 3
54 60 9 3
60 0 9 0
10 9
0 56 10 3
56 3 10 3
3 64 10 4
64 62 10 5
62 70 10 5
70 55 10 4
55 57 10 5
57 30 10 5
30 0 10 0
11 8
0 56 11 5
56 35 11 3
35 49 11 4
49 19 11 3
19 8 11 5
8 61 11 4
61 63 11 4
63 0 11 0
12 5
0 17 12 3
17 27 12 3
27 48 12 3
48 74 12 4
74 0 12 0
13 5
0 34 13 3
34 20 13 3
20 54 13 4
54 60 13 5
60 0 13 0
14 1
0 0 14 0
