# Solution for ../instances-HHCRSP/InstanzVNS_HCSRP_200_10.txt
# Cost = 1460.08 Dist = 4331.7 Tard = 41.748 TMax = 6.78267
# <vehicle> <route length>
# <origin node> <dest node> <vehicle> <service type>
0 15
0 192 0 0
192 181 0 0
181 33 0 0
33 4 0 0
4 185 0 0
185 138 0 0
138 178 0 0
178 193 0 0
193 16 0 0
16 118 0 0
118 177 0 0
177 47 0 0
47 122 0 0
122 14 0 0
14 0 0 0
1 17
0 171 1 2
171 175 1 1
175 22 1 1
22 63 1 2
63 108 1 2
108 198 1 1
198 125 1 1
125 27 1 2
27 191 1 2
191 105 1 1
105 187 1 2
187 43 1 2
43 199 1 1
199 77 1 1
77 30 1 2
30 59 1 2
59 0 1 0
2 11
0 50 2 1
50 189 2 1
189 94 2 1
94 35 2 1
35 103 2 1
103 19 2 1
19 90 2 1
90 173 2 1
173 40 2 1
40 132 2 1
132 0 2 0
3 10
0 180 3 1
180 11 3 1
11 7 3 1
7 64 3 1
64 26 3 1
26 139 3 1
139 91 3 1
91 36 3 1
36 42 3 1
42 0 3 0
4 2
0 111 4 1
111 0 4 0
5 15
0 104 5 0
104 2 5 0
2 195 5 0
195 58 5 0
58 84 5 0
84 83 5 0
83 44 5 0
44 179 5 0
179 95 5 0
95 137 5 2
137 133 5 2
133 62 5 0
62 60 5 0
60 99 5 0
99 0 5 0
6 12
0 176 6 2
176 70 6 2
70 57 6 2
57 34 6 2
34 126 6 2
126 61 6 2
61 174 6 2
174 182 6 2
182 107 6 2
107 184 6 2
184 190 6 2
190 0 6 0
7 7
0 80 7 2
80 102 7 2
102 129 7 2
129 24 7 2
24 32 7 2
32 31 7 2
31 0 7 0
8 16
0 188 8 0
188 124 8 2
124 194 8 0
194 183 8 0
183 89 8 0
89 29 8 2
29 113 8 0
113 197 8 0
197 18 8 1
18 172 8 1
172 186 8 0
186 196 8 0
196 48 8 0
48 66 8 0
66 28 8 2
28 0 8 0
9 2
0 200 9 2
200 0 9 0
10 17
0 12 10 5
12 171 10 3
171 192 10 5
192 154 10 3
154 143 10 3
143 86 10 5
86 165 10 3
165 38 10 4
38 198 10 3
198 157 10 4
157 131 10 4
131 182 10 3
182 9 10 3
9 199 10 4
199 109 10 5
109 164 10 3
164 0 10 0
11 11
0 20 11 4
20 154 11 5
154 143 11 4
143 165 11 5
165 96 11 3
96 179 11 3
179 114 11 4
114 81 11 3
81 121 11 4
121 72 11 4
72 0 11 0
12 13
0 144 12 3
144 158 12 3
158 147 12 3
147 123 12 3
123 150 12 3
150 170 12 3
170 155 12 5
155 157 12 3
157 51 12 5
51 177 12 5
177 160 12 3
160 153 12 3
153 0 12 0
13 15
0 144 13 5
144 158 13 5
158 147 13 4
147 3 13 3
3 150 13 5
150 170 13 5
170 88 13 5
88 119 13 4
119 161 13 3
161 79 13 5
79 135 13 3
135 156 13 3
156 98 13 4
98 92 13 5
92 0 13 0
14 15
0 115 14 3
115 175 14 4
175 181 14 4
181 174 14 4
174 145 14 5
145 8 14 4
8 136 14 5
136 6 14 4
6 167 14 5
167 162 14 3
162 152 14 3
152 21 14 5
21 75 14 5
75 13 14 3
13 0 14 0
15 13
0 176 15 4
176 78 15 3
78 39 15 3
39 149 15 3
149 140 15 3
140 145 15 4
145 116 15 4
116 23 15 3
23 112 15 4
112 1 15 3
1 10 15 4
10 166 15 3
166 0 15 0
16 13
0 106 16 3
106 101 16 3
101 73 16 4
73 53 16 3
53 100 16 5
100 183 16 4
183 117 16 3
117 41 16 5
41 141 16 4
141 76 16 3
76 151 16 5
151 156 16 4
156 0 16 0
17 10
0 159 17 4
159 163 17 4
163 148 17 3
148 97 17 3
97 17 17 4
17 128 17 4
128 151 17 4
151 190 17 3
190 82 17 4
82 0 17 0
18 15
0 45 18 4
45 37 18 4
37 180 18 3
180 185 18 3
185 93 18 3
93 155 18 3
155 178 18 4
178 191 18 4
191 193 18 3
193 167 18 4
167 162 18 4
162 152 18 4
152 187 18 4
187 166 18 4
166 0 18 0
19 9
0 49 19 5
49 149 19 5
149 52 19 5
52 69 19 5
69 161 19 4
161 120 19 4
120 74 19 5
74 164 19 4
164 0 19 0
20 14
0 159 20 5
159 163 20 5
163 195 20 5
195 134 20 4
134 15 20 3
15 68 20 5
68 130 20 3
130 184 20 4
184 173 20 3
173 56 20 5
56 160 20 4
160 67 20 4
67 153 20 5
153 0 20 0
21 7
0 87 21 5
87 194 21 5
194 197 21 5
197 172 21 4
172 25 21 5
25 146 21 3
146 0 21 0
22 7
0 188 22 3
188 148 22 5
148 141 22 5
141 46 22 5
46 55 22 5
55 146 22 5
146 0 22 0
23 8
0 5 23 4
5 85 23 4
85 127 23 5
127 186 23 3
186 54 23 5
54 196 23 3
196 142 23 4
142 0 23 0
24 3
0 71 24 4
71 142 24 5
142 0 24 0
25 5
0 189 25 3
189 169 25 3
169 110 25 5
110 200 25 5
200 0 25 0
26 2
0 169 26 5
169 0 26 0
27 2
0 168 27 5
168 0 27 0
28 2
0 65 28 4
65 0 28 0
29 2
0 168 29 4
168 0 29 0
