# Solution for ../instances-HHCRSP/InstanzVNS_HCSRP_300_9.txt
# Cost = 2027.64 Dist = 6057.78 Tard = 17.0474 TMax = 8.09902
# <vehicle> <route length>
# <origin node> <dest node> <vehicle> <service type>
0 15
0 177 0 0
177 297 0 0
297 4 0 1
4 161 0 1
161 50 0 1
50 162 0 0
162 299 0 0
299 134 0 1
134 144 0 0
144 26 0 0
26 152 0 1
152 78 0 1
78 21 0 1
21 176 0 0
176 0 0 0
1 4
0 289 1 1
289 96 1 1
96 142 1 1
142 0 1 0
2 7
0 71 2 0
71 298 2 0
298 284 2 0
284 151 2 0
151 53 2 0
53 140 2 0
140 0 2 0
3 12
0 82 3 1
82 274 3 1
274 61 3 0
61 90 3 0
90 85 3 1
85 141 3 0
141 278 3 0
278 183 3 0
183 293 3 1
293 174 3 0
174 172 3 1
172 0 3 0
4 9
0 81 4 0
81 287 4 0
287 83 4 0
83 286 4 0
286 8 4 0
8 123 4 0
123 80 4 0
80 20 4 0
20 0 4 0
5 12
0 262 5 2
262 272 5 2
272 150 5 2
150 166 5 0
166 95 5 2
95 264 5 0
264 77 5 2
77 158 5 2
158 191 5 2
191 45 5 2
45 267 5 0
267 0 5 0
6 4
0 268 6 0
268 194 6 0
194 31 6 0
31 0 6 0
7 12
0 117 7 1
117 54 7 1
54 275 7 0
275 277 7 1
277 33 7 0
33 295 7 0
295 265 7 1
265 252 7 1
252 125 7 1
125 258 7 0
258 261 7 0
261 0 7 0
8 3
0 43 8 0
43 273 8 0
273 0 8 0
9 14
0 280 9 2
280 36 9 2
36 281 9 1
281 255 9 1
255 139 9 2
139 300 9 2
300 18 9 2
18 72 9 2
72 193 9 2
193 86 9 1
86 137 9 1
137 276 9 2
276 112 9 2
112 0 9 0
10 18
0 42 10 2
42 288 10 2
288 89 10 1
89 269 10 1
269 16 10 2
16 294 10 1
294 87 10 2
87 30 10 1
30 122 10 1
122 105 10 1
105 292 10 1
292 254 10 1
254 44 10 2
44 256 10 2
256 157 10 2
157 93 10 2
93 60 10 2
60 0 10 0
11 13
0 185 11 2
185 59 11 2
59 101 11 1
101 23 11 2
23 97 11 1
97 98 11 1
98 143 11 1
143 266 11 2
266 180 11 1
180 271 11 2
271 135 11 1
135 253 11 2
253 0 11 0
12 3
0 73 12 0
73 32 12 0
32 0 12 0
13 9
0 9 13 1
9 283 13 0
283 1 13 1
1 257 13 0
257 69 13 0
69 148 13 1
148 74 13 1
74 138 13 1
138 0 13 0
14 19
0 146 14 2
146 147 14 0
147 11 14 2
11 79 14 0
79 178 14 2
178 27 14 0
27 56 14 0
56 84 14 2
84 195 14 0
195 187 14 0
187 182 14 2
182 186 14 2
186 291 14 0
291 127 14 2
127 184 14 0
184 296 14 2
296 251 14 0
251 55 14 0
55 0 14 0
15 10
0 64 15 2
64 47 15 2
47 58 15 2
58 124 15 2
124 259 15 2
259 111 15 2
111 57 15 2
57 188 15 2
188 260 15 2
260 0 15 0
16 6
0 35 16 2
35 116 16 2
116 279 16 2
279 28 16 2
28 169 16 2
169 0 16 0
17 9
0 282 17 2
282 263 17 1
263 10 17 1
10 197 17 2
197 270 17 2
270 285 17 2
285 290 17 2
290 126 17 2
126 0 17 0
18 14
0 243 18 4
243 91 18 3
91 39 18 3
39 189 18 3
189 277 18 3
277 3 18 4
3 215 18 3
215 218 18 3
218 153 18 5
153 181 18 3
181 285 18 3
285 94 18 4
94 290 18 3
290 0 18 0
19 9
0 243 19 5
243 165 19 5
165 234 19 3
234 99 19 4
99 100 19 5
100 7 19 5
7 14 19 4
14 219 19 3
219 0 19 0
20 17
0 262 20 5
262 272 20 5
272 104 20 4
104 173 20 4
173 68 20 4
68 196 20 5
196 119 20 3
119 210 20 3
210 212 20 4
212 70 20 5
70 62 20 3
62 245 20 3
245 24 20 4
24 92 20 4
92 233 20 3
233 276 20 3
276 0 20 0
21 15
0 49 21 5
49 239 21 5
239 107 21 5
107 113 21 3
113 288 21 5
288 5 21 5
5 228 21 3
228 17 21 5
17 203 21 3
203 249 21 5
249 292 21 5
292 103 21 5
103 102 21 3
102 293 21 5
293 0 21 0
22 11
0 239 22 4
239 280 22 4
280 231 22 5
231 75 22 5
75 19 22 5
19 201 22 4
201 221 22 4
221 300 22 5
300 245 22 4
245 267 22 5
267 0 22 0
23 14
0 238 23 3
238 289 23 5
289 273 23 3
273 202 23 4
202 204 23 3
204 41 23 4
41 250 23 3
250 121 23 4
121 256 23 3
256 159 23 5
159 278 23 4
278 171 23 5
171 65 23 5
65 0 23 0
24 16
0 170 24 3
170 214 24 3
214 133 24 3
133 156 24 3
156 269 24 3
269 211 24 5
211 294 24 3
294 128 24 5
128 46 24 5
46 215 24 5
215 198 24 5
198 244 24 3
244 271 24 5
271 240 24 5
240 241 24 3
241 0 24 0
25 8
0 238 25 4
238 274 25 5
274 228 25 5
228 203 25 4
203 249 25 4
249 254 25 3
254 236 25 3
236 0 25 0
26 13
0 164 26 4
164 297 26 3
297 231 26 3
231 155 26 4
155 132 26 3
132 168 26 3
168 175 26 3
175 6 26 3
6 15 26 5
15 259 26 4
259 167 26 4
167 233 26 4
233 0 26 0
27 9
0 214 27 5
214 298 27 5
298 217 27 5
217 224 27 3
224 284 27 5
284 218 27 5
218 270 27 3
270 253 27 3
253 0 27 0
28 10
0 234 28 4
234 217 28 4
217 224 28 5
224 25 28 5
25 120 28 4
120 266 28 3
266 244 28 5
244 240 28 4
240 241 28 5
241 0 28 0
29 14
0 223 29 3
223 242 29 4
242 22 29 4
22 281 29 4
281 12 29 4
12 255 29 5
255 264 29 4
264 210 29 4
210 208 29 4
208 220 29 4
220 129 29 5
129 29 29 3
29 236 29 4
236 0 29 0
30 11
0 145 30 4
145 109 30 3
109 211 30 3
211 209 30 3
209 205 30 3
205 257 30 3
257 232 30 3
232 190 30 4
190 247 30 3
247 237 30 3
237 0 30 0
31 19
0 223 31 5
223 242 31 5
242 106 31 3
106 227 31 4
227 226 31 3
226 216 31 3
216 206 31 4
206 295 31 3
295 76 31 3
76 115 31 3
115 209 31 4
209 279 31 4
279 37 31 5
37 235 31 3
235 230 31 3
230 247 31 5
247 237 31 5
237 40 31 5
40 0 31 0
32 12
0 52 32 4
52 275 32 3
275 34 32 4
34 154 32 5
154 199 32 3
199 206 32 5
206 265 32 3
265 13 32 4
13 252 32 5
252 296 32 4
296 251 32 5
251 0 32 0
33 6
0 246 33 5
246 222 33 3
222 263 33 3
263 207 33 3
207 219 33 5
219 0 33 0
34 7
0 246 34 4
246 282 34 4
282 222 34 5
222 114 34 4
114 149 34 4
149 207 34 4
207 0 34 0
35 17
0 130 35 4
130 192 35 3
192 227 35 5
227 226 35 5
226 216 35 5
216 229 35 3
229 225 35 3
225 201 35 3
201 221 35 3
221 212 35 5
212 160 35 4
160 88 35 4
88 200 35 3
200 131 35 5
131 213 35 3
213 260 35 4
260 0 35 0
36 12
0 66 36 3
66 287 36 5
287 229 36 5
229 225 36 4
225 283 36 4
283 248 36 4
248 38 36 3
38 291 36 5
291 258 36 4
258 118 36 3
118 261 36 5
261 0 36 0
37 12
0 268 37 4
268 179 37 5
179 110 37 3
110 67 37 5
67 63 37 4
63 299 37 3
299 286 37 5
286 208 37 5
208 220 37 5
220 213 37 5
213 136 37 3
136 0 37 0
38 10
0 2 38 4
2 163 38 4
163 48 38 5
48 248 38 5
248 205 38 4
205 232 38 4
232 235 38 4
235 230 38 5
230 51 38 4
51 0 38 0
39 5
0 202 39 5
202 204 39 5
204 108 39 5
108 250 39 5
250 0 39 0
