# Solution for ../instances-HHCRSP/InstanzCPLEX_HCSRP_75_7.txt
# Cost = 604.74 Dist = 1809.59 Tard = 2.31321 TMax = 2.31321
# <vehicle> <route length>
# <origin node> <dest node> <vehicle> <service type>
0 5
0 50 0 0
50 64 0 0
64 39 0 0
39 13 0 0
13 0 0 0
1 15
0 65 1 1
65 24 1 1
24 11 1 0
11 38 1 0
38 2 1 2
2 42 1 2
42 51 1 0
51 68 1 1
68 40 1 2
40 70 1 1
70 14 1 1
14 46 1 1
46 26 1 2
26 71 1 0
71 0 1 0
2 13
0 72 2 1
72 18 2 0
18 73 2 0
73 75 2 1
75 10 2 0
10 69 2 1
69 74 2 0
74 29 2 0
29 33 2 1
33 15 2 1
15 9 2 0
9 12 2 0
12 0 2 0
3 1
0 0 3 0
4 7
0 25 4 2
25 45 4 1
45 67 4 2
67 66 4 1
66 22 4 2
22 36 4 2
36 0 4 0
5 14
0 21 5 4
21 65 5 5
65 31 5 3
31 52 5 3
52 68 5 4
68 70 5 5
70 62 5 4
62 16 5 4
16 57 5 4
57 55 5 3
55 30 5 5
30 61 5 3
61 63 5 3
63 0 5 0
6 13
0 56 6 3
56 3 6 3
3 64 6 4
64 1 6 4
1 41 6 5
41 32 6 3
32 8 6 5
8 62 6 5
62 57 6 5
57 55 6 4
55 7 6 4
7 71 6 3
71 0 6 0
7 10
0 56 7 5
56 35 7 3
35 4 7 4
4 49 7 4
49 19 7 3
19 69 7 3
69 74 7 4
74 61 7 4
61 63 7 4
63 0 7 0
8 7
0 58 8 3
58 43 8 3
43 73 8 3
73 53 8 5
53 59 8 3
59 44 8 3
44 0 8 0
9 8
0 72 9 4
72 34 9 3
34 20 9 3
20 28 9 4
28 6 9 4
6 67 9 5
67 66 9 3
66 0 9 0
10 5
0 58 10 4
58 5 10 4
5 75 10 4
75 37 10 4
37 0 10 0
11 4
0 17 11 3
17 27 11 3
27 48 11 3
48 0 11 0
12 7
0 23 12 3
23 53 12 3
53 59 12 4
59 47 12 4
47 54 12 3
54 60 12 3
60 0 12 0
13 3
0 54 13 4
54 60 13 5
60 0 13 0
14 1
0 0 14 0
