# Solution for ../instances-HHCRSP/InstanzCPLEX_HCSRP_50_4.txt
# Cost = 528.55 Dist = 1569.6 Tard = 8.74148 TMax = 7.30523
# <vehicle> <route length>
# <origin node> <dest node> <vehicle> <service type>
0 12
0 15 0 2
15 13 0 2
13 50 0 2
50 45 0 1
45 1 0 2
1 14 0 2
14 43 0 2
43 12 0 2
12 34 0 2
34 17 0 1
17 11 0 2
11 0 0 0
1 8
0 49 1 0
49 20 1 0
20 7 1 1
7 47 1 0
47 24 1 1
24 25 1 1
25 10 1 1
10 0 1 0
2 8
0 48 2 0
48 33 2 0
33 16 2 0
16 46 2 0
46 44 2 0
44 18 2 0
18 9 2 0
9 0 2 0
3 2
0 40 3 5
40 0 3 0
4 9
0 49 4 3
49 32 4 3
32 23 4 4
23 50 4 4
50 45 4 4
45 41 4 5
41 3 4 3
3 35 4 3
35 0 4 0
5 9
0 42 5 3
42 38 5 4
38 48 5 3
48 39 5 4
39 46 5 3
46 43 5 4
43 5 5 3
5 8 5 4
8 0 5 0
6 12
0 42 6 4
42 38 6 5
38 30 6 5
30 39 6 5
39 44 6 4
44 19 6 4
19 29 6 5
29 21 6 5
21 37 6 3
37 36 6 3
36 26 6 3
26 0 6 0
7 4
0 6 7 3
6 31 7 4
31 41 7 3
41 0 7 0
8 10
0 40 8 4
40 28 8 3
28 27 8 3
27 47 8 4
47 2 8 4
2 22 8 5
22 4 8 4
4 37 8 4
37 36 8 5
36 0 8 0
9 1
0 0 9 0
