# Solution for ../instances-HHCRSP/InstanzVNS_HCSRP_300_4.txt
# Cost = 1581.84 Dist = 4727.06 Tard = 13.1047 TMax = 5.35469
# <vehicle> <route length>
# <origin node> <dest node> <vehicle> <service type>
0 10
0 163 0 1
163 270 0 1
270 55 0 1
55 279 0 0
279 139 0 1
139 40 0 1
40 267 0 1
267 272 0 1
272 292 0 0
292 0 0 0
1 12
0 285 1 0
285 69 1 0
69 186 1 0
186 39 1 0
39 263 1 0
263 50 1 0
50 280 1 0
280 162 1 0
162 44 1 0
44 18 1 0
18 296 1 0
296 0 1 0
2 13
0 7 2 1
7 298 2 0
298 54 2 0
54 173 2 1
173 253 2 1
253 295 2 0
295 181 2 0
181 165 2 0
165 294 2 0
294 99 2 1
99 111 2 1
111 276 2 1
276 0 2 0
3 14
0 183 3 2
183 251 3 2
251 191 3 1
191 262 3 0
262 290 3 0
290 277 3 2
277 288 3 0
288 87 3 2
87 258 3 2
258 34 3 2
34 17 3 1
17 167 3 1
167 95 3 1
95 0 3 0
4 13
0 283 4 2
283 15 4 2
15 33 4 0
33 122 4 2
122 284 4 2
284 149 4 0
149 16 4 0
16 63 4 0
63 185 4 2
185 98 4 2
98 120 4 0
120 112 4 2
112 0 4 0
5 13
0 77 5 1
77 144 5 2
144 92 5 1
92 257 5 2
257 155 5 1
155 166 5 2
166 84 5 2
84 86 5 2
86 137 5 1
137 255 5 2
255 148 5 2
148 286 5 1
286 0 5 0
6 16
0 261 6 2
261 259 6 1
259 128 6 2
128 1 6 2
1 281 6 2
281 297 6 2
297 260 6 0
260 62 6 0
62 41 6 0
41 192 6 1
192 256 6 1
256 64 6 0
64 299 6 2
299 142 6 1
142 11 6 2
11 0 6 0
7 3
0 275 7 2
275 113 7 2
113 0 7 0
8 13
0 90 8 1
90 71 8 1
71 13 8 2
13 289 8 2
289 174 8 1
174 197 8 2
197 88 8 2
88 269 8 1
269 72 8 2
72 89 8 2
89 81 8 1
81 195 8 2
195 0 8 0
9 1
0 0 9 0
10 17
0 160 10 1
160 51 10 2
51 106 10 2
106 287 10 2
287 278 10 1
278 264 10 2
264 158 10 2
158 271 10 2
271 254 10 1
254 12 10 2
12 25 10 1
25 176 10 2
176 135 10 1
135 76 10 2
76 282 10 2
282 36 10 1
36 0 10 0
11 5
0 157 11 0
157 293 11 0
293 127 11 0
127 102 11 0
102 0 11 0
12 14
0 300 12 0
300 273 12 2
273 266 12 0
266 105 12 0
105 123 12 2
123 20 12 0
20 125 12 2
125 121 12 0
121 56 12 2
56 85 12 0
85 178 12 0
178 291 12 0
291 265 12 0
265 0 12 0
13 17
0 170 13 0
170 47 13 2
47 152 13 2
152 168 13 1
168 14 13 2
14 94 13 1
94 108 13 0
108 184 13 2
184 24 13 1
24 268 13 1
268 132 13 1
132 146 13 1
146 252 13 1
252 140 13 1
140 100 13 0
100 65 13 1
65 0 13 0
14 3
0 130 14 0
130 9 14 0
9 0 14 0
15 1
0 0 15 0
16 5
0 274 16 1
274 10 16 1
10 109 16 1
109 193 16 1
193 0 16 0
17 1
0 0 17 0
18 18
0 231 18 4
231 285 18 3
285 202 18 4
202 204 18 3
204 246 18 4
246 131 18 4
131 245 18 3
245 201 18 4
201 241 18 3
241 232 18 4
232 187 18 3
187 19 18 4
19 205 18 4
205 255 18 5
255 286 18 3
286 224 18 3
224 182 18 3
182 0 18 0
19 13
0 231 19 5
231 202 19 5
202 204 19 5
204 246 19 5
246 245 19 5
245 201 19 5
201 241 19 4
241 232 19 5
232 80 19 5
80 234 19 4
234 29 19 5
29 224 19 5
224 0 19 0
20 18
0 238 20 3
238 226 20 3
226 23 20 4
23 212 20 3
212 259 20 5
259 239 20 3
239 243 20 3
243 281 20 5
281 297 20 5
297 260 20 4
260 237 20 4
237 235 20 4
235 223 20 3
223 240 20 3
240 3 20 3
3 276 20 3
276 225 20 3
225 0 20 0
21 13
0 238 21 5
238 226 21 5
226 212 21 4
212 239 21 5
239 243 21 4
243 237 21 5
237 235 21 5
235 223 21 5
223 240 21 5
240 256 21 5
256 208 21 4
208 236 21 4
236 0 21 0
22 12
0 270 22 5
270 66 22 3
66 74 22 5
74 214 22 3
214 117 22 3
117 169 22 5
169 220 22 3
220 218 22 4
218 222 22 4
222 291 22 5
291 57 22 4
57 0 22 0
23 14
0 283 23 5
283 59 23 4
59 30 23 5
30 48 23 5
48 38 23 5
38 284 23 5
284 43 23 5
43 188 23 4
188 153 23 4
153 5 23 3
5 280 23 5
280 205 23 5
205 252 23 4
252 0 23 0
24 15
0 203 24 4
203 251 24 5
251 261 24 4
261 279 24 3
279 83 24 5
83 60 24 4
60 262 24 5
262 68 24 3
68 216 24 4
216 217 24 3
217 219 24 4
219 199 24 5
199 282 24 3
282 67 24 3
67 0 24 0
25 17
0 203 25 5
203 248 25 4
248 213 25 3
213 6 25 3
6 164 25 3
164 126 25 4
126 227 25 3
227 264 25 4
264 271 25 3
271 254 25 5
254 216 25 5
216 217 25 5
217 219 25 5
219 250 25 3
250 265 25 4
265 136 25 3
136 0 25 0
26 17
0 215 26 3
215 161 26 5
161 228 26 3
228 244 26 3
244 194 26 4
194 119 26 3
119 114 26 5
114 198 26 4
198 290 26 5
290 277 26 5
277 171 26 4
171 73 26 3
73 249 26 3
249 220 26 5
220 218 26 5
218 222 26 5
222 0 26 0
27 12
0 215 27 4
215 228 27 5
228 244 27 4
244 190 27 3
190 177 27 4
177 31 27 4
31 196 27 5
196 134 27 3
134 249 27 5
249 294 27 4
294 93 27 4
93 0 27 0
28 12
0 28 28 3
28 103 28 4
103 209 28 3
209 147 28 5
147 211 28 4
211 288 28 3
288 258 28 3
258 150 28 4
150 35 28 3
35 118 28 3
118 225 28 5
225 0 28 0
29 14
0 248 29 5
248 213 29 5
213 116 29 3
116 287 29 3
287 278 29 3
278 227 29 4
227 210 29 3
210 175 29 4
175 70 29 5
70 124 29 5
124 22 29 5
22 4 29 4
4 2 29 4
2 0 29 0
30 14
0 206 30 3
206 230 30 3
230 32 30 3
32 49 30 4
49 289 30 3
289 143 30 5
143 269 30 4
269 156 30 3
156 78 30 3
78 110 30 5
110 250 30 4
250 159 30 3
159 129 30 5
129 0 30 0
31 15
0 206 31 5
206 230 31 5
230 300 31 3
300 273 31 4
273 266 31 5
266 179 31 3
179 45 31 3
45 214 31 4
214 61 31 4
61 96 31 3
96 104 31 4
104 299 31 3
299 208 31 5
208 236 31 3
236 0 31 0
32 9
0 275 32 5
275 58 32 3
58 263 32 5
263 257 32 3
257 180 32 3
180 133 32 3
133 268 32 5
268 154 32 3
154 0 32 0
33 9
0 97 33 4
97 52 33 5
52 42 33 4
42 82 33 3
82 46 33 4
46 21 33 5
21 53 33 5
53 207 33 3
207 0 33 0
34 6
0 242 34 3
242 293 34 5
293 274 34 5
274 233 34 5
233 75 34 3
75 0 34 0
35 8
0 242 35 4
242 107 35 3
107 267 35 3
267 272 35 4
272 229 35 4
229 221 35 4
221 292 35 4
292 0 35 0
36 6
0 145 36 4
145 209 36 4
209 211 36 5
211 229 36 5
229 221 36 5
221 0 36 0
37 12
0 27 37 3
27 115 37 4
115 189 37 5
189 298 37 3
298 210 37 5
210 37 37 4
37 79 37 4
79 8 37 4
8 296 37 4
296 138 37 4
138 207 37 5
207 0 37 0
38 7
0 247 38 3
247 101 38 4
101 233 38 4
233 172 38 3
172 234 38 3
234 141 38 4
141 0 38 0
39 8
0 247 39 4
247 151 39 5
151 253 39 3
253 295 39 5
295 91 39 5
91 26 39 3
26 200 39 4
200 0 39 0
