# Solution for ../instances-HHCRSP/InstanzVNS_HCSRP_300_4.txt
# Cost = 1589.33 Dist = 4758.62 Tard = 6.36887 TMax = 3.01428
# <vehicle> <route length>
# <origin node> <dest node> <vehicle> <service type>
0 9
0 170 0 0
170 160 0 1
160 298 0 0
298 108 0 0
108 24 0 1
24 268 0 1
268 296 0 0
296 65 0 1
65 0 0 0
1 9
0 300 1 0
300 266 1 0
266 105 1 0
105 20 1 0
20 121 1 0
121 85 1 0
85 178 1 0
178 291 1 0
291 0 1 0
2 11
0 7 2 1
7 173 2 1
173 54 2 0
54 253 2 1
253 295 2 0
295 181 2 0
181 81 2 1
81 17 2 1
17 167 2 1
167 95 2 1
95 0 2 0
3 14
0 287 3 2
287 71 3 1
71 13 3 2
13 278 3 1
278 264 3 2
264 158 3 2
158 271 3 2
271 254 3 1
254 12 3 2
12 25 3 1
25 135 3 1
135 265 3 0
265 36 3 1
36 0 3 0
4 11
0 144 4 2
144 275 4 2
275 39 4 0
39 69 4 0
69 285 4 0
285 186 4 0
186 44 4 0
44 113 4 2
113 100 4 0
100 18 4 0
18 0 4 0
5 18
0 261 5 2
261 259 5 1
259 251 5 2
251 163 5 1
163 197 5 2
197 88 5 2
88 128 5 2
128 1 5 2
1 281 5 2
281 297 5 2
297 299 5 2
299 192 5 1
192 256 5 1
256 276 5 1
276 142 5 1
142 11 5 2
11 111 5 1
111 0 5 0
6 14
0 283 6 2
283 77 6 1
77 92 6 1
92 50 6 0
50 263 6 0
263 257 6 2
257 84 6 2
84 280 6 0
280 140 6 1
140 162 6 0
162 252 6 1
252 137 6 1
137 286 6 1
286 0 6 0
7 6
0 106 7 2
106 176 7 2
176 184 7 2
184 76 7 2
76 282 7 2
282 0 7 0
8 11
0 166 8 2
166 51 8 2
51 47 8 2
47 152 8 2
152 168 8 1
168 14 8 2
14 94 8 1
94 155 8 1
155 132 8 1
132 146 8 1
146 0 8 0
9 2
0 195 9 2
195 0 9 0
10 12
0 90 10 1
90 270 10 1
270 273 10 2
273 289 10 2
289 174 10 1
174 123 10 2
123 269 10 1
269 72 10 2
72 125 10 2
125 56 10 2
56 89 10 2
89 0 10 0
11 7
0 279 11 0
279 262 11 0
262 260 11 0
260 62 11 0
62 41 11 0
41 64 11 0
64 0 11 0
12 12
0 157 12 0
157 33 12 0
33 122 12 2
122 284 12 2
284 149 12 0
149 16 12 0
16 148 12 2
148 255 12 2
255 102 12 0
102 63 12 0
63 86 12 2
86 0 12 0
13 16
0 40 13 1
40 139 13 1
139 55 13 1
55 183 13 2
183 191 13 1
191 290 13 0
290 277 13 2
277 288 13 0
288 87 13 2
87 99 13 1
99 165 13 0
165 294 13 0
294 34 13 2
34 258 13 2
258 292 13 0
292 0 13 0
14 4
0 293 14 0
293 127 14 0
127 120 14 0
120 0 14 0
15 5
0 15 15 2
15 185 15 2
185 98 15 2
98 112 15 2
112 0 15 0
16 7
0 272 16 1
272 267 16 1
267 274 16 1
274 10 16 1
10 109 16 1
109 193 16 1
193 0 16 0
17 3
0 130 17 0
130 9 17 0
9 0 17 0
18 18
0 74 18 5
74 66 18 3
66 261 18 4
261 259 18 5
259 212 18 3
212 226 18 3
226 60 18 4
60 239 18 3
239 243 18 3
243 237 18 4
237 260 18 4
260 96 18 3
96 235 18 4
235 61 18 4
61 218 18 4
218 222 18 4
222 291 18 5
291 0 18 0
19 14
0 97 19 4
97 231 19 4
231 202 19 4
202 246 19 4
246 131 19 4
131 245 19 5
245 153 19 4
153 201 19 4
201 241 19 4
241 19 19 4
19 205 19 4
205 280 19 5
280 252 19 4
252 0 19 0
20 14
0 287 20 3
287 278 20 3
278 227 20 3
227 210 20 3
210 216 20 4
216 217 20 3
217 219 20 4
219 199 20 5
199 70 20 5
70 124 20 5
124 22 20 5
22 4 20 4
4 2 20 4
2 0 20 0
21 14
0 251 21 5
251 212 21 4
212 226 21 5
226 262 21 5
262 196 21 5
196 290 21 5
290 277 21 5
277 225 21 5
225 240 21 5
240 223 21 5
223 256 21 5
256 236 21 4
236 208 21 4
208 0 21 0
22 12
0 103 22 4
103 116 22 3
116 6 22 3
6 126 22 4
126 164 22 3
164 175 22 4
175 298 22 3
298 189 22 5
189 115 22 4
115 151 22 5
151 247 22 3
247 0 22 0
23 8
0 28 23 3
28 253 23 3
253 295 23 5
295 93 23 4
93 91 23 5
91 26 23 3
26 200 23 4
200 0 23 0
24 16
0 215 24 3
215 283 24 5
283 48 24 5
48 59 24 4
59 30 24 5
30 245 24 3
245 201 24 5
201 241 24 3
241 232 24 4
232 187 24 3
187 205 24 5
205 5 24 3
5 29 24 5
29 224 24 3
224 182 24 3
182 0 24 0
25 18
0 215 25 4
215 161 25 5
161 228 25 3
228 244 25 3
244 198 25 4
198 177 25 4
177 279 25 3
279 31 25 4
31 134 25 3
134 209 25 4
209 147 25 5
147 211 25 4
211 288 25 3
288 150 25 4
150 35 25 3
35 118 25 3
118 258 25 3
258 0 25 0
26 16
0 231 26 5
231 202 26 5
202 58 26 3
58 275 26 5
275 246 26 5
246 204 26 3
204 257 26 3
257 180 26 3
180 268 26 5
268 133 26 3
133 154 26 3
154 8 26 4
8 296 26 4
296 138 26 4
138 207 26 3
207 0 26 0
27 17
0 206 27 3
206 230 27 3
230 300 27 3
300 266 27 5
266 273 27 4
273 179 27 3
179 45 27 3
45 143 27 5
143 156 27 3
156 269 27 4
269 129 27 5
129 78 27 3
78 110 27 5
110 159 27 3
159 265 27 4
265 136 27 3
136 0 27 0
28 18
0 206 28 5
206 230 28 5
230 270 28 5
270 49 28 4
49 289 28 3
289 238 28 3
238 214 28 3
214 83 28 5
83 171 28 4
171 119 28 3
119 225 28 3
225 3 28 3
3 240 28 3
240 223 28 3
223 276 28 3
276 236 28 3
236 208 28 5
208 0 28 0
29 18
0 145 29 4
145 228 29 5
228 244 29 4
244 190 29 3
190 114 29 5
114 194 29 4
194 239 29 5
239 243 29 4
243 237 29 5
237 281 29 5
281 297 29 5
297 299 29 3
299 104 29 4
104 235 29 5
235 169 29 5
169 218 29 5
218 222 29 5
222 0 29 0
30 11
0 52 30 5
52 42 30 4
42 82 30 3
82 285 30 3
285 263 30 5
263 204 30 5
204 46 30 4
46 21 30 5
21 53 30 5
53 207 30 5
207 0 30 0
31 10
0 248 31 4
248 213 31 3
213 264 31 4
264 227 31 4
227 210 31 5
210 67 31 3
67 37 31 4
37 79 31 4
79 282 31 3
282 0 31 0
32 12
0 248 32 5
248 213 32 5
213 271 32 3
271 254 32 5
254 216 32 5
216 217 32 5
217 219 32 5
219 68 32 3
68 220 32 3
220 249 32 3
249 250 32 3
250 0 32 0
33 8
0 38 33 5
38 284 33 5
284 43 33 5
43 255 33 5
255 188 33 4
188 224 33 5
224 286 33 3
286 0 33 0
34 6
0 203 34 5
203 209 34 3
209 211 34 5
211 229 34 5
229 221 34 5
221 0 34 0
35 13
0 203 35 4
203 23 35 4
23 32 35 3
32 238 35 5
238 214 35 4
214 117 35 3
117 73 35 3
73 220 35 5
220 249 35 5
249 294 35 4
294 57 35 4
57 250 35 4
250 0 35 0
36 9
0 27 36 3
27 101 36 4
101 80 36 5
80 232 36 5
232 233 36 4
233 172 36 3
172 234 36 3
234 141 36 4
141 0 36 0
37 8
0 242 37 3
242 107 37 3
107 272 37 4
272 267 37 3
267 229 37 4
229 221 37 4
221 292 37 4
292 0 37 0
38 7
0 242 38 4
242 293 38 5
293 274 38 5
274 75 38 3
75 233 38 5
233 234 38 4
234 0 38 0
39 2
0 247 39 4
247 0 39 0
