# Solution for ../instances-HHCRSP/InstanzVNS_HCSRP_100_1.txt
# Cost = 1338.18 Dist = 2759.88 Tard = 1030.78 TMax = 223.883
# <vehicle> <route length>
# <origin node> <dest node> <vehicle> <service type>
0 17
0 47 0 0
47 33 0 0
33 86 0 0
86 94 0 0
94 15 0 0
15 48 0 0
48 100 0 0
100 90 0 0
90 66 0 0
66 61 0 0
61 18 0 0
18 38 0 0
38 92 0 0
92 19 0 0
19 46 0 0
46 55 0 0
55 0 0 0
1 15
0 42 1 2
42 31 1 1
31 43 1 1
43 98 1 2
98 17 1 2
17 56 1 1
56 41 1 1
41 3 1 1
3 93 1 1
93 96 1 1
96 59 1 2
59 25 1 2
25 57 1 2
57 7 1 2
7 0 1 0
2 10
0 12 2 1
12 91 2 2
91 62 2 1
62 60 2 2
60 97 2 1
97 30 2 2
30 99 2 2
99 11 2 1
11 53 2 2
53 0 2 0
3 3
0 88 3 2
88 21 3 2
21 0 3 0
4 8
0 95 4 2
95 70 4 2
70 5 4 2
5 22 4 2
22 87 4 2
87 67 4 2
67 89 4 2
89 0 4 0
5 3
0 13 5 1
13 58 5 1
58 0 5 0
6 2
0 40 6 2
40 0 6 0
7 13
0 49 7 4
49 86 7 4
86 27 7 4
27 6 7 4
6 94 7 4
94 16 7 4
16 79 7 3
79 71 7 3
71 97 7 4
97 39 7 3
39 99 7 5
99 29 7 3
29 0 7 0
8 13
0 8 8 4
8 83 8 4
83 98 8 4
98 84 8 4
84 85 8 4
85 26 8 5
26 73 8 5
73 74 8 5
74 32 8 4
32 89 8 4
89 75 8 5
75 51 8 4
51 0 8 0
9 6
0 83 9 5
83 95 9 4
95 82 9 4
82 87 9 5
87 92 9 4
92 0 9 0
10 5
0 34 10 4
34 78 10 3
78 90 10 4
90 44 10 3
44 0 10 0
11 10
0 10 11 4
10 78 11 5
78 88 11 3
88 68 11 4
68 2 11 4
2 35 11 5
35 1 11 3
1 80 11 3
80 72 11 5
72 0 11 0
12 11
0 81 12 3
81 14 12 3
14 37 12 3
37 20 12 5
20 100 12 3
100 77 12 5
77 76 12 3
76 93 12 5
93 96 12 4
96 28 12 5
28 0 12 0
13 12
0 81 13 4
81 91 13 3
91 65 13 4
65 23 13 4
23 63 13 4
63 79 13 4
79 77 13 4
77 76 13 4
76 64 13 3
64 80 13 4
80 72 13 3
72 0 13 0
14 9
0 52 14 3
52 84 14 5
84 85 14 3
85 82 14 3
82 4 14 3
4 73 14 3
73 74 14 3
74 75 14 3
75 0 14 0
15 8
0 50 15 5
50 24 15 5
24 54 15 3
54 45 15 3
45 71 15 4
71 36 15 3
36 69 15 5
69 0 15 0
16 1
0 0 16 0
17 1
0 0 17 0
18 2
0 9 18 4
9 0 18 0
19 1
0 0 19 0
