# Solution for ../instances-HHCRSP/InstanzVNS_HCSRP_300_3.txt
# Cost = 1561.66 Dist = 4651.53 Tard = 26.3688 TMax = 7.08608
# <vehicle> <route length>
# <origin node> <dest node> <vehicle> <service type>
0 11
0 107 0 1
107 265 0 1
265 165 0 1
165 264 0 1
264 41 0 1
41 63 0 1
63 188 0 0
188 68 0 0
68 163 0 1
163 185 0 1
185 0 0 0
1 14
0 114 1 0
114 298 1 0
298 125 1 1
125 122 1 0
122 284 1 1
284 108 1 1
108 191 1 1
191 178 1 0
178 121 1 0
121 128 1 0
128 289 1 1
289 17 1 0
17 60 1 0
60 0 1 0
2 7
0 293 2 2
293 254 2 2
254 299 2 2
299 79 2 2
79 172 2 2
172 72 2 2
72 0 2 0
3 10
0 181 3 1
181 288 3 1
288 251 3 1
251 184 3 1
184 10 3 1
10 142 3 1
142 133 3 1
133 38 3 0
38 258 3 1
258 0 3 0
4 10
0 20 4 1
20 26 4 1
26 111 4 1
111 90 4 1
90 4 4 1
4 62 4 1
62 266 4 1
266 157 4 1
157 279 4 1
279 0 4 0
5 17
0 271 5 2
271 80 5 1
80 252 5 0
252 168 5 2
168 286 5 0
286 257 5 0
257 6 5 0
6 287 5 0
287 47 5 2
47 45 5 2
45 130 5 2
130 123 5 1
123 5 5 0
5 67 5 1
67 137 5 0
137 270 5 0
270 0 5 0
6 8
0 260 6 0
260 281 6 0
281 285 6 1
285 169 6 1
169 161 6 0
161 34 6 0
34 3 6 0
3 0 6 0
7 15
0 195 7 2
195 280 7 2
280 262 7 2
262 50 7 2
50 143 7 2
143 59 7 0
59 117 7 0
117 22 7 0
22 253 7 0
253 282 7 2
282 277 7 2
277 272 7 0
272 139 7 0
139 76 7 2
76 0 7 0
8 5
0 147 8 1
147 21 8 1
21 255 8 1
255 199 8 1
199 0 8 0
9 7
0 259 9 0
259 296 9 0
296 91 9 0
91 291 9 0
291 97 9 0
97 135 9 0
135 0 9 0
10 17
0 35 10 2
35 9 10 1
9 33 10 0
33 40 10 1
40 171 10 2
171 177 10 2
177 190 10 0
190 151 10 1
151 112 10 2
112 149 10 1
149 43 10 2
43 155 10 0
155 87 10 2
87 126 10 0
126 54 10 1
54 292 10 2
292 0 10 0
11 11
0 124 11 2
124 156 11 2
156 294 11 2
294 88 11 2
88 89 11 2
89 162 11 2
162 300 11 2
300 140 11 2
140 138 11 2
138 276 11 2
276 0 11 0
12 16
0 290 12 2
290 2 12 2
2 61 12 2
61 179 12 0
179 1 12 2
1 268 12 2
268 154 12 2
154 69 12 2
69 278 12 0
278 189 12 2
189 275 12 0
275 193 12 0
193 136 12 2
136 263 12 2
263 256 12 0
256 0 12 0
13 3
0 23 13 1
23 65 13 1
65 0 13 0
14 7
0 274 14 2
274 164 14 1
164 273 14 1
273 31 14 2
31 269 14 1
269 86 14 2
86 0 14 0
15 3
0 29 15 2
29 103 15 2
103 0 15 0
16 8
0 261 16 0
261 166 16 0
166 297 16 2
297 64 16 2
64 118 16 2
118 283 16 0
283 159 16 0
159 0 16 0
17 3
0 295 17 1
295 267 17 1
267 0 17 0
18 10
0 222 18 5
222 116 18 3
116 28 18 5
28 294 18 3
294 212 18 3
212 227 18 3
227 244 18 5
244 258 18 5
258 225 18 3
225 0 18 0
19 10
0 222 19 4
222 288 19 5
288 251 19 3
251 186 19 4
186 268 19 3
268 46 19 4
46 243 19 3
243 263 19 4
263 256 19 4
256 0 19 0
20 19
0 232 20 3
232 298 20 4
298 102 20 4
102 229 20 4
229 71 20 5
71 7 20 3
7 197 20 3
197 109 20 3
109 284 20 3
284 237 20 4
237 202 20 4
202 194 20 5
194 18 20 3
18 233 20 4
233 211 20 4
211 234 20 4
234 201 20 4
201 279 20 3
279 0 20 0
21 16
0 232 21 4
232 229 21 5
229 221 21 3
221 145 21 5
145 238 21 4
238 246 21 4
246 175 21 3
175 183 21 4
183 82 21 5
82 51 21 3
51 57 21 3
57 52 21 3
52 289 21 4
289 204 21 3
204 66 21 3
66 0 21 0
22 10
0 219 22 4
219 100 22 4
100 115 22 3
115 261 22 4
261 209 22 3
209 239 22 3
239 235 22 4
235 144 22 4
144 245 22 3
245 0 22 0
23 15
0 293 23 5
293 248 23 4
248 265 23 3
265 213 23 3
213 254 23 5
254 299 23 5
299 291 23 5
291 95 23 5
95 300 23 5
300 53 23 3
53 48 23 5
48 39 23 3
39 220 23 3
220 203 23 3
203 0 23 0
24 12
0 219 24 5
219 42 24 5
42 24 24 5
24 83 24 4
83 49 24 4
49 230 24 4
230 92 24 4
92 187 24 3
187 243 24 5
243 231 24 4
231 207 24 4
207 0 24 0
25 11
0 248 25 5
248 213 25 5
213 206 25 3
206 236 25 4
236 180 25 4
180 240 25 3
240 25 25 4
25 37 25 3
37 220 25 4
220 203 25 4
203 0 25 0
26 11
0 70 26 5
70 271 26 5
271 215 26 5
215 96 26 5
96 196 26 5
196 240 26 5
240 217 26 5
217 255 26 5
255 106 26 5
106 224 26 5
224 0 26 0
27 16
0 198 27 3
198 176 27 4
176 132 27 4
132 55 27 3
55 74 27 3
74 98 27 5
98 216 27 3
216 223 27 3
223 182 27 4
182 8 27 4
8 160 27 5
160 266 27 3
266 19 27 4
19 99 27 3
99 234 27 5
234 0 27 0
28 11
0 260 28 5
260 27 28 5
27 113 28 4
113 281 28 4
281 129 28 5
129 285 28 3
285 230 28 5
230 278 28 3
278 275 28 3
275 30 28 5
30 0 28 0
29 12
0 208 29 5
208 241 29 5
241 296 29 5
296 206 29 5
206 236 29 3
236 148 29 3
148 276 29 5
276 77 29 5
77 81 29 5
81 231 29 5
231 207 29 3
207 0 29 0
30 15
0 215 30 4
215 252 30 4
252 280 30 4
280 286 30 3
286 257 30 3
257 274 30 3
274 192 30 4
192 153 30 3
153 249 30 3
249 273 30 4
273 32 30 5
32 269 30 4
269 104 30 5
104 167 30 4
167 0 30 0
31 16
0 208 31 4
208 241 31 4
241 152 31 4
152 264 31 4
264 127 31 4
127 242 31 4
242 218 31 5
218 253 31 5
253 249 31 5
249 210 31 5
210 214 31 5
214 58 31 4
58 283 31 5
283 101 31 5
101 228 31 4
228 0 31 0
32 13
0 205 32 3
205 262 32 3
262 146 32 5
146 250 32 3
250 247 32 5
247 238 32 5
238 246 32 5
246 237 32 3
237 202 32 5
202 233 32 5
233 211 32 3
211 201 32 5
201 0 32 0
33 15
0 205 33 4
205 44 33 4
44 221 33 4
221 250 33 5
250 247 33 4
247 84 33 3
84 287 33 4
287 75 33 4
75 119 33 3
119 173 33 4
173 270 33 3
270 204 33 5
204 134 33 4
134 141 33 5
141 0 33 0
34 15
0 36 34 3
36 226 34 3
226 158 34 3
158 13 34 5
13 93 34 5
93 239 34 5
239 56 34 4
56 14 34 4
14 210 34 3
210 214 34 3
214 297 34 5
297 295 34 4
295 267 34 4
267 224 34 3
224 0 34 0
35 4
0 259 35 4
259 217 35 4
217 245 35 4
245 0 35 0
36 13
0 226 36 5
226 110 36 5
110 216 36 5
216 223 36 5
223 174 36 3
174 131 36 4
131 12 36 4
12 94 36 4
94 78 36 5
78 292 36 5
292 170 36 4
170 11 36 3
11 0 36 0
37 10
0 15 37 3
15 242 37 3
242 218 37 3
218 282 37 5
282 85 37 4
85 277 37 3
277 272 37 5
272 120 37 5
120 228 37 3
228 0 37 0
38 4
0 209 38 5
209 235 38 5
235 150 38 5
150 0 38 0
39 10
0 290 39 3
290 16 39 4
16 105 39 5
105 212 39 4
212 73 39 4
73 227 39 4
227 244 39 4
244 200 39 4
200 225 39 4
225 0 39 0
